instance_id,request_id,node_order,demand_kg,dataset_version
INS_A9CA499BC8FF,REQ_C5871E25A270,0,150.0,v0.1
INS_A9CA499BC8FF,REQ_C7EC93D31735,1,600.0,v0.1
INS_A9CA499BC8FF,REQ_B5AFDE3088A9,2,150.0,v0.1
INS_E8979E020185,REQ_A7BC46973A10,0,15700.0,v0.1
INS_E8979E020185,REQ_8F717200F89D,1,11430.0,v0.1
INS_E8979E020185,REQ_CBE58178588E,2,10570.0,v0.1
INS_E8979E020185,REQ_57FD9283ECDD,3,13890.0,v0.1
INS_E8979E020185,REQ_7CF9F5A90A05,4,14280.0,v0.1
INS_E8979E020185,REQ_D6A702805405,5,13950.0,v0.1
INS_813A617DE2A0,REQ_4ACED8586FC2,0,600.0,v0.1
INS_813A617DE2A0,REQ_50160CC1FD08,1,490.00000000000006,v0.1
INS_813A617DE2A0,REQ_169449095CD6,2,350.0,v0.1
INS_813A617DE2A0,REQ_6CD8AE65B5BC,3,2030.0,v0.1
INS_813A617DE2A0,REQ_16E839822ACE,4,1710.0000000000002,v0.1
INS_813A617DE2A0,REQ_724A01E786D8,5,630.0,v0.1
INS_813A617DE2A0,REQ_0E282533281A,6,1839.9999999999998,v0.1
INS_6FA7181B8A48,REQ_33A75344AE55,0,660.0,v0.1
INS_6FA7181B8A48,REQ_3F7CDA86C343,1,860.0,v0.1
INS_6FA7181B8A48,REQ_61E739E5B114,2,580.0,v0.1
INS_6FA7181B8A48,REQ_D41C70A8CCAF,3,1580.0,v0.1
INS_6FA7181B8A48,REQ_350EEB34E966,4,900.0,v0.1
INS_6FA7181B8A48,REQ_EB7BDD03B9C5,5,1200.0,v0.1
INS_9D106710EE96,REQ_1835BC14A0F6,0,770.0,v0.1
INS_9D106710EE96,REQ_F4B3C7F1DB71,1,530.0,v0.1
INS_9D106710EE96,REQ_41D814260124,2,730.0,v0.1
INS_9D106710EE96,REQ_645EFBFD4663,3,880.0,v0.1
INS_0F9F0C4ACF56,REQ_A00821A56185,0,950.0,v0.1
INS_0F9F0C4ACF56,REQ_50160CC1FD08,1,490.00000000000006,v0.1
INS_0F9F0C4ACF56,REQ_93F25571AFA3,2,740.0,v0.1
INS_0F9F0C4ACF56,REQ_39276FD15E22,3,1450.0,v0.1
INS_39D0065A0A3D,REQ_B2AA073BD018,0,850.0,v0.1
INS_39D0065A0A3D,REQ_4B67746260EB,1,250.0,v0.1
INS_39D0065A0A3D,REQ_C217251DA0E1,2,200.0,v0.1
INS_39D0065A0A3D,REQ_DB482BF3EF0C,3,250.0,v0.1
INS_39D0065A0A3D,REQ_7DABF8D2CC0E,4,1100.0,v0.1
INS_9BA60A1FF703,REQ_6762C0A07231,0,640.0,v0.1
INS_9BA60A1FF703,REQ_084BE72395DE,1,1180.0,v0.1
INS_9BA60A1FF703,REQ_8D4D3DA7B39E,2,1070.0,v0.1
INS_B48DF32AA3EC,REQ_193BBCD5020A,0,900.0,v0.1
INS_B48DF32AA3EC,REQ_3936EFF04C82,1,1050.0,v0.1
INS_B48DF32AA3EC,REQ_81F23D82B47F,2,260.0,v0.1
INS_B48DF32AA3EC,REQ_E9934C3FFD10,3,1300.0,v0.1
INS_636D6C64B687,REQ_FDD057568520,0,30000.0,v0.1
INS_636D6C64B687,REQ_D83381E9970B,1,30000.0,v0.1
INS_636D6C64B687,REQ_8D6E1C7C1E4E,2,30000.0,v0.1
INS_636D6C64B687,REQ_D6A702805405,3,13950.0,v0.1
INS_636D6C64B687,REQ_546A19D960B0,4,30000.0,v0.1
INS_636D6C64B687,REQ_8F717200F89D,5,11430.0,v0.1
INS_636D6C64B687,REQ_05284FE85B1C,6,25360.0,v0.1
INS_164C950581D4,REQ_C217251DA0E1,0,200.0,v0.1
INS_164C950581D4,REQ_07A4FCDDBCA7,1,490.00000000000006,v0.1
INS_164C950581D4,REQ_779FC4E8F5A3,2,250.0,v0.1
INS_164C950581D4,REQ_7DABF8D2CC0E,3,1100.0,v0.1
INS_164C950581D4,REQ_CECD65E78866,4,1360.0,v0.1
INS_AED6ABD073F4,REQ_2EBF24A75253,0,130.0,v0.1
INS_AED6ABD073F4,REQ_10863D676E59,1,150.0,v0.1
INS_AED6ABD073F4,REQ_50B854B09498,2,560.0,v0.1
INS_AED6ABD073F4,REQ_7DC86BDCBAD4,3,550.0,v0.1
INS_4BF7858AE851,REQ_70E07747DD68,0,850.0,v0.1
INS_4BF7858AE851,REQ_1EB840063AE6,1,380.0,v0.1
INS_4BF7858AE851,REQ_CDA766981EE8,2,350.0,v0.1
INS_4BF7858AE851,REQ_876160DAD0FB,3,660.0,v0.1
INS_4BF7858AE851,REQ_EF0E673969B9,4,1100.0,v0.1
INS_67FF7A60019E,REQ_A1F0A335C16F,0,250.0,v0.1
INS_67FF7A60019E,REQ_9C7A94F46CDD,1,300.0,v0.1
INS_67FF7A60019E,REQ_2EAA8B6FEFAE,2,980.0,v0.1
INS_67FF7A60019E,REQ_5FE1A6FBD00E,3,680.0,v0.1
INS_7923EA5FC020,REQ_2DE608A09823,0,1000.0,v0.1
INS_7923EA5FC020,REQ_90841A5B84FF,1,1030.0,v0.1
INS_7923EA5FC020,REQ_ED5E9F5D5D93,2,450.0,v0.1
INS_7923EA5FC020,REQ_2EAA8B6FEFAE,3,980.0,v0.1
INS_7923EA5FC020,REQ_D48EE4A053CF,4,340.0,v0.1
INS_7DC6899E2A83,REQ_DCC768237989,0,500.0,v0.1
INS_7DC6899E2A83,REQ_7B8F1E030722,1,900.0,v0.1
INS_7DC6899E2A83,REQ_2D0F5F47B50C,2,400.0,v0.1
INS_7DC6899E2A83,REQ_7EC4ECD3DB7E,3,200.0,v0.1
INS_7DC6899E2A83,REQ_35184FFE3755,4,600.0,v0.1
INS_7DC6899E2A83,REQ_4875921C28E3,5,950.0,v0.1
INS_7DC6899E2A83,REQ_3B801826FFCF,6,840.0,v0.1
INS_2CBF3FC6A3EC,REQ_2FCFF2F31B50,0,500.0,v0.1
INS_2CBF3FC6A3EC,REQ_2D0CA33CED67,1,1000.0,v0.1
INS_2CBF3FC6A3EC,REQ_F8603BCBCA65,2,860.0,v0.1
INS_180496C77FCA,REQ_3C676ABB7CC1,0,910.0,v0.1
INS_180496C77FCA,REQ_779FC4E8F5A3,1,250.0,v0.1
INS_180496C77FCA,REQ_3324AB962E64,2,1300.0,v0.1
INS_180496C77FCA,REQ_81496D90303D,3,120.0,v0.1
INS_2C4EB817A1FE,REQ_D6BB0B912F1E,0,890.0,v0.1
INS_2C4EB817A1FE,REQ_D2BF7BF2541C,1,490.0,v0.1
INS_2C4EB817A1FE,REQ_22CBD6D56B79,2,250.0,v0.1
INS_155918D87648,REQ_1B88325F3107,0,80.0,v0.1
INS_155918D87648,REQ_65A4EE8042DF,1,1210.0,v0.1
INS_155918D87648,REQ_8F6C7A311221,2,1200.0,v0.1
INS_155918D87648,REQ_25BB92F38F51,3,1450.0,v0.1
INS_155918D87648,REQ_60DCEE49F3BA,4,1150.0,v0.1
INS_155918D87648,REQ_660DF57E5C60,5,420.0,v0.1
INS_155918D87648,REQ_852CA3281893,6,1150.0,v0.1
INS_0C065BA0904D,REQ_18FACE0D81FA,0,100.0,v0.1
INS_0C065BA0904D,REQ_6D1F2DDCF1F5,1,1050.0,v0.1
INS_0C065BA0904D,REQ_688367AF0918,2,860.0,v0.1
INS_0C065BA0904D,REQ_23CA652196BF,3,1320.0,v0.1
INS_0C065BA0904D,REQ_31A3AF63C33A,4,820.0,v0.1
INS_0C065BA0904D,REQ_D4749913544E,5,240.0,v0.1
INS_0C065BA0904D,REQ_2F965B2DC1F4,6,1630.0,v0.1
INS_FFAAF2E2B426,REQ_C95DB91E4D5D,0,610.0,v0.1
INS_FFAAF2E2B426,REQ_849F59294A76,1,300.0,v0.1
INS_FFAAF2E2B426,REQ_8F5306F74BF5,2,520.0,v0.1
INS_FFAAF2E2B426,REQ_1F8F5A239503,3,1310.0,v0.1
INS_FFAAF2E2B426,REQ_ECE53CF6073E,4,869.9999999999999,v0.1
INS_046242FA6C39,REQ_270DF3E06C07,0,850.0,v0.1
INS_046242FA6C39,REQ_6D42C7FB7410,1,980.0000000000001,v0.1
INS_046242FA6C39,REQ_F25C055E7576,2,500.0,v0.1
INS_046242FA6C39,REQ_CF57EB72A081,3,540.0,v0.1
INS_046242FA6C39,REQ_2718C84A845D,4,1750.0,v0.1
INS_7DD051EBFA04,REQ_07BE782C1DCC,0,330.0,v0.1
INS_7DD051EBFA04,REQ_15C5E839D0A7,1,140.0,v0.1
INS_7DD051EBFA04,REQ_CE0488467E7E,2,300.0,v0.1
INS_7DD051EBFA04,REQ_7ADE5A8C888D,3,530.0,v0.1
INS_7DD051EBFA04,REQ_B2FE6B6D4038,4,250.0,v0.1
INS_F5E7D2A0ADDE,REQ_582DD689676B,0,400.0,v0.1
INS_F5E7D2A0ADDE,REQ_2091C2EAAED7,1,620.0,v0.1
INS_F5E7D2A0ADDE,REQ_5E57D62A3EFC,2,500.0,v0.1
INS_F5E7D2A0ADDE,REQ_F3762DC3816D,3,210.0,v0.1
INS_F5E7D2A0ADDE,REQ_4047C57721C9,4,450.0,v0.1
INS_76193FDA1C2D,REQ_ACDD5D4C1613,0,100.0,v0.1
INS_76193FDA1C2D,REQ_F4B06B7D9474,1,1160.0,v0.1
INS_76193FDA1C2D,REQ_0046E052FCC9,2,450.0,v0.1
INS_2AE256ABFCE1,REQ_7434F9FB06C7,0,630.0,v0.1
INS_2AE256ABFCE1,REQ_DF2F62F31A66,1,200.0,v0.1
INS_2AE256ABFCE1,REQ_00F0467884B8,2,200.0,v0.1
INS_2AE256ABFCE1,REQ_9B2A1891DD70,3,400.0,v0.1
INS_2AE256ABFCE1,REQ_F120BDA3DAC4,4,1280.0,v0.1
INS_2AE256ABFCE1,REQ_D3969CCFB3E6,5,800.0,v0.1
INS_2A40373C1E7B,REQ_0FEABFC20A6D,0,2130.0,v0.1
INS_2A40373C1E7B,REQ_F951C5741B0F,1,3700.0,v0.1
INS_2A40373C1E7B,REQ_266FB88C0285,2,3240.0,v0.1
INS_2A40373C1E7B,REQ_E1D2884790D8,3,2870.0,v0.1
INS_2A40373C1E7B,REQ_6A18B4EB93DE,4,4580.0,v0.1
INS_2A40373C1E7B,REQ_409862E7C973,5,3500.0,v0.1
INS_4BA6512A3239,REQ_FC4847B4FE2C,0,819.9999999999999,v0.1
INS_4BA6512A3239,REQ_12638AE76F16,1,550.0,v0.1
INS_4BA6512A3239,REQ_82F1EA5429EC,2,720.0,v0.1
INS_F3FAE11C0FD5,REQ_3018215447D7,0,680.0,v0.1
INS_F3FAE11C0FD5,REQ_F702367571A0,1,1320.0,v0.1
INS_F3FAE11C0FD5,REQ_454C6239212E,2,210.0,v0.1
INS_25A0C7F49F5A,REQ_6EF281D64758,0,90.0,v0.1
INS_25A0C7F49F5A,REQ_56BA74AD7374,1,990.0,v0.1
INS_25A0C7F49F5A,REQ_90D147896CFB,2,960.0,v0.1
INS_25A0C7F49F5A,REQ_5C2485BB33C3,3,210.0,v0.1
INS_25A0C7F49F5A,REQ_1665CDC9FA53,4,1040.0,v0.1
INS_091573267F0E,REQ_2D8D3C2E36C0,0,170.0,v0.1
INS_091573267F0E,REQ_BB22CEA56608,1,500.0,v0.1
INS_091573267F0E,REQ_3829FE192DCC,2,250.0,v0.1
INS_091573267F0E,REQ_9EB2080D1439,3,450.0,v0.1
INS_091573267F0E,REQ_8B0C91543D33,4,470.0,v0.1
INS_091573267F0E,REQ_17E99B566B63,5,280.0,v0.1
INS_AC3712F89252,REQ_080ABA34F028,0,400.0,v0.1
INS_AC3712F89252,REQ_85552A1B8620,1,220.0,v0.1
INS_AC3712F89252,REQ_FBC635A4F6FB,2,350.0,v0.1
INS_AC3712F89252,REQ_4CD7B5DF35B2,3,400.0,v0.1
INS_AC3712F89252,REQ_AB33E031B664,4,1250.0,v0.1
INS_AC3712F89252,REQ_525C7375A0E2,5,190.0,v0.1
INS_AC3712F89252,REQ_3D04A178B8F2,6,1410.0,v0.1
INS_4858B18838E8,REQ_2F6F4230D7CC,0,510.0,v0.1
INS_4858B18838E8,REQ_79423BB29D43,1,1020.0,v0.1
INS_4858B18838E8,REQ_CF8CD24F8AEC,2,900.0,v0.1
INS_018702D9CDD6,REQ_4D139D9EB4C1,0,1300.0,v0.1
INS_018702D9CDD6,REQ_2E69D4A1E624,1,1030.0,v0.1
INS_018702D9CDD6,REQ_219D7623319C,2,1040.0,v0.1
INS_018702D9CDD6,REQ_2D4C758C72D5,3,550.0,v0.1
INS_018702D9CDD6,REQ_FD2D51B857D3,4,750.0,v0.1
INS_018702D9CDD6,REQ_F0DAA9803E39,5,470.0,v0.1
INS_CDA3F7EEC3D1,REQ_5256F7DEEBB8,0,400.0,v0.1
INS_CDA3F7EEC3D1,REQ_19F0568DF538,1,100.0,v0.1
INS_CDA3F7EEC3D1,REQ_F0F24B84CD96,2,1250.0,v0.1
INS_2C33E9F347C4,REQ_FBD2D3CD84BD,0,550.0,v0.1
INS_2C33E9F347C4,REQ_59428E836BBB,1,180.0,v0.1
INS_2C33E9F347C4,REQ_D363E93C6CF4,2,550.0,v0.1
INS_2C33E9F347C4,REQ_C00AE3B8C27D,3,100.0,v0.1
INS_2C33E9F347C4,REQ_4EFF8D974B39,4,1530.0,v0.1
INS_2C33E9F347C4,REQ_296FD7AEAACB,5,1900.0,v0.1
INS_2C33E9F347C4,REQ_670FCACD5338,6,140.0,v0.1
INS_8F2E9C2BC0F1,REQ_C5E04ACEB99B,0,700.0,v0.1
INS_8F2E9C2BC0F1,REQ_067CCF1FBB7F,1,500.0,v0.1
INS_8F2E9C2BC0F1,REQ_53F99D971299,2,250.0,v0.1
INS_8F2E9C2BC0F1,REQ_14A765D1D8D4,3,350.0,v0.1
INS_8F2E9C2BC0F1,REQ_EFCEB9BD078B,4,450.0,v0.1
INS_8F2E9C2BC0F1,REQ_D1FB07CF6F62,5,680.0,v0.1
INS_8F2E9C2BC0F1,REQ_34E21E9E088D,6,680.0,v0.1
INS_15073BF69E35,REQ_805EA5FEED5F,0,2410.0,v0.1
INS_15073BF69E35,REQ_4A6968A7B4B4,1,1030.0,v0.1
INS_15073BF69E35,REQ_2CF465CCDD06,2,1280.0,v0.1
INS_15073BF69E35,REQ_7A49E1A67C1C,3,1030.0,v0.1
INS_15073BF69E35,REQ_CA78BA838027,4,500.0,v0.1
INS_15073BF69E35,REQ_3D2CB53F0D3B,5,660.0,v0.1
INS_64FA1C521872,REQ_01F5CCDF5AF5,0,1090.0,v0.1
INS_64FA1C521872,REQ_FCC3F478D8C4,1,1310.0,v0.1
INS_64FA1C521872,REQ_C7827761339D,2,1480.0,v0.1
INS_3D7A4F621CE8,REQ_1142802A5EBA,0,890.0,v0.1
INS_3D7A4F621CE8,REQ_D48EE4A053CF,1,340.0,v0.1
INS_3D7A4F621CE8,REQ_F684B79D7053,2,1030.0,v0.1
INS_3D7A4F621CE8,REQ_2327CB89F571,3,730.0,v0.1
INS_3D7A4F621CE8,REQ_84EC342A0ACE,4,650.0,v0.1
INS_3D7A4F621CE8,REQ_67EFD11011CA,5,710.0,v0.1
INS_3D7A4F621CE8,REQ_32D358D6B961,6,950.0,v0.1
INS_B31F0FEDEFB2,REQ_05AC31DD7CD8,0,9310.0,v0.1
INS_B31F0FEDEFB2,REQ_788FAF911A5E,1,550.0,v0.1
INS_B31F0FEDEFB2,REQ_16000AC93CBF,2,17000.0,v0.1
INS_CD63DDE6C151,REQ_96030E9D1CDC,0,320.0,v0.1
INS_CD63DDE6C151,REQ_B11306D45562,1,550.0,v0.1
INS_CD63DDE6C151,REQ_60C66B2177C2,2,620.0,v0.1
INS_0E155FAAD67A,REQ_07A4FCDDBCA7,0,490.00000000000006,v0.1
INS_0E155FAAD67A,REQ_2437B1C37188,1,300.0,v0.1
INS_0E155FAAD67A,REQ_997B33E72A8E,2,140.0,v0.1
INS_0E155FAAD67A,REQ_CDCB4890FE38,3,800.0,v0.1
INS_0E155FAAD67A,REQ_71E7E2E0B7F0,4,280.0,v0.1
INS_0E155FAAD67A,REQ_7B8ECA127A20,5,560.0,v0.1
INS_DA97E045A6DA,REQ_B362F372C048,0,610.0,v0.1
INS_DA97E045A6DA,REQ_850DC2A45C9D,1,950.0,v0.1
INS_DA97E045A6DA,REQ_CA8D8D5DD7A5,2,430.0,v0.1
INS_DA97E045A6DA,REQ_7CF248B96D26,3,550.0,v0.1
INS_DA97E045A6DA,REQ_3B801826FFCF,4,840.0,v0.1
INS_C41ECD2B7D11,REQ_C09460040654,0,1380.0,v0.1
INS_C41ECD2B7D11,REQ_2F6762EA7BF6,1,500.0,v0.1
INS_C41ECD2B7D11,REQ_FF2B3556392C,2,1150.0,v0.1
INS_C41ECD2B7D11,REQ_D16FCB8A6CE4,3,1580.0,v0.1
INS_C41ECD2B7D11,REQ_25D1F1F70D20,4,1390.0,v0.1
INS_AC885078AA50,REQ_23597F191A8D,0,11100.0,v0.1
INS_AC885078AA50,REQ_DBA4E7252854,1,9400.0,v0.1
INS_AC885078AA50,REQ_50A2F45747C0,2,9160.0,v0.1
INS_AF6DD33B6E78,REQ_6A2CF6899AD7,0,850.0,v0.1
INS_AF6DD33B6E78,REQ_01A32ED7D779,1,110.00000000000001,v0.1
INS_AF6DD33B6E78,REQ_91917D8AF61B,2,1400.0,v0.1
INS_AF6DD33B6E78,REQ_3074CB703A97,3,1070.0,v0.1
INS_AF6DD33B6E78,REQ_61E1BAA71614,4,330.0,v0.1
INS_DC7921D3DFD1,REQ_BEDC45CFB93D,0,360.0,v0.1
INS_DC7921D3DFD1,REQ_8B536E78FA6A,1,480.0,v0.1
INS_DC7921D3DFD1,REQ_8BF4090A3416,2,800.0,v0.1
INS_DC7921D3DFD1,REQ_9D6296C6EF24,3,730.0,v0.1
INS_DC7921D3DFD1,REQ_3797036398A6,4,240.0,v0.1
INS_DC7921D3DFD1,REQ_CC72C857F097,5,360.0,v0.1
INS_DC7921D3DFD1,REQ_6CDA80AEE4C5,6,409.99999999999994,v0.1
INS_721F5EE5F994,REQ_53C97213889B,0,920.0,v0.1
INS_721F5EE5F994,REQ_7D0413325664,1,1340.0,v0.1
INS_721F5EE5F994,REQ_CCE44503FBCE,2,840.0,v0.1
INS_721F5EE5F994,REQ_7948123D6BBF,3,120.0,v0.1
INS_721F5EE5F994,REQ_5EE2C0BD95CB,4,80.0,v0.1
INS_721F5EE5F994,REQ_34DFE83A85DD,5,1190.0,v0.1
INS_290C4A989B6C,REQ_57FD9283ECDD,0,13890.0,v0.1
INS_290C4A989B6C,REQ_D6A702805405,1,13950.0,v0.1
INS_290C4A989B6C,REQ_7CF9F5A90A05,2,14280.0,v0.1
INS_270022CC1A81,REQ_092793DD6A95,0,260.0,v0.1
INS_270022CC1A81,REQ_95B05314B864,1,1710.0000000000002,v0.1
INS_270022CC1A81,REQ_0A23061C7D9F,2,1780.0,v0.1
INS_270022CC1A81,REQ_0A50EA03C5B3,3,1130.0,v0.1
INS_270022CC1A81,REQ_EBF4267F1CC1,4,450.0,v0.1
INS_270022CC1A81,REQ_C26930DC452A,5,2150.0,v0.1
INS_270022CC1A81,REQ_256A170B841D,6,690.0,v0.1
INS_811BB72A9BA7,REQ_8E11CB927896,0,170.0,v0.1
INS_811BB72A9BA7,REQ_502DB592CC2C,1,430.0,v0.1
INS_811BB72A9BA7,REQ_3978E2F616E7,2,840.0,v0.1
INS_811BB72A9BA7,REQ_FBC5038D6BED,3,810.0,v0.1
INS_811BB72A9BA7,REQ_73DAF694BE91,4,290.0,v0.1
INS_811BB72A9BA7,REQ_3422EACB64FC,5,700.0,v0.1
INS_1BEBABF54FF2,REQ_009D77440B33,0,80.0,v0.1
INS_1BEBABF54FF2,REQ_F1D4F84DBBAE,1,1760.0000000000002,v0.1
INS_1BEBABF54FF2,REQ_92278EA61130,2,1700.0,v0.1
INS_1BEBABF54FF2,REQ_4123B98D4D9C,3,800.0,v0.1
INS_1BEBABF54FF2,REQ_1B8B0B496C4E,4,1190.0,v0.1
INS_1BEBABF54FF2,REQ_5A633402B426,5,910.0,v0.1
INS_1BEBABF54FF2,REQ_4FB973EC53CF,6,480.0,v0.1
INS_275BE395A2F9,REQ_F92207C465E0,0,250.0,v0.1
INS_275BE395A2F9,REQ_18FAD51095E7,1,590.0,v0.1
INS_275BE395A2F9,REQ_1EFE48D36066,2,970.0,v0.1
INS_37B369894405,REQ_44F8001C491A,0,230.0,v0.1
INS_37B369894405,REQ_CA52B27B636C,1,840.0,v0.1
INS_37B369894405,REQ_7C01C3EF2EFB,2,200.0,v0.1
INS_37B369894405,REQ_B11C677A6521,3,660.0,v0.1
INS_37B369894405,REQ_1067DF4899A1,4,80.0,v0.1
INS_8F537C2FD457,REQ_2AF12C7444A2,0,880.0000000000001,v0.1
INS_8F537C2FD457,REQ_56B0ACC7A46D,1,1120.0,v0.1
INS_8F537C2FD457,REQ_3D7A208600B1,2,550.0,v0.1
INS_8F537C2FD457,REQ_3831D9282669,3,900.0,v0.1
INS_8F537C2FD457,REQ_52F02353004E,4,310.0,v0.1
INS_12331581BEA9,REQ_80D2BAE0EC76,0,800.0,v0.1
INS_12331581BEA9,REQ_F96338D80966,1,400.0,v0.1
INS_12331581BEA9,REQ_86A4F728888E,2,550.0,v0.1
INS_12331581BEA9,REQ_645EFBFD4663,3,880.0,v0.1
INS_12331581BEA9,REQ_187BA7E68474,4,280.0,v0.1
INS_7162CED7FFD3,REQ_DBB0156D252B,0,450.0,v0.1
INS_7162CED7FFD3,REQ_A26B6FEF822D,1,420.0,v0.1
INS_7162CED7FFD3,REQ_603FE457AA6D,2,630.0,v0.1
INS_7162CED7FFD3,REQ_636BB439B67F,3,950.0,v0.1
INS_7162CED7FFD3,REQ_794F388ACD9D,4,980.0000000000001,v0.1
INS_7162CED7FFD3,REQ_C534D73F07E0,5,430.0,v0.1
INS_7162CED7FFD3,REQ_EF0E673969B9,6,1100.0,v0.1
INS_6E06956F3599,REQ_A5270C992CCF,0,500.0,v0.1
INS_6E06956F3599,REQ_72E5F0CE71E5,1,800.0,v0.1
INS_6E06956F3599,REQ_ED0CDF63F01C,2,900.0,v0.1
INS_CDEB120747FE,REQ_7D5324E5A6FD,0,80.0,v0.1
INS_CDEB120747FE,REQ_FB956A73CA73,1,300.0,v0.1
INS_CDEB120747FE,REQ_88216BF27A68,2,300.0,v0.1
INS_FE91F5E0DA30,REQ_462CFDA03F85,0,1150.0,v0.1
INS_FE91F5E0DA30,REQ_8CE200660091,1,580.0,v0.1
INS_FE91F5E0DA30,REQ_D5FD9E9CBB25,2,900.0,v0.1
INS_FE91F5E0DA30,REQ_7DD90E43DCE7,3,280.0,v0.1
INS_FE91F5E0DA30,REQ_E1560F6DA85C,4,850.0,v0.1
INS_FE91F5E0DA30,REQ_5DEF037D8CBD,5,1100.0,v0.1
INS_FE91F5E0DA30,REQ_8F311E04A116,6,950.0,v0.1
INS_1FD17B52B547,REQ_B9CA0C45C5AC,0,600.0,v0.1
INS_1FD17B52B547,REQ_B2104E66F2AC,1,80.0,v0.1
INS_1FD17B52B547,REQ_58EE350131C6,2,250.0,v0.1
INS_1FD17B52B547,REQ_5AE19FCE4E2E,3,350.0,v0.1
INS_1FD17B52B547,REQ_0EF3132BFDF7,4,400.0,v0.1
INS_1FD17B52B547,REQ_F3C210E9B39A,5,440.0,v0.1
INS_2370E4FCDC6D,REQ_F83406B12AD5,0,880.0,v0.1
INS_2370E4FCDC6D,REQ_7F31234A41DC,1,1320.0,v0.1
INS_2370E4FCDC6D,REQ_975539C9E616,2,290.0,v0.1
INS_2370E4FCDC6D,REQ_96741BBCDE22,3,1100.0,v0.1
INS_2370E4FCDC6D,REQ_4E1BA3955A6E,4,570.0,v0.1
INS_2370E4FCDC6D,REQ_39335F20C8AE,5,630.0,v0.1
INS_2370E4FCDC6D,REQ_388C2966634B,6,520.0,v0.1
INS_A27167EEFBF2,REQ_DEC4B76C9F8E,0,650.0,v0.1
INS_A27167EEFBF2,REQ_0C696128540B,1,140.0,v0.1
INS_A27167EEFBF2,REQ_D9357740C166,2,450.0,v0.1
INS_A27167EEFBF2,REQ_CDC63C174679,3,630.0,v0.1
INS_A27167EEFBF2,REQ_914338094BBF,4,1000.0,v0.1
INS_AEC708481432,REQ_F6BA413F4334,0,910.0,v0.1
INS_AEC708481432,REQ_8061C6F88F7B,1,1000.0,v0.1
INS_AEC708481432,REQ_BCFA7A6F34C3,2,250.0,v0.1
INS_AEC708481432,REQ_724D482C8811,3,760.0,v0.1
INS_AEC708481432,REQ_0EAE7D255CD3,4,450.0,v0.1
INS_AEC708481432,REQ_564A600D997C,5,950.0,v0.1
INS_AE9CFFE67E85,REQ_2E52CDCC7C47,0,1490.0,v0.1
INS_AE9CFFE67E85,REQ_A700B6147FE5,1,940.0,v0.1
INS_AE9CFFE67E85,REQ_3609B3D48979,2,500.0,v0.1
INS_D307399F9A95,REQ_5AD277C9C966,0,500.0,v0.1
INS_D307399F9A95,REQ_2A51ED3F69FC,1,459.99999999999994,v0.1
INS_D307399F9A95,REQ_EC37C7CEF3DB,2,1220.0,v0.1
INS_D307399F9A95,REQ_F1AD7F82994C,3,800.0,v0.1
INS_D307399F9A95,REQ_A8049D1AD744,4,130.0,v0.1
INS_D307399F9A95,REQ_CBEF3F32F8D0,5,330.0,v0.1
INS_D307399F9A95,REQ_0E34012B3700,6,1080.0,v0.1
INS_51A85A1376D2,REQ_F0400934433E,0,1360.0,v0.1
INS_51A85A1376D2,REQ_1FA12320DDCF,1,660.0,v0.1
INS_51A85A1376D2,REQ_AA1F2A660A02,2,100.0,v0.1
INS_51A85A1376D2,REQ_D7668C34CE3F,3,1100.0,v0.1
INS_51A85A1376D2,REQ_10A1A1924300,4,550.0,v0.1
INS_51A85A1376D2,REQ_DA84C89578D1,5,840.0,v0.1
INS_FCA2B4E6F3D1,REQ_18D05FE184DB,0,30000.0,v0.1
INS_FCA2B4E6F3D1,REQ_B2B151895B58,1,30000.0,v0.1
INS_FCA2B4E6F3D1,REQ_3D137029DB76,2,30000.0,v0.1
INS_FCA2B4E6F3D1,REQ_A683694C8366,3,30000.0,v0.1
INS_40B0BEAABB1C,REQ_B2B151895B58,0,30000.0,v0.1
INS_40B0BEAABB1C,REQ_A683694C8366,1,30000.0,v0.1
INS_40B0BEAABB1C,REQ_BC3AE572C21A,2,30000.0,v0.1
INS_40B0BEAABB1C,REQ_A095E3AC1D21,3,30000.0,v0.1
INS_40B0BEAABB1C,REQ_18D05FE184DB,4,30000.0,v0.1
INS_D40F950C3883,REQ_E365E0D2353A,0,2150.0,v0.1
INS_D40F950C3883,REQ_7129D8CF936B,1,1310.0,v0.1
INS_D40F950C3883,REQ_FAC9E53ECFEA,2,450.0,v0.1
INS_D40F950C3883,REQ_93F25571AFA3,3,740.0,v0.1
INS_D40F950C3883,REQ_6CD8AE65B5BC,4,2030.0,v0.1
INS_48AE76AC0C12,REQ_8805679C39A8,0,2170.0,v0.1
INS_48AE76AC0C12,REQ_8171E518F6C7,1,2250.0,v0.1
INS_48AE76AC0C12,REQ_891E36E884B4,2,320.0,v0.1
INS_48AE76AC0C12,REQ_D788C477022F,3,1960.0000000000002,v0.1
INS_48AE76AC0C12,REQ_F661A2A59AB5,4,1630.0,v0.1
INS_48AE76AC0C12,REQ_E5E48704ECCD,5,610.0,v0.1
INS_48AE76AC0C12,REQ_6F9C9CDD6992,6,960.0,v0.1
INS_F039FB8512BD,REQ_64B2AEFF87B6,0,660.0,v0.1
INS_F039FB8512BD,REQ_E50725D77DCF,1,1050.0,v0.1
INS_F039FB8512BD,REQ_134F5D52C603,2,1200.0,v0.1
INS_F039FB8512BD,REQ_58E31FF07FD7,3,200.0,v0.1
INS_F039FB8512BD,REQ_1F0163F67DC8,4,730.0,v0.1
INS_68AAA55069C4,REQ_1EE226D19579,0,11900.0,v0.1
INS_68AAA55069C4,REQ_3F8D90E7B904,1,12900.0,v0.1
INS_68AAA55069C4,REQ_E629FD0DAA0A,2,10650.0,v0.1
INS_A7350061C234,REQ_8130E6053328,0,320.0,v0.1
INS_A7350061C234,REQ_6BC49C8C3E51,1,650.0,v0.1
INS_A7350061C234,REQ_9574D944CDE2,2,80.0,v0.1
INS_A7350061C234,REQ_02450059788C,3,950.0,v0.1
INS_A7350061C234,REQ_775398FB7412,4,200.0,v0.1
INS_A7350061C234,REQ_1D2475ACD3AB,5,400.0,v0.1
INS_DEEF75BAE0AF,REQ_8DCA56023301,0,700.0,v0.1
INS_DEEF75BAE0AF,REQ_AA5F75EB3F5E,1,180.0,v0.1
INS_DEEF75BAE0AF,REQ_8276FF2639DC,2,1850.0,v0.1
INS_FEF20D9917A8,REQ_AB7553C35F2C,0,1150.0,v0.1
INS_FEF20D9917A8,REQ_DCFC6B12CBD6,1,720.0,v0.1
INS_FEF20D9917A8,REQ_CCF94F299CC9,2,890.0,v0.1
INS_2136F754A52B,REQ_36F78CDCD7E0,0,130.0,v0.1
INS_2136F754A52B,REQ_F9A8F5D7EEFB,1,170.0,v0.1
INS_2136F754A52B,REQ_1063E10CA8C2,2,640.0,v0.1
INS_2136F754A52B,REQ_F46B77E79A7A,3,100.0,v0.1
INS_2136F754A52B,REQ_30430FDDD98B,4,200.0,v0.1
INS_2136F754A52B,REQ_EEA11DFC231F,5,240.0,v0.1
INS_2136F754A52B,REQ_6A1D3C414FE1,6,550.0,v0.1
INS_675B04ABE270,REQ_1B8CB35CC950,0,480.0,v0.1
INS_675B04ABE270,REQ_710DD23A40E8,1,1100.0,v0.1
INS_675B04ABE270,REQ_8F4DC11AAF2C,2,460.0,v0.1
INS_675B04ABE270,REQ_5A633402B426,3,910.0,v0.1
INS_07CBF26F3741,REQ_4BE0C09F6875,0,20790.0,v0.1
INS_07CBF26F3741,REQ_5F446DF542CF,1,24970.0,v0.1
INS_07CBF26F3741,REQ_E25E2DD074FB,2,17740.0,v0.1
INS_07CBF26F3741,REQ_04EF78E78706,3,20060.0,v0.1
INS_22BBFCF01175,REQ_13420651B16D,0,1010.0,v0.1
INS_22BBFCF01175,REQ_9BAB27DE6C8F,1,170.0,v0.1
INS_22BBFCF01175,REQ_D5BB488EFDAB,2,600.0,v0.1
INS_12CACFD64B20,REQ_89520F128A3D,0,300.0,v0.1
INS_12CACFD64B20,REQ_80E2DFD4BE03,1,1250.0,v0.1
INS_12CACFD64B20,REQ_CF79716D3BC1,2,240.0,v0.1
INS_12CACFD64B20,REQ_9F39355DDA39,3,500.0,v0.1
INS_B38FB0B7D22A,REQ_7C82D856E4DF,0,1500.0,v0.1
INS_B38FB0B7D22A,REQ_279C79809B7C,1,12260.0,v0.1
INS_B38FB0B7D22A,REQ_2939A5BDA18F,2,550.0,v0.1
INS_B38FB0B7D22A,REQ_5C3C34C9A6CA,3,2100.0,v0.1
INS_B38FB0B7D22A,REQ_0F28E95A8C62,4,2050.0,v0.1
INS_0A66B4831F7C,REQ_A335C12F82F8,0,430.0,v0.1
INS_0A66B4831F7C,REQ_09FB770C29DB,1,1000.0,v0.1
INS_0A66B4831F7C,REQ_6E6397477A3D,2,300.0,v0.1
INS_0A66B4831F7C,REQ_C4D6941179E4,3,800.0,v0.1
INS_0A66B4831F7C,REQ_F1034C58488C,4,459.99999999999994,v0.1
INS_0A66B4831F7C,REQ_3F05402CC61E,5,980.0000000000001,v0.1
INS_0A66B4831F7C,REQ_F1F610F0C25B,6,300.0,v0.1
INS_7521B558DACD,REQ_CE93754D1925,0,780.0,v0.1
INS_7521B558DACD,REQ_B1318F7798AE,1,180.0,v0.1
INS_7521B558DACD,REQ_D1A19D79B58C,2,1100.0,v0.1
INS_F72FFC93BA07,REQ_65447B2A7CCB,0,950.0,v0.1
INS_F72FFC93BA07,REQ_F4589A61CA9B,1,110.0,v0.1
INS_F72FFC93BA07,REQ_4DD73C97AA58,2,819.9999999999999,v0.1
INS_DD4393473473,REQ_3A4FF9788E84,0,520.0,v0.1
INS_DD4393473473,REQ_366D09DDA117,1,600.0,v0.1
INS_DD4393473473,REQ_C436786B592D,2,440.0,v0.1
INS_A0E91824438E,REQ_34F8D0C78A00,0,680.0,v0.1
INS_A0E91824438E,REQ_D6C7AC426925,1,850.0,v0.1
INS_A0E91824438E,REQ_B30F695D4D1E,2,750.0,v0.1
INS_A0E91824438E,REQ_FF73D1CC8AC1,3,980.0000000000001,v0.1
INS_A0E91824438E,REQ_A3A3652003BB,4,869.9999999999999,v0.1
INS_A0E91824438E,REQ_5E3822251E59,5,490.00000000000006,v0.1
INS_A0E91824438E,REQ_2A2789D4B75E,6,300.0,v0.1
INS_364FB5EAD5D5,REQ_5ADE234F250B,0,150.0,v0.1
INS_364FB5EAD5D5,REQ_BBF2A3F38F9B,1,410.0,v0.1
INS_364FB5EAD5D5,REQ_9992BE8B594D,2,100.0,v0.1
INS_1D8A182C1BE2,REQ_4D6572DCF6CF,0,470.0,v0.1
INS_1D8A182C1BE2,REQ_50BC062AD30D,1,200.0,v0.1
INS_1D8A182C1BE2,REQ_5D0C60B5CACA,2,490.0,v0.1
INS_1D8A182C1BE2,REQ_5315EC039E1A,3,480.0,v0.1
INS_1D8A182C1BE2,REQ_8CF3B14B5020,4,1200.0,v0.1
INS_CFA98FBFF49B,REQ_1A40C80077BE,0,170.0,v0.1
INS_CFA98FBFF49B,REQ_0EEB8AF3564A,1,300.0,v0.1
INS_CFA98FBFF49B,REQ_D9D5D30E5EB7,2,330.0,v0.1
INS_CFA98FBFF49B,REQ_9A6EE00A89B5,3,920.0,v0.1
INS_CFA98FBFF49B,REQ_E4715C2F27E9,4,390.0,v0.1
INS_CFA98FBFF49B,REQ_07BC35B4C258,5,250.0,v0.1
INS_CFA98FBFF49B,REQ_B7671EF47C9D,6,1019.9999999999999,v0.1
INS_6B2267602ABB,REQ_F2C56B70354E,0,1330.0,v0.1
INS_6B2267602ABB,REQ_EA3F34FFBE87,1,1220.0,v0.1
INS_6B2267602ABB,REQ_A0F535A64FEC,2,1610.0000000000002,v0.1
INS_6B2267602ABB,REQ_CF84C10CE761,3,970.0,v0.1
INS_6B2267602ABB,REQ_F2520EA57FD6,4,590.0,v0.1
INS_6B2267602ABB,REQ_A1FA2BFC08DC,5,1670.0,v0.1
INS_E5AFBF9C8974,REQ_7B10951B0863,0,690.0,v0.1
INS_E5AFBF9C8974,REQ_0AE39EB5ADD0,1,550.0,v0.1
INS_E5AFBF9C8974,REQ_6B152531701B,2,700.0,v0.1
INS_E5AFBF9C8974,REQ_418EF76CCD93,3,980.0000000000001,v0.1
INS_E5AFBF9C8974,REQ_13B608D0D41E,4,210.0,v0.1
INS_930BDF95760A,REQ_62F98B0B0C1F,0,450.0,v0.1
INS_930BDF95760A,REQ_8BAB00D572B6,1,630.0,v0.1
INS_930BDF95760A,REQ_6293BC6255FA,2,100.0,v0.1
INS_930BDF95760A,REQ_E5070CE01C4D,3,550.0,v0.1
INS_408733CCC577,REQ_9CDCB7FD457F,0,1050.0,v0.1
INS_408733CCC577,REQ_6B60441FF210,1,130.0,v0.1
INS_408733CCC577,REQ_1D516E8CFC8F,2,1080.0,v0.1
INS_408733CCC577,REQ_1725B1C159B6,3,250.0,v0.1
INS_408733CCC577,REQ_B38FEA968306,4,509.99999999999994,v0.1
INS_408733CCC577,REQ_FC3EFB58CA9F,5,210.0,v0.1
INS_3E9246A3EB2A,REQ_46F1505D7A04,0,120.0,v0.1
INS_3E9246A3EB2A,REQ_407C5E560780,1,350.0,v0.1
INS_3E9246A3EB2A,REQ_4153E858A817,2,190.0,v0.1
INS_3E9246A3EB2A,REQ_46C7B2BA115E,3,1010.0,v0.1
INS_3E9246A3EB2A,REQ_AFB3C34904FF,4,1800.0,v0.1
INS_3E9246A3EB2A,REQ_4FD695384C49,5,1510.0,v0.1
INS_3E9246A3EB2A,REQ_A62B09D8827A,6,240.0,v0.1
INS_00E5596F84D7,REQ_EE42E77D7B7F,0,1020.0,v0.1
INS_00E5596F84D7,REQ_2D688831F738,1,1140.0,v0.1
INS_00E5596F84D7,REQ_85F29648EDFB,2,590.0,v0.1
INS_00E5596F84D7,REQ_4D914D227AF1,3,600.0,v0.1
INS_A683C00C210C,REQ_CF594C0DE3F3,0,520.0,v0.1
INS_A683C00C210C,REQ_C22057ED128B,1,870.0,v0.1
INS_A683C00C210C,REQ_98F89153CDED,2,1150.0,v0.1
INS_A683C00C210C,REQ_D4021B1C9604,3,930.0000000000001,v0.1
INS_440592CCAEC4,REQ_74A931FA1079,0,18820.0,v0.1
INS_440592CCAEC4,REQ_BD3278D236A9,1,12460.0,v0.1
INS_440592CCAEC4,REQ_C467DA777186,2,26070.0,v0.1
INS_BE56F97489A1,REQ_18D05FE184DB,0,30000.0,v0.1
INS_BE56F97489A1,REQ_A095E3AC1D21,1,30000.0,v0.1
INS_BE56F97489A1,REQ_B65209DD6FB1,2,30000.0,v0.1
INS_BE56F97489A1,REQ_3D137029DB76,3,30000.0,v0.1
INS_BE56F97489A1,REQ_B2B151895B58,4,30000.0,v0.1
INS_BE56F97489A1,REQ_24B4F438D94F,5,30000.0,v0.1
INS_BE27C9C94CFD,REQ_BC3AE572C21A,0,30000.0,v0.1
INS_BE27C9C94CFD,REQ_3D137029DB76,1,30000.0,v0.1
INS_BE27C9C94CFD,REQ_B2B151895B58,2,30000.0,v0.1
INS_BE27C9C94CFD,REQ_24B4F438D94F,3,30000.0,v0.1
INS_BE27C9C94CFD,REQ_A095E3AC1D21,4,30000.0,v0.1
INS_D3A45AB6D0C8,REQ_01A32ED7D779,0,110.00000000000001,v0.1
INS_D3A45AB6D0C8,REQ_6EAAC83CE5F5,1,919.9999999999999,v0.1
INS_D3A45AB6D0C8,REQ_6AFDE9B47FF5,2,550.0,v0.1
INS_D3A45AB6D0C8,REQ_3B81821FE7E9,3,580.0,v0.1
INS_D3A45AB6D0C8,REQ_28D7CAE19AA4,4,890.0,v0.1
INS_4D709631787A,REQ_E25E2DD074FB,0,17740.0,v0.1
INS_4D709631787A,REQ_04EF78E78706,1,20060.0,v0.1
INS_4D709631787A,REQ_5F446DF542CF,2,24970.0,v0.1
INS_4D709631787A,REQ_4BE0C09F6875,3,20790.0,v0.1
INS_4BC71667C581,REQ_A683694C8366,0,30000.0,v0.1
INS_4BC71667C581,REQ_3D137029DB76,1,30000.0,v0.1
INS_4BC71667C581,REQ_A095E3AC1D21,2,30000.0,v0.1
INS_4BC71667C581,REQ_B65209DD6FB1,3,30000.0,v0.1
INS_4BC71667C581,REQ_18D05FE184DB,4,30000.0,v0.1
INS_89D66A0C62C4,REQ_E938686ABE45,0,100.0,v0.1
INS_89D66A0C62C4,REQ_8F6D3986C7C8,1,310.0,v0.1
INS_89D66A0C62C4,REQ_E9DBA593E84C,2,80.0,v0.1
INS_FA52C5E8D9DD,REQ_88E33CED7750,0,430.0,v0.1
INS_FA52C5E8D9DD,REQ_A0F535A64FEC,1,1610.0000000000002,v0.1
INS_FA52C5E8D9DD,REQ_CC40AB3247AE,2,850.0,v0.1
INS_FA52C5E8D9DD,REQ_DB7CE0E7ABBB,3,1120.0,v0.1
INS_FA52C5E8D9DD,REQ_1F8D54632BFA,4,850.0,v0.1
INS_FA52C5E8D9DD,REQ_35E28624A2B5,5,740.0,v0.1
INS_CFA7CF50277A,REQ_0B9FFD6545E3,0,18720.0,v0.1
INS_CFA7CF50277A,REQ_F6D705542F1C,1,13680.0,v0.1
INS_CFA7CF50277A,REQ_5128C36DC078,2,17060.0,v0.1
INS_CFA7CF50277A,REQ_E50524A96B19,3,20540.0,v0.1
INS_CFA7CF50277A,REQ_BD3278D236A9,4,12460.0,v0.1
INS_CFA7CF50277A,REQ_C467DA777186,5,26070.0,v0.1
INS_76064D63A516,REQ_059A073CCF36,0,1050.0,v0.1
INS_76064D63A516,REQ_75CEB50B2833,1,250.0,v0.1
INS_76064D63A516,REQ_B39081DAC108,2,340.0,v0.1
INS_B33478FAC627,REQ_E8E1D565BA75,0,260.0,v0.1
INS_B33478FAC627,REQ_BD21DFC00097,1,660.0,v0.1
INS_B33478FAC627,REQ_B162F51379CD,2,230.0,v0.1
INS_DCC2075E85A9,REQ_A9E09C21F797,0,500.0,v0.1
INS_DCC2075E85A9,REQ_D1FB07CF6F62,1,680.0,v0.1
INS_DCC2075E85A9,REQ_380705438DDA,2,600.0,v0.1
INS_DCC2075E85A9,REQ_CB22FE72D57B,3,300.0,v0.1
INS_DCC2075E85A9,REQ_1BE35CE21CC5,4,230.0,v0.1
INS_D81F166EC362,REQ_5DE2B1EEE9F6,0,1220.0,v0.1
INS_D81F166EC362,REQ_36DA0662F827,1,450.0,v0.1
INS_D81F166EC362,REQ_0C2529B31BC2,2,700.0,v0.1
INS_D81F166EC362,REQ_B148F897DA9F,3,100.0,v0.1
INS_FF269ECD4F8F,REQ_C0090364796B,0,200.0,v0.1
INS_FF269ECD4F8F,REQ_9BA60C5A069D,1,340.0,v0.1
INS_FF269ECD4F8F,REQ_F1AD7F82994C,2,800.0,v0.1
INS_FF269ECD4F8F,REQ_EC7FF3E0978D,3,1410.0,v0.1
INS_FF269ECD4F8F,REQ_41D8755B193A,4,1150.0,v0.1
INS_FF269ECD4F8F,REQ_207990568E70,5,1430.0,v0.1
INS_7DAC6352FCB4,REQ_28850EC37A99,0,130.0,v0.1
INS_7DAC6352FCB4,REQ_163079434E61,1,80.0,v0.1
INS_7DAC6352FCB4,REQ_F91B88272DE3,2,90.0,v0.1
INS_7DAC6352FCB4,REQ_6CA233C9E7B1,3,120.0,v0.1
INS_B73BB3DC345E,REQ_7A0C31E994B8,0,2180.0,v0.1
INS_B73BB3DC345E,REQ_EEC57104CF09,1,409.99999999999994,v0.1
INS_B73BB3DC345E,REQ_E4A5079E9917,2,640.0,v0.1
INS_B73BB3DC345E,REQ_F03D84022B1D,3,660.0,v0.1
INS_B73BB3DC345E,REQ_41632751CE21,4,459.99999999999994,v0.1
INS_091621B379F1,REQ_3FFF3AF0FA0C,0,1180.0,v0.1
INS_091621B379F1,REQ_62A0C6B83D76,1,440.00000000000006,v0.1
INS_091621B379F1,REQ_6FF955F2F6E4,2,1390.0,v0.1
INS_44BF201AF778,REQ_E24D04763E27,0,190.0,v0.1
INS_44BF201AF778,REQ_F77F56A3553A,1,960.0,v0.1
INS_44BF201AF778,REQ_5B4E59234BC1,2,280.0,v0.1
INS_44BF201AF778,REQ_DA9804E4207F,3,700.0,v0.1
INS_44BF201AF778,REQ_72718D156290,4,160.0,v0.1
INS_BF5C270C812C,REQ_F1BD02BCFF2E,0,450.0,v0.1
INS_BF5C270C812C,REQ_3CD7BDEA44AC,1,420.0,v0.1
INS_BF5C270C812C,REQ_ABEFFFC728BE,2,980.0,v0.1
INS_EC45FCB56284,REQ_907A0379C16E,0,700.0,v0.1
INS_EC45FCB56284,REQ_7853C4E7098C,1,1660.0,v0.1
INS_EC45FCB56284,REQ_C7B8420E77BF,2,650.0,v0.1
INS_EC45FCB56284,REQ_D4D0B2FA3545,3,630.0,v0.1
INS_EC45FCB56284,REQ_942685006168,4,1970.0,v0.1
INS_AE50686C8542,REQ_380705438DDA,0,600.0,v0.1
INS_AE50686C8542,REQ_D3C30F9D68B5,1,220.0,v0.1
INS_AE50686C8542,REQ_B58A3E731908,2,350.0,v0.1
INS_AE50686C8542,REQ_40AA1BD9B0FF,3,409.99999999999994,v0.1
INS_AE50686C8542,REQ_076194017D2F,4,370.0,v0.1
INS_AE50686C8542,REQ_777DE58467BF,5,600.0,v0.1
INS_AE50686C8542,REQ_7099FCB81F23,6,500.0,v0.1
INS_328B223A1CF7,REQ_7A6B43D51043,0,260.0,v0.1
INS_328B223A1CF7,REQ_73713042FBD8,1,360.0,v0.1
INS_328B223A1CF7,REQ_B6B94EDD2AA6,2,460.0,v0.1
INS_328B223A1CF7,REQ_2E0D5089B82A,3,670.0,v0.1
INS_328B223A1CF7,REQ_91D28E4A799F,4,1150.0,v0.1
INS_328B223A1CF7,REQ_8E18F245CD1D,5,200.0,v0.1
INS_BDF7D77DE9B7,REQ_B2B151895B58,0,30000.0,v0.1
INS_BDF7D77DE9B7,REQ_B65209DD6FB1,1,30000.0,v0.1
INS_BDF7D77DE9B7,REQ_A683694C8366,2,30000.0,v0.1
INS_BDF7D77DE9B7,REQ_18D05FE184DB,3,30000.0,v0.1
INS_BDF7D77DE9B7,REQ_A095E3AC1D21,4,30000.0,v0.1
INS_BDF7D77DE9B7,REQ_BC3AE572C21A,5,30000.0,v0.1
INS_BDF7D77DE9B7,REQ_3D137029DB76,6,30000.0,v0.1
INS_3BA328B63B5E,REQ_9A3F60AE3442,0,440.00000000000006,v0.1
INS_3BA328B63B5E,REQ_E5E2B3EAFA52,1,850.0,v0.1
INS_3BA328B63B5E,REQ_45158392069D,2,200.0,v0.1
INS_3BA328B63B5E,REQ_6BC2D2032FB5,3,820.0,v0.1
INS_3BA328B63B5E,REQ_EE722157CDA3,4,800.0,v0.1
INS_3BA328B63B5E,REQ_60343256CFE1,5,1300.0,v0.1
INS_6104F27E283E,REQ_6EB29B309DEA,0,1350.0,v0.1
INS_6104F27E283E,REQ_388C2966634B,1,520.0,v0.1
INS_6104F27E283E,REQ_96741BBCDE22,2,1100.0,v0.1
INS_6104F27E283E,REQ_D55BEDA76FEC,3,509.99999999999994,v0.1
INS_6104F27E283E,REQ_8AA601393664,4,660.0,v0.1
INS_052C078AE526,REQ_905C89D640CA,0,750.0,v0.1
INS_052C078AE526,REQ_BAE37C55A8F3,1,340.0,v0.1
INS_052C078AE526,REQ_EB1A55F36527,2,400.0,v0.1
INS_1BDE8B40861F,REQ_DA13888D7128,0,310.0,v0.1
INS_1BDE8B40861F,REQ_D274743E6FA0,1,1360.0,v0.1
INS_1BDE8B40861F,REQ_09603007F78A,2,170.0,v0.1
INS_1BDE8B40861F,REQ_40BEFEDBA2C5,3,740.0,v0.1
INS_E0DFF8D37F3C,REQ_57FD9283ECDD,0,13890.0,v0.1
INS_E0DFF8D37F3C,REQ_8F717200F89D,1,11430.0,v0.1
INS_E0DFF8D37F3C,REQ_D6A702805405,2,13950.0,v0.1
INS_E0DFF8D37F3C,REQ_CBE58178588E,3,10570.0,v0.1
INS_E0DFF8D37F3C,REQ_A7BC46973A10,4,15700.0,v0.1
INS_E0DFF8D37F3C,REQ_7CF9F5A90A05,5,14280.0,v0.1
INS_E38B873EB6A9,REQ_7CC16254BE5C,0,1000.0,v0.1
INS_E38B873EB6A9,REQ_79093FC4C226,1,1060.0,v0.1
INS_E38B873EB6A9,REQ_4FB6E6FB1916,2,750.0,v0.1
INS_E38B873EB6A9,REQ_941FF6BAFAC3,3,540.0,v0.1
INS_E38B873EB6A9,REQ_5BC7FFD07233,4,1630.0,v0.1
INS_E38B873EB6A9,REQ_C10F9CA54D67,5,1019.9999999999999,v0.1
INS_E38B873EB6A9,REQ_294CA9C5E715,6,660.0,v0.1
INS_D1888840A7F8,REQ_7EE87CB7929B,0,3330.0,v0.1
INS_D1888840A7F8,REQ_29955146490B,1,240.0,v0.1
INS_D1888840A7F8,REQ_BBF2A3F38F9B,2,410.0,v0.1
INS_722102C0C9EE,REQ_3D137029DB76,0,30000.0,v0.1
INS_722102C0C9EE,REQ_18D05FE184DB,1,30000.0,v0.1
INS_722102C0C9EE,REQ_BC3AE572C21A,2,30000.0,v0.1
INS_722102C0C9EE,REQ_24B4F438D94F,3,30000.0,v0.1
INS_722102C0C9EE,REQ_A683694C8366,4,30000.0,v0.1
INS_80BFF5865670,REQ_5279345F6907,0,160.0,v0.1
INS_80BFF5865670,REQ_79D9DA8D86B2,1,1190.0,v0.1
INS_80BFF5865670,REQ_073392287219,2,400.0,v0.1
INS_80BFF5865670,REQ_258A7FA708A5,3,580.0,v0.1
INS_80BFF5865670,REQ_3606C5A57A52,4,320.0,v0.1
INS_535C32CDFA5C,REQ_CF8CD24F8AEC,0,900.0,v0.1
INS_535C32CDFA5C,REQ_72A09FA08977,1,650.0,v0.1
INS_535C32CDFA5C,REQ_84AB2991D771,2,240.0,v0.1
INS_535C32CDFA5C,REQ_B0001D1E119B,3,900.0,v0.1
INS_535C32CDFA5C,REQ_9A287C022A69,4,100.0,v0.1
INS_535C32CDFA5C,REQ_2E1FED552E95,5,730.0,v0.1
INS_6646C49B28DC,REQ_9540388588A7,0,1400.0,v0.1
INS_6646C49B28DC,REQ_660D99EE07F5,1,650.0,v0.1
INS_6646C49B28DC,REQ_8A78111E0CF8,2,220.0,v0.1
INS_9659E8158AA2,REQ_C05CB48BA421,0,869.9999999999999,v0.1
INS_9659E8158AA2,REQ_5E57D62A3EFC,1,500.0,v0.1
INS_9659E8158AA2,REQ_ACBDC188772A,2,229.99999999999997,v0.1
INS_9659E8158AA2,REQ_4A78CF12D72B,3,1060.0,v0.1
INS_9659E8158AA2,REQ_02FF16D906FF,4,760.0,v0.1
INS_F4FF5761A7B3,REQ_B79F188DB14C,0,100.0,v0.1
INS_F4FF5761A7B3,REQ_DBAC03F2F0B0,1,229.99999999999997,v0.1
INS_F4FF5761A7B3,REQ_E8E1D565BA75,2,260.0,v0.1
INS_F4FF5761A7B3,REQ_A604211AC50F,3,130.0,v0.1
INS_F4FF5761A7B3,REQ_5CAFC9D11367,4,400.0,v0.1
INS_229B0553EF75,REQ_6BC49C8C3E51,0,650.0,v0.1
INS_229B0553EF75,REQ_2B0B46E6A0F2,1,100.0,v0.1
INS_229B0553EF75,REQ_A4CF7A503965,2,150.0,v0.1
INS_229B0553EF75,REQ_29A22F99968C,3,330.0,v0.1
INS_229B0553EF75,REQ_1ECA4EDDAE87,4,200.0,v0.1
INS_229B0553EF75,REQ_D18F9B2D3720,5,350.0,v0.1
INS_84AB947FD65E,REQ_1B0289B8EB55,0,250.0,v0.1
INS_84AB947FD65E,REQ_A265D2573C43,1,300.0,v0.1
INS_84AB947FD65E,REQ_638872DB20D0,2,1300.0,v0.1
INS_84AB947FD65E,REQ_9A716F693691,3,1700.0,v0.1
INS_84AB947FD65E,REQ_DE9203F1E1E3,4,800.0,v0.1
INS_84AB947FD65E,REQ_C2EB3BE80C53,5,940.0,v0.1
INS_5824E1FB7C9F,REQ_3749FFD1DED1,0,560.0,v0.1
INS_5824E1FB7C9F,REQ_49313FAA0FFE,1,600.0,v0.1
INS_5824E1FB7C9F,REQ_E475DD909131,2,260.0,v0.1
INS_41247B66DB5F,REQ_29EBFECAF6F8,0,790.0,v0.1
INS_41247B66DB5F,REQ_33E8FA80038F,1,200.0,v0.1
INS_41247B66DB5F,REQ_A5D4386B47AB,2,180.0,v0.1
INS_41247B66DB5F,REQ_AC5BA126695F,3,740.0,v0.1
INS_ADFAAD3E7381,REQ_F728E575929A,0,730.0,v0.1
INS_ADFAAD3E7381,REQ_D5C21B373646,1,230.0,v0.1
INS_ADFAAD3E7381,REQ_41A6E756A9C7,2,229.99999999999997,v0.1
INS_ADFAAD3E7381,REQ_9E8618C69437,3,1030.0,v0.1
INS_ADFAAD3E7381,REQ_DEAD0B16A178,4,760.0,v0.1
INS_ADFAAD3E7381,REQ_5E57D62A3EFC,5,500.0,v0.1
INS_ADFAAD3E7381,REQ_7448207C4EB5,6,660.0,v0.1
INS_597D71D90D12,REQ_4FB973EC53CF,0,480.0,v0.1
INS_597D71D90D12,REQ_539D08B806F2,1,470.0,v0.1
INS_597D71D90D12,REQ_4FA89AAA766D,2,1150.0,v0.1
INS_597D71D90D12,REQ_AB1A7E1DD7B7,3,340.0,v0.1
INS_597D71D90D12,REQ_0BFBE080723C,4,890.0,v0.1
INS_5ACE28363EEA,REQ_66992540652C,0,200.0,v0.1
INS_5ACE28363EEA,REQ_B320498204A9,1,460.0,v0.1
INS_5ACE28363EEA,REQ_1EA4A772B6B6,2,350.0,v0.1
INS_5ACE28363EEA,REQ_5300FF45CEAC,3,750.0,v0.1
INS_94860BB90A31,REQ_7973ADD2994E,0,320.0,v0.1
INS_94860BB90A31,REQ_9992BE8B594D,1,100.0,v0.1
INS_94860BB90A31,REQ_B07B6770A8AF,2,90.0,v0.1
INS_A615A45D07AF,REQ_2E20E3E807AD,0,800.0,v0.1
INS_A615A45D07AF,REQ_3F7CDA86C343,1,860.0,v0.1
INS_A615A45D07AF,REQ_1E3D2BC3BC50,2,1800.0,v0.1
INS_A615A45D07AF,REQ_350EEB34E966,3,900.0,v0.1
INS_7B8CD29F8AEA,REQ_1F8D54632BFA,0,850.0,v0.1
INS_7B8CD29F8AEA,REQ_50096DFD9EB2,1,880.0000000000001,v0.1
INS_7B8CD29F8AEA,REQ_C69C1B54984B,2,500.0,v0.1
INS_7B8CD29F8AEA,REQ_3D845892AB12,3,1190.0,v0.1
INS_7B8CD29F8AEA,REQ_034AF4D09D59,4,720.0,v0.1
INS_7B8CD29F8AEA,REQ_35E28624A2B5,5,740.0,v0.1
INS_7B8CD29F8AEA,REQ_5A6381B1F361,6,490.0,v0.1
INS_197D42419A4E,REQ_594708F3B24A,0,1500.0,v0.1
INS_197D42419A4E,REQ_87DBE975AFA0,1,1310.0,v0.1
INS_197D42419A4E,REQ_EBB543478EE9,2,790.0,v0.1
INS_197D42419A4E,REQ_FFA39CE913A8,3,1320.0,v0.1
INS_197D42419A4E,REQ_8FA20A225616,4,450.0,v0.1
INS_197D42419A4E,REQ_74B8514AE88A,5,90.0,v0.1
INS_197D42419A4E,REQ_D9E52D3F9F62,6,300.0,v0.1
INS_FC544214D67A,REQ_5F446DF542CF,0,24970.0,v0.1
INS_FC544214D67A,REQ_4BE0C09F6875,1,20790.0,v0.1
INS_FC544214D67A,REQ_E25E2DD074FB,2,17740.0,v0.1
INS_FC544214D67A,REQ_04EF78E78706,3,20060.0,v0.1
INS_1F71157FFA23,REQ_029467E35653,0,840.0,v0.1
INS_1F71157FFA23,REQ_0B060EE32F57,1,600.0,v0.1
INS_1F71157FFA23,REQ_A29B55FDA723,2,160.0,v0.1
INS_1F71157FFA23,REQ_7B229C303398,3,509.99999999999994,v0.1
INS_1F71157FFA23,REQ_B6C9EA711AA8,4,500.0,v0.1
INS_48AF2C2091D1,REQ_78908539C3D7,0,1040.0,v0.1
INS_48AF2C2091D1,REQ_46B698905E6B,1,690.0,v0.1
INS_48AF2C2091D1,REQ_588E1204D477,2,520.0,v0.1
INS_48AF2C2091D1,REQ_5E3822251E59,3,490.00000000000006,v0.1
INS_3CA91CBC926D,REQ_C2EB3BE80C53,0,940.0,v0.1
INS_3CA91CBC926D,REQ_7B858AE3DA4B,1,1260.0,v0.1
INS_3CA91CBC926D,REQ_9DD0845491E2,2,1520.0,v0.1
INS_3CA91CBC926D,REQ_00FF8C8E4CC7,3,200.0,v0.1
INS_3CA91CBC926D,REQ_638872DB20D0,4,1300.0,v0.1
INS_3CA91CBC926D,REQ_C32D95491AD2,5,850.0,v0.1
INS_3CA91CBC926D,REQ_C75C67960DE4,6,700.0,v0.1
INS_744E8861870A,REQ_06B2445A56C7,0,1200.0,v0.1
INS_744E8861870A,REQ_2A4818989E49,1,690.0,v0.1
INS_744E8861870A,REQ_844B21757285,2,900.0,v0.1
INS_F314FB65F54A,REQ_547A2F0DCF48,0,1000.0,v0.1
INS_F314FB65F54A,REQ_B285B7CCD2E1,1,470.0,v0.1
INS_F314FB65F54A,REQ_41632751CE21,2,459.99999999999994,v0.1
INS_F314FB65F54A,REQ_F49596B45041,3,380.0,v0.1
INS_9B31F0DC93C1,REQ_34D7C205E72D,0,320.0,v0.1
INS_9B31F0DC93C1,REQ_48C5942ECA06,1,400.0,v0.1
INS_9B31F0DC93C1,REQ_EEC57104CF09,2,409.99999999999994,v0.1
INS_9B31F0DC93C1,REQ_400519F26E89,3,350.0,v0.1
INS_9B31F0DC93C1,REQ_4CDB2E50BE33,4,1150.0,v0.1
INS_9B31F0DC93C1,REQ_F49596B45041,5,380.0,v0.1
INS_9B31F0DC93C1,REQ_41632751CE21,6,459.99999999999994,v0.1
INS_E94846A30FD0,REQ_A83F8C6C2D87,0,640.0,v0.1
INS_E94846A30FD0,REQ_5EF1A802341D,1,160.0,v0.1
INS_E94846A30FD0,REQ_B6FBECE15B8A,2,300.0,v0.1
INS_E94846A30FD0,REQ_B80C2510C189,3,460.0,v0.1
INS_E94846A30FD0,REQ_A8FCB08CF170,4,1150.0,v0.1
INS_E94846A30FD0,REQ_E9C7E6604683,5,740.0,v0.1
INS_F32BF46DB5ED,REQ_11ED1F304A0A,0,950.0,v0.1
INS_F32BF46DB5ED,REQ_79DFD95D7326,1,1280.0,v0.1
INS_F32BF46DB5ED,REQ_E468AD6153E1,2,1190.0,v0.1
INS_F32BF46DB5ED,REQ_286ED325E320,3,210.0,v0.1
INS_F32BF46DB5ED,REQ_DD34A244CDA7,4,459.99999999999994,v0.1
INS_F32BF46DB5ED,REQ_4AB778A52378,5,300.0,v0.1
INS_F32BF46DB5ED,REQ_0FB608C09FD7,6,1360.0,v0.1
INS_E45466E6A42F,REQ_9EE68FBEEB55,0,1800.0,v0.1
INS_E45466E6A42F,REQ_D46DAC35802D,1,1790.0,v0.1
INS_E45466E6A42F,REQ_81852D06C752,2,650.0,v0.1
INS_E45466E6A42F,REQ_096113C8D5BE,3,700.0,v0.1
INS_7E35520C2642,REQ_1EE226D19579,0,11900.0,v0.1
INS_7E35520C2642,REQ_353659939B55,1,4170.0,v0.1
INS_7E35520C2642,REQ_3F8D90E7B904,2,12900.0,v0.1
INS_7E35520C2642,REQ_E629FD0DAA0A,3,10650.0,v0.1
INS_6E69F4B20F2C,REQ_EA562476F1F5,0,350.0,v0.1
INS_6E69F4B20F2C,REQ_A3903B23C6E0,1,80.0,v0.1
INS_6E69F4B20F2C,REQ_921986CE75CB,2,170.0,v0.1
INS_6E69F4B20F2C,REQ_258C399EA57A,3,390.0,v0.1
INS_1262AF187F69,REQ_67EFD11011CA,0,710.0,v0.1
INS_1262AF187F69,REQ_61F0983241B1,1,800.0,v0.1
INS_1262AF187F69,REQ_2EAA8B6FEFAE,2,980.0,v0.1
INS_1262AF187F69,REQ_1D40B579A439,3,440.0,v0.1
INS_1262AF187F69,REQ_ED5E9F5D5D93,4,450.0,v0.1
INS_1262AF187F69,REQ_2271FA46DD04,5,660.0,v0.1
INS_18AE8A6B539C,REQ_8B58A6ED8196,0,430.0,v0.1
INS_18AE8A6B539C,REQ_9E7C91C0AEF0,1,80.0,v0.1
INS_18AE8A6B539C,REQ_7EE87CB7929B,2,3330.0,v0.1
INS_18AE8A6B539C,REQ_0875FF28DEA8,3,250.0,v0.1
INS_18AE8A6B539C,REQ_82229E51F722,4,280.0,v0.1
INS_18AE8A6B539C,REQ_D8BE48ED7FDE,5,3080.0,v0.1
INS_18AE8A6B539C,REQ_7973ADD2994E,6,320.0,v0.1
INS_A60AADB95DB5,REQ_4BE0C09F6875,0,20790.0,v0.1
INS_A60AADB95DB5,REQ_5F446DF542CF,1,24970.0,v0.1
INS_A60AADB95DB5,REQ_E25E2DD074FB,2,17740.0,v0.1
INS_C62CDF060254,REQ_DAB6AD3B9259,0,150.0,v0.1
INS_C62CDF060254,REQ_1E3D2BC3BC50,1,1800.0,v0.1
INS_C62CDF060254,REQ_83A19B0C4563,2,100.0,v0.1
INS_C62CDF060254,REQ_470F8E0B8C83,3,100.0,v0.1
INS_C62CDF060254,REQ_5049AF87DEB7,4,1450.0,v0.1
INS_C62CDF060254,REQ_53C441B673EA,5,100.0,v0.1
INS_E730F355EDB4,REQ_8B082EBE67DF,0,520.0,v0.1
INS_E730F355EDB4,REQ_75157B2C1585,1,140.0,v0.1
INS_E730F355EDB4,REQ_3699E55AE0D8,2,350.0,v0.1
INS_E730F355EDB4,REQ_1A70DA8FE291,3,430.0,v0.1
INS_DEDE6472C4F6,REQ_C8BA1847DF81,0,730.0,v0.1
INS_DEDE6472C4F6,REQ_BDF37431AAF4,1,450.0,v0.1
INS_DEDE6472C4F6,REQ_6182F7249B9A,2,530.0,v0.1
INS_DEDE6472C4F6,REQ_3D2CB53F0D3B,3,660.0,v0.1
INS_DEDE6472C4F6,REQ_A7FA9F0EAF7C,4,630.0,v0.1
INS_56675BCE633D,REQ_46E51E8D1FD6,0,30000.0,v0.1
INS_56675BCE633D,REQ_A7B945D73A87,1,30000.0,v0.1
INS_56675BCE633D,REQ_725ACAF24939,2,30000.0,v0.1
INS_56675BCE633D,REQ_C6B6CEDEAAEE,3,30000.0,v0.1
INS_56675BCE633D,REQ_F26378D02269,4,30000.0,v0.1
INS_56675BCE633D,REQ_BAD5094FC616,5,30000.0,v0.1
INS_491074527BDE,REQ_22FE16548632,0,1270.0,v0.1
INS_491074527BDE,REQ_47E083243E31,1,720.0,v0.1
INS_491074527BDE,REQ_BD9A69F90F8F,2,1830.0,v0.1
INS_491074527BDE,REQ_3587B7D61F2A,3,509.99999999999994,v0.1
INS_491074527BDE,REQ_0628212F0BF2,4,1500.0,v0.1
INS_491074527BDE,REQ_3604B198E1C3,5,1850.0,v0.1
INS_1A7E2B0A3CC2,REQ_CB17B3603761,0,800.0,v0.1
INS_1A7E2B0A3CC2,REQ_07C35EE61467,1,440.00000000000006,v0.1
INS_1A7E2B0A3CC2,REQ_5FA334A7023A,2,1330.0,v0.1
INS_1A7E2B0A3CC2,REQ_D8464A87EC30,3,360.0,v0.1
INS_1A7E2B0A3CC2,REQ_709968869BE6,4,450.0,v0.1
INS_1A7E2B0A3CC2,REQ_2DA1A6632A02,5,1470.0,v0.1
INS_1A7E2B0A3CC2,REQ_9B77CD1AB8E5,6,459.99999999999994,v0.1
INS_30EE5DC3DACB,REQ_96030E9D1CDC,0,320.0,v0.1
INS_30EE5DC3DACB,REQ_571DE22BBB11,1,670.0,v0.1
INS_30EE5DC3DACB,REQ_63D709FF8D11,2,470.0,v0.1
INS_03BF285E2D73,REQ_49313FAA0FFE,0,600.0,v0.1
INS_03BF285E2D73,REQ_1822E21DD462,1,400.0,v0.1
INS_03BF285E2D73,REQ_86E89ECA6A2E,2,280.0,v0.1
INS_03BF285E2D73,REQ_FAF03AA03B30,3,100.0,v0.1
INS_F302A96F1232,REQ_3E8C0EBCF2C7,0,380.0,v0.1
INS_F302A96F1232,REQ_ED8B5005E576,1,1280.0,v0.1
INS_F302A96F1232,REQ_027B86EB2157,2,1710.0,v0.1
INS_F302A96F1232,REQ_AD2F4448CDF1,3,1639.9999999999998,v0.1
INS_565B7E2BF950,REQ_40A3A309D7DB,0,960.0,v0.1
INS_565B7E2BF950,REQ_39CC47DC0642,1,930.0,v0.1
INS_565B7E2BF950,REQ_BA5680351D93,2,140.0,v0.1
INS_565B7E2BF950,REQ_E24D04763E27,3,190.0,v0.1
INS_565B7E2BF950,REQ_2A976635D27D,4,1240.0,v0.1
INS_F3E6F533067E,REQ_23597F191A8D,0,11100.0,v0.1
INS_F3E6F533067E,REQ_7868BDF12EC9,1,3560.0,v0.1
INS_F3E6F533067E,REQ_50A2F45747C0,2,9160.0,v0.1
INS_46EFF2C74766,REQ_C14BC78CEF1D,0,180.0,v0.1
INS_46EFF2C74766,REQ_6D1F2DDCF1F5,1,1050.0,v0.1
INS_46EFF2C74766,REQ_B1FEAF3EF97C,2,1810.0000000000002,v0.1
INS_46EFF2C74766,REQ_5275D987396B,3,1080.0,v0.1
INS_46EFF2C74766,REQ_7AEE23AE9778,4,1689.9999999999998,v0.1
INS_EC604ABDF2C0,REQ_364B0A3FF59A,0,450.0,v0.1
INS_EC604ABDF2C0,REQ_F9648C4982D5,1,1190.0,v0.1
INS_EC604ABDF2C0,REQ_C45C34A2FB42,2,990.0,v0.1
INS_CA8F377FC2FA,REQ_90C24A4CE2ED,0,1200.0,v0.1
INS_CA8F377FC2FA,REQ_EB39532344D7,1,800.0,v0.1
INS_CA8F377FC2FA,REQ_5910F8B30198,2,1510.0,v0.1
INS_CA8F377FC2FA,REQ_DD34A244CDA7,3,459.99999999999994,v0.1
INS_CA8F377FC2FA,REQ_49197913057F,4,560.0,v0.1
INS_CA8F377FC2FA,REQ_EDCD6CE525E7,5,400.0,v0.1
INS_A9555F610FD7,REQ_85F29648EDFB,0,590.0,v0.1
INS_A9555F610FD7,REQ_D6E839829C65,1,720.0,v0.1
INS_A9555F610FD7,REQ_5315EC039E1A,2,480.0,v0.1
INS_A9555F610FD7,REQ_5B7E2C86A08D,3,1450.0,v0.1
INS_2EE4BE524F57,REQ_CAA68EE4417B,0,350.0,v0.1
INS_2EE4BE524F57,REQ_3A1EEB16A4F1,1,640.0,v0.1
INS_2EE4BE524F57,REQ_DDBF02AC4D4E,2,700.0,v0.1
INS_2EE4BE524F57,REQ_3FA5DDDFE446,3,1020.0,v0.1
INS_2EE4BE524F57,REQ_134F5D52C603,4,1200.0,v0.1
INS_2EE4BE524F57,REQ_127B4E69841E,5,1000.0,v0.1
INS_2EE4BE524F57,REQ_C29EBDC761C2,6,590.0,v0.1
INS_C75B3D1E1B56,REQ_22C89477CB12,0,840.0,v0.1
INS_C75B3D1E1B56,REQ_29AEDE1CCED4,1,760.0,v0.1
INS_C75B3D1E1B56,REQ_E73B0A8A1F94,2,970.0,v0.1
INS_C75B3D1E1B56,REQ_0F6D5996EADF,3,1100.0,v0.1
INS_C75B3D1E1B56,REQ_DCFC6B12CBD6,4,720.0,v0.1
INS_C75B3D1E1B56,REQ_223498CF7325,5,590.0,v0.1
INS_7043E1A80043,REQ_6C49F78236B2,0,840.0,v0.1
INS_7043E1A80043,REQ_0085A5F89AD8,1,890.0,v0.1
INS_7043E1A80043,REQ_2E91DDA10B2D,2,700.0,v0.1
INS_7043E1A80043,REQ_6B6CE059D723,3,440.0,v0.1
INS_7043E1A80043,REQ_33C165516220,4,420.0,v0.1
INS_44A70003A723,REQ_9EF709420473,0,21920.0,v0.1
INS_44A70003A723,REQ_D41663ABDA7E,1,18930.0,v0.1
INS_44A70003A723,REQ_7316E36FB9C5,2,12310.0,v0.1
INS_44A70003A723,REQ_E74EE37E0E0B,3,13730.0,v0.1
INS_40FF472385A9,REQ_8BFE670D4B1A,0,900.0,v0.1
INS_40FF472385A9,REQ_1A87A66C5D77,1,250.0,v0.1
INS_40FF472385A9,REQ_59466EF8A148,2,850.0,v0.1
INS_AC95BE11ED61,REQ_BE41B1D56AE1,0,950.0,v0.1
INS_AC95BE11ED61,REQ_4C5A87048AA3,1,400.0,v0.1
INS_AC95BE11ED61,REQ_4BD24530D365,2,980.0000000000001,v0.1
INS_AC95BE11ED61,REQ_3978E2F616E7,3,840.0,v0.1
INS_A6EEAE166895,REQ_87B60459FCBA,0,350.0,v0.1
INS_A6EEAE166895,REQ_30BF6806741E,1,229.99999999999997,v0.1
INS_A6EEAE166895,REQ_37CCCB5E2994,2,600.0,v0.1
INS_A6EEAE166895,REQ_170E89A4DA47,3,490.00000000000006,v0.1
INS_A6EEAE166895,REQ_14B7509F3E12,4,170.0,v0.1
INS_A6EEAE166895,REQ_BEFB54EBDB85,5,530.0,v0.1
INS_A6EEAE166895,REQ_EAA3A1C55909,6,490.00000000000006,v0.1
INS_0CF6A9EC1373,REQ_BD2AB4FD9304,0,1800.0,v0.1
INS_0CF6A9EC1373,REQ_58B28C73054A,1,830.0,v0.1
INS_0CF6A9EC1373,REQ_2911A885C459,2,1739.9999999999998,v0.1
INS_0CF6A9EC1373,REQ_10AE1C006508,3,950.0,v0.1
INS_71130EB669B4,REQ_F6D705542F1C,0,13680.0,v0.1
INS_71130EB669B4,REQ_5128C36DC078,1,17060.0,v0.1
INS_71130EB669B4,REQ_E50524A96B19,2,20540.0,v0.1
INS_6F83543FF226,REQ_699C051F8398,0,550.0,v0.1
INS_6F83543FF226,REQ_542823B12358,1,430.0,v0.1
INS_6F83543FF226,REQ_E11232C83C78,2,950.0,v0.1
INS_6F83543FF226,REQ_ABBE582054A4,3,420.0,v0.1
INS_E3FB2068323D,REQ_95B05314B864,0,1710.0000000000002,v0.1
INS_E3FB2068323D,REQ_ADC6BB92AF2D,1,400.0,v0.1
INS_E3FB2068323D,REQ_AFB3C34904FF,2,1800.0,v0.1
INS_E3FB2068323D,REQ_803772415353,3,490.0,v0.1
INS_E3FB2068323D,REQ_8CDE56831747,4,1800.0,v0.1
INS_E3FB2068323D,REQ_A62B09D8827A,5,240.0,v0.1
INS_71C1F0B3DFAA,REQ_D124E8853BB5,0,680.0,v0.1
INS_71C1F0B3DFAA,REQ_FFD4369FB5CE,1,350.0,v0.1
INS_71C1F0B3DFAA,REQ_8568F269A9D7,2,930.0000000000001,v0.1
INS_71C1F0B3DFAA,REQ_D5C21B373646,3,230.0,v0.1
INS_71C1F0B3DFAA,REQ_77A79B5290E6,4,980.0,v0.1
INS_71C1F0B3DFAA,REQ_41A6E756A9C7,5,229.99999999999997,v0.1
INS_C85FC1D968F8,REQ_7CF9F5A90A05,0,14280.0,v0.1
INS_C85FC1D968F8,REQ_CBE58178588E,1,10570.0,v0.1
INS_C85FC1D968F8,REQ_8F717200F89D,2,11430.0,v0.1
INS_C85FC1D968F8,REQ_A7BC46973A10,3,15700.0,v0.1
INS_C85FC1D968F8,REQ_D6A702805405,4,13950.0,v0.1
INS_C85FC1D968F8,REQ_57FD9283ECDD,5,13890.0,v0.1
INS_627CFF9DB831,REQ_78E5CC497448,0,250.0,v0.1
INS_627CFF9DB831,REQ_2CA191175619,1,190.0,v0.1
INS_627CFF9DB831,REQ_863993A2E698,2,290.0,v0.1
INS_627CFF9DB831,REQ_2CCDF194B4DF,3,140.0,v0.1
INS_627CFF9DB831,REQ_E475DD909131,4,260.0,v0.1
INS_627CFF9DB831,REQ_E50005BD9BB2,5,80.0,v0.1
INS_627CFF9DB831,REQ_DA9001594022,6,160.0,v0.1
INS_DD3D05952F55,REQ_DB98512CE6C5,0,250.0,v0.1
INS_DD3D05952F55,REQ_C2EB3BE80C53,1,940.0,v0.1
INS_DD3D05952F55,REQ_5B8045121F62,2,600.0,v0.1
INS_DD3D05952F55,REQ_B7B7C351297E,3,229.99999999999997,v0.1
INS_2181FF945EAF,REQ_060DED9167D1,0,130.0,v0.1
INS_2181FF945EAF,REQ_8AF88FB69F66,1,600.0,v0.1
INS_2181FF945EAF,REQ_C65E9A83ABDA,2,470.0,v0.1
INS_2181FF945EAF,REQ_67F435F68590,3,260.0,v0.1
INS_2181FF945EAF,REQ_C98A1E607D07,4,900.0,v0.1
INS_84C0D639D306,REQ_5726615C6FA0,0,1190.0,v0.1
INS_84C0D639D306,REQ_E9DA7E71A6EC,1,1100.0,v0.1
INS_84C0D639D306,REQ_4DEC9B85AD35,2,520.0,v0.1
INS_84C0D639D306,REQ_B42DE0D244D3,3,550.0,v0.1
INS_84C0D639D306,REQ_45158392069D,4,200.0,v0.1
INS_84C0D639D306,REQ_647E1A691DEE,5,990.0,v0.1
INS_251C0987BDF7,REQ_BE6E8CDCDB8B,0,1000.0,v0.1
INS_251C0987BDF7,REQ_A36E5FE90E7D,1,680.0,v0.1
INS_251C0987BDF7,REQ_82FFB58CEE26,2,2020.0,v0.1
INS_251C0987BDF7,REQ_0BFB79A89C42,3,830.0,v0.1
INS_251C0987BDF7,REQ_7FA6B07D602B,4,1550.0,v0.1
INS_7BB748514318,REQ_C8FBC4785A12,0,1650.0,v0.1
INS_7BB748514318,REQ_CE0F64731116,1,440.0,v0.1
INS_7BB748514318,REQ_5A633402B426,2,910.0,v0.1
INS_E285D04A776A,REQ_5F446DF542CF,0,24970.0,v0.1
INS_E285D04A776A,REQ_4BE0C09F6875,1,20790.0,v0.1
INS_E285D04A776A,REQ_04EF78E78706,2,20060.0,v0.1
INS_82A1F141D776,REQ_4137B2562B91,0,450.0,v0.1
INS_82A1F141D776,REQ_9C59ECC99046,1,950.0,v0.1
INS_82A1F141D776,REQ_A5D4386B47AB,2,180.0,v0.1
INS_82A1F141D776,REQ_0CA01EEFBC85,3,290.0,v0.1
INS_82A1F141D776,REQ_AE6E19DA32AD,4,650.0,v0.1
INS_82A1F141D776,REQ_8B1BBC66EC53,5,800.0,v0.1
INS_82A1F141D776,REQ_A5ECDB6DBDA0,6,600.0,v0.1
INS_76B5979E5BD6,REQ_95F4843EEB7B,0,670.0,v0.1
INS_76B5979E5BD6,REQ_3D6392367D67,1,80.0,v0.1
INS_76B5979E5BD6,REQ_9564BF0BE93B,2,1270.0,v0.1
INS_76B5979E5BD6,REQ_F308025E6AF7,3,800.0,v0.1
INS_76B5979E5BD6,REQ_038EFE9ECA18,4,1060.0,v0.1
INS_76B5979E5BD6,REQ_0725631EE135,5,1120.0,v0.1
INS_76B5979E5BD6,REQ_98D6B8C6CAED,6,840.0,v0.1
INS_6157154D4266,REQ_0A792441F7A4,0,1420.0,v0.1
INS_6157154D4266,REQ_FF0845CB39C9,1,620.0,v0.1
INS_6157154D4266,REQ_FBA697271B23,2,1000.0,v0.1
INS_379AEE93FC61,REQ_FBB110998B9F,0,1460.0,v0.1
INS_379AEE93FC61,REQ_9F8589B7F1AD,1,370.0,v0.1
INS_379AEE93FC61,REQ_36EF78C1C05E,2,300.0,v0.1
INS_379AEE93FC61,REQ_09008035811D,3,1360.0,v0.1
INS_FBF5D307D4B7,REQ_EA8383D529C8,0,18670.0,v0.1
INS_FBF5D307D4B7,REQ_C3F5CB98CAC9,1,380.0,v0.1
INS_FBF5D307D4B7,REQ_830BD5F1D618,2,1080.0,v0.1
INS_FBF5D307D4B7,REQ_71E6D578B3FA,3,30000.0,v0.1
INS_FBF5D307D4B7,REQ_81C44AF3E007,4,4300.0,v0.1
INS_FBF5D307D4B7,REQ_6444AA482651,5,30000.0,v0.1
INS_FBF5D307D4B7,REQ_6DE30DACE934,6,3729.9999999999995,v0.1
INS_FBF5D307D4B7,REQ_0945B3EF1EB3,7,250.0,v0.1
INS_FBF5D307D4B7,REQ_05D7C77D7D3D,8,18490.0,v0.1
INS_FBF5D307D4B7,REQ_D21BFC4E3EB3,9,1340.0,v0.1
INS_FBF5D307D4B7,REQ_A2C93E362A86,10,930.0000000000001,v0.1
INS_D2F223016FE4,REQ_9307B4BD8E65,0,18230.0,v0.1
INS_D2F223016FE4,REQ_A6A7121F439D,1,12870.0,v0.1
INS_D2F223016FE4,REQ_D2BF7BF2541C,2,490.0,v0.1
INS_D2F223016FE4,REQ_2E8C7869A15C,3,30000.0,v0.1
INS_D2F223016FE4,REQ_F83677D090A2,4,3890.0,v0.1
INS_D2F223016FE4,REQ_C0378C0E1A9A,5,340.0,v0.1
INS_D2F223016FE4,REQ_03F388FDFC7E,6,16700.0,v0.1
INS_D2F223016FE4,REQ_7EC5BA8CC895,7,30000.0,v0.1
INS_D2F223016FE4,REQ_7ABFB3597E97,8,16520.0,v0.1
INS_D2F223016FE4,REQ_24F6B148911F,9,14270.0,v0.1
INS_D2F223016FE4,REQ_40BD15A6223B,10,2120.0,v0.1
INS_C4B55B924856,REQ_7DEDC63F2E56,0,30000.0,v0.1
INS_C4B55B924856,REQ_CCCFC8E0CEAD,1,1350.0,v0.1
INS_C4B55B924856,REQ_E226B2B6B77A,2,2600.0,v0.1
INS_C4B55B924856,REQ_62CDCEAB8500,3,9420.0,v0.1
INS_C4B55B924856,REQ_8F7F53D075CB,4,770.0,v0.1
INS_C4B55B924856,REQ_FC75B8A29A2D,5,30000.0,v0.1
INS_C4B55B924856,REQ_3CB877C5D1FF,6,950.0,v0.1
INS_C4B55B924856,REQ_127B4E69841E,7,1000.0,v0.1
INS_C4B55B924856,REQ_718575928C49,8,30000.0,v0.1
INS_C4B55B924856,REQ_BA7F1AC55A6C,9,1520.0,v0.1
INS_C4B55B924856,REQ_44AD48240D20,10,1060.0,v0.1
INS_C4B55B924856,REQ_AA8C2CC1D249,11,8260.0,v0.1
INS_EB3E10757159,REQ_3D1366996BD3,0,3780.0,v0.1
INS_EB3E10757159,REQ_54E414A90E26,1,100.0,v0.1
INS_EB3E10757159,REQ_824CE6C0712C,2,30000.0,v0.1
INS_EB3E10757159,REQ_8FE0761F4237,3,13760.0,v0.1
INS_EB3E10757159,REQ_B551DB58B631,4,3160.0,v0.1
INS_EB3E10757159,REQ_E856E7489E2E,5,30000.0,v0.1
INS_EB3E10757159,REQ_BE24569CCEFB,6,1450.0,v0.1
INS_EB3E10757159,REQ_75A7B680741D,7,880.0000000000001,v0.1
INS_EB3E10757159,REQ_E8B1CA911C0C,8,300.0,v0.1
INS_EB3E10757159,REQ_4657619F4FBB,9,1750.0,v0.1
INS_47AE80706E58,REQ_353659939B55,0,4170.0,v0.1
INS_47AE80706E58,REQ_E629FD0DAA0A,1,10650.0,v0.1
INS_47AE80706E58,REQ_1EE226D19579,2,11900.0,v0.1
INS_47AE80706E58,REQ_3F8D90E7B904,3,12900.0,v0.1
INS_02B1E2010677,REQ_9854F22FFC9A,0,470.0,v0.1
INS_02B1E2010677,REQ_E711ACB22092,1,30000.0,v0.1
INS_02B1E2010677,REQ_BA871C8E953D,2,30000.0,v0.1
INS_02B1E2010677,REQ_92FD5EFD22D3,3,30000.0,v0.1
INS_02B1E2010677,REQ_67FDF48977B0,4,520.0,v0.1
INS_02B1E2010677,REQ_76B8F5282EED,5,14700.0,v0.1
INS_02B1E2010677,REQ_54DDBBCDA87F,6,2070.0,v0.1
INS_02B1E2010677,REQ_C532521B97BC,7,30000.0,v0.1
INS_02B1E2010677,REQ_829A6AABFD5F,8,30000.0,v0.1
INS_D3BC50966B28,REQ_C009BE134268,0,3880.0,v0.1
INS_D3BC50966B28,REQ_7861B1B586AB,1,23550.0,v0.1
INS_D3BC50966B28,REQ_66108919CC09,2,18930.0,v0.1
INS_D3BC50966B28,REQ_688367AF0918,3,860.0,v0.1
INS_D3BC50966B28,REQ_5D942A41C4D3,4,1810.0000000000002,v0.1
INS_D3BC50966B28,REQ_C2825BAB5011,5,11770.0,v0.1
INS_D3BC50966B28,REQ_D1C8CD568536,6,969.9999999999999,v0.1
INS_D3BC50966B28,REQ_802C0CD8424A,7,30000.0,v0.1
INS_D3BC50966B28,REQ_DC0E75EE464B,8,170.0,v0.1
INS_D3BC50966B28,REQ_39FC9F2E4361,9,30000.0,v0.1
INS_D3BC50966B28,REQ_E0FA2C792DEB,10,260.0,v0.1
INS_D3BC50966B28,REQ_A517136BC806,11,260.0,v0.1
INS_D3BC50966B28,REQ_3F9936FE22B3,12,509.99999999999994,v0.1
INS_D3BC50966B28,REQ_500CFDC86693,13,30000.0,v0.1
INS_D3BC50966B28,REQ_D0297ED43C1C,14,12300.0,v0.1
INS_D3BC50966B28,REQ_10EE9449F801,15,940.0,v0.1
INS_D3BC50966B28,REQ_84F4D6D4603D,16,15750.0,v0.1
INS_D3BC50966B28,REQ_86E7FCCDA59F,17,26920.0,v0.1
INS_D3BC50966B28,REQ_776A2FA150C2,18,620.0,v0.1
INS_D3BC50966B28,REQ_829E8C61F677,19,530.0,v0.1
INS_D3BC50966B28,REQ_AC80064221EA,20,13790.0,v0.1
INS_D3BC50966B28,REQ_45597270E949,21,13330.0,v0.1
INS_D3BC50966B28,REQ_23CA652196BF,22,1320.0,v0.1
INS_D3BC50966B28,REQ_6568C701FAAD,23,28050.0,v0.1
INS_D3BC50966B28,REQ_2966B9EE0EFB,24,8840.0,v0.1
INS_9A78DB83A6BC,REQ_1C2D16956B4E,0,1150.0,v0.1
INS_9A78DB83A6BC,REQ_847A3D974D3B,1,140.0,v0.1
INS_9A78DB83A6BC,REQ_50E5C5F54B70,2,830.0,v0.1
INS_9A78DB83A6BC,REQ_E7235F8CD949,3,320.0,v0.1
INS_9A78DB83A6BC,REQ_CC606D3650CC,4,360.0,v0.1
INS_9A78DB83A6BC,REQ_B056A391EFBC,5,280.0,v0.1
INS_9A78DB83A6BC,REQ_D9BDC2165D8E,6,3440.0,v0.1
INS_9A78DB83A6BC,REQ_6B147236E2AB,7,680.0,v0.1
INS_B8E7057C200C,REQ_9C0B31B1FCAA,0,3650.0,v0.1
INS_B8E7057C200C,REQ_9C5CDD40A93B,1,9510.0,v0.1
INS_B8E7057C200C,REQ_EC110C66DB78,2,9675.0,v0.1
INS_B8E7057C200C,REQ_F99CF2E22229,3,2080.0,v0.1
INS_B8E7057C200C,REQ_82FA89EAA5AE,4,310.0,v0.1
INS_B8E7057C200C,REQ_F7A2DD1AAE7E,5,220.00000000000003,v0.1
INS_B8E7057C200C,REQ_DF54D746A290,6,869.9999999999999,v0.1
INS_B8E7057C200C,REQ_234088716DE5,7,2050.0,v0.1
INS_B8E7057C200C,REQ_211D02A286FF,8,1500.0,v0.1
INS_B8E7057C200C,REQ_9182E7EC4288,9,960.0,v0.1
INS_B8E7057C200C,REQ_AC00736AEB2E,10,990.0,v0.1
INS_EB47A2FE28E9,REQ_000067DE0D65,0,30000.0,v0.1
INS_EB47A2FE28E9,REQ_83F2D94932D7,1,650.0,v0.1
INS_EB47A2FE28E9,REQ_95EB49B29771,2,30000.0,v0.1
INS_EB47A2FE28E9,REQ_7BF5600C148F,3,10630.0,v0.1
INS_EB47A2FE28E9,REQ_942685006168,4,1970.0,v0.1
INS_EB47A2FE28E9,REQ_1A3F74AF5D5B,5,30000.0,v0.1
INS_EB47A2FE28E9,REQ_8DC26C8B1803,6,30000.0,v0.1
INS_EB47A2FE28E9,REQ_DA9EDADB48C5,7,30000.0,v0.1
INS_EB47A2FE28E9,REQ_6F5CF943F3DA,8,5800.0,v0.1
INS_EB47A2FE28E9,REQ_F0A10F651168,9,30000.0,v0.1
INS_EB47A2FE28E9,REQ_7853C4E7098C,10,1660.0,v0.1
INS_EB47A2FE28E9,REQ_85F9351ABB24,11,1190.0,v0.1
INS_EB47A2FE28E9,REQ_F18D00704628,12,7900.0,v0.1
INS_EABBF9E767B6,REQ_28925CA36937,0,30000.0,v0.1
INS_EABBF9E767B6,REQ_136B83A4CFC0,1,30000.0,v0.1
INS_EABBF9E767B6,REQ_92407FE6D801,2,670.0,v0.1
INS_EABBF9E767B6,REQ_7DD90E43DCE7,3,280.0,v0.1
INS_EABBF9E767B6,REQ_FE48153A0C00,4,2000.0,v0.1
INS_EABBF9E767B6,REQ_2C361E0FF6D2,5,2500.0,v0.1
INS_EABBF9E767B6,REQ_C515B0081661,6,2310.0,v0.1
INS_EABBF9E767B6,REQ_C3D11242A41B,7,900.0,v0.1
INS_EABBF9E767B6,REQ_FA75CD8E5F3D,8,360.0,v0.1
INS_EABBF9E767B6,REQ_2A1B66B95CA1,9,4250.0,v0.1
INS_EABBF9E767B6,REQ_B492421D43A8,10,30000.0,v0.1
INS_EABBF9E767B6,REQ_63E218EAA5DE,11,2260.0,v0.1
INS_EABBF9E767B6,REQ_8F311E04A116,12,950.0,v0.1
INS_EABBF9E767B6,REQ_A23B6A3D281B,13,1960.0,v0.1
INS_EABBF9E767B6,REQ_4060C6E94141,14,1350.0,v0.1
INS_EABBF9E767B6,REQ_EEB6673BCED3,15,15760.0,v0.1
INS_EABBF9E767B6,REQ_162F00C8879C,16,440.00000000000006,v0.1
INS_EABBF9E767B6,REQ_4F23B8FEA46D,17,3750.0,v0.1
INS_EABBF9E767B6,REQ_A128B5D7E841,18,26700.0,v0.1
INS_EABBF9E767B6,REQ_9FA510135DFB,19,3540.0,v0.1
INS_EABBF9E767B6,REQ_A86DD8C34DFB,20,7400.0,v0.1
INS_EABBF9E767B6,REQ_BEDDB37EE34E,21,14620.0,v0.1
INS_EABBF9E767B6,REQ_57B29D2BA059,22,1910.0,v0.1
INS_EABBF9E767B6,REQ_25CD4506DE3B,23,2700.0,v0.1
INS_EABBF9E767B6,REQ_3146CF2CD56C,24,280.0,v0.1
INS_EABBF9E767B6,REQ_EC356BCDC10F,25,30000.0,v0.1
INS_EABBF9E767B6,REQ_EDC76BF4D005,26,780.0,v0.1
INS_EABBF9E767B6,REQ_290AFA181790,27,30000.0,v0.1
INS_EABBF9E767B6,REQ_807467DFD98B,28,2660.0,v0.1
INS_EABBF9E767B6,REQ_FC2B20DACFB5,29,1410.0,v0.1
INS_B6B19BF24B5F,REQ_4ACED8586FC2,0,600.0,v0.1
INS_B6B19BF24B5F,REQ_E8A21C77F13F,1,9680.0,v0.1
INS_B6B19BF24B5F,REQ_724A01E786D8,2,630.0,v0.1
INS_B6B19BF24B5F,REQ_A00821A56185,3,950.0,v0.1
INS_B6B19BF24B5F,REQ_9406715B73DF,4,440.00000000000006,v0.1
INS_B6B19BF24B5F,REQ_94639C6768C3,5,7880.0,v0.1
INS_B6B19BF24B5F,REQ_03CB04AD80D0,6,12800.0,v0.1
INS_B6B19BF24B5F,REQ_B54DC204822A,7,2210.0,v0.1
INS_B6B19BF24B5F,REQ_60963E379959,8,2890.0,v0.1
INS_B6B19BF24B5F,REQ_AE712D34803D,9,30000.0,v0.1
INS_B6B19BF24B5F,REQ_3017DAF66A13,10,30000.0,v0.1
INS_B6B19BF24B5F,REQ_FAC9E53ECFEA,11,450.0,v0.1
INS_B6B19BF24B5F,REQ_E185008F332F,12,16160.0,v0.1
INS_B6B19BF24B5F,REQ_0E282533281A,13,1839.9999999999998,v0.1
INS_B6B19BF24B5F,REQ_6A60DB1DEDA6,14,30000.0,v0.1
INS_B6B19BF24B5F,REQ_7129D8CF936B,15,1310.0,v0.1
INS_B6B19BF24B5F,REQ_D3A41658A10F,16,5040.0,v0.1
INS_B6B19BF24B5F,REQ_E04643C940A5,17,8890.0,v0.1
INS_B6B19BF24B5F,REQ_4F1BE0394EA1,18,760.0,v0.1
INS_B6B19BF24B5F,REQ_8A7FA70289D1,19,11850.0,v0.1
INS_B6B19BF24B5F,REQ_519B37D8AAA1,20,5030.0,v0.1
INS_B6B19BF24B5F,REQ_EC5BA3A811DF,21,10970.0,v0.1
INS_B6B19BF24B5F,REQ_16E839822ACE,22,1710.0000000000002,v0.1
INS_B6B19BF24B5F,REQ_6674FBD8B1CA,23,6220.0,v0.1
INS_B6B19BF24B5F,REQ_31CD2B273778,24,370.0,v0.1
INS_B6B19BF24B5F,REQ_35769EEF7E5F,25,30000.0,v0.1
INS_B6B19BF24B5F,REQ_5742808346BB,26,3920.0,v0.1
INS_B6B19BF24B5F,REQ_DD19EDBFB0C1,27,4970.0,v0.1
INS_B6B19BF24B5F,REQ_9A78E2AAEB64,28,7530.0,v0.1
INS_CB0A672A7DBC,REQ_895E7DF735BD,0,14200.0,v0.1
INS_CB0A672A7DBC,REQ_0CC67604B2B7,1,24350.0,v0.1
INS_CB0A672A7DBC,REQ_CB81322F5C84,2,6800.0,v0.1
INS_CB0A672A7DBC,REQ_C21D9002E4B1,3,22540.0,v0.1
INS_CB0A672A7DBC,REQ_48C9BCADCABD,4,30000.0,v0.1
INS_CB0A672A7DBC,REQ_919DD27012C6,5,30000.0,v0.1
INS_CB0A672A7DBC,REQ_4CC2DA46AECF,6,30000.0,v0.1
INS_CB0A672A7DBC,REQ_BA4765F3E68D,7,30000.0,v0.1
INS_CB0A672A7DBC,REQ_8BEBDFC315FC,8,15350.0,v0.1
INS_CB0A672A7DBC,REQ_6C087EA6F86F,9,30000.0,v0.1
INS_CB0A672A7DBC,REQ_25F94CE4E455,10,30000.0,v0.1
INS_CB0A672A7DBC,REQ_16000AC93CBF,11,17000.0,v0.1
INS_CB0A672A7DBC,REQ_CECF7A168639,12,30000.0,v0.1
INS_C30C52E95848,REQ_E102D439215A,0,18730.0,v0.1
INS_C30C52E95848,REQ_B59F82F14BB3,1,15560.0,v0.1
INS_C30C52E95848,REQ_A88BABB804D7,2,750.0,v0.1
INS_C30C52E95848,REQ_F852BC8CD52B,3,150.0,v0.1
INS_C30C52E95848,REQ_3438AA0E21E8,4,150.0,v0.1
INS_C30C52E95848,REQ_581B92C94DFF,5,150.0,v0.1
INS_C30C52E95848,REQ_5B06407F69FD,6,3430.0,v0.1
INS_C30C52E95848,REQ_0F9720CACE4A,7,25200.0,v0.1
INS_C30C52E95848,REQ_9885F36D43C0,8,11050.0,v0.1
INS_C30C52E95848,REQ_2383F520E69F,9,10770.0,v0.1
INS_C30C52E95848,REQ_37CCCB5E2994,10,600.0,v0.1
INS_C30C52E95848,REQ_3C2B21F62C6D,11,9280.0,v0.1
INS_C30C52E95848,REQ_C992626D74BA,12,2220.0,v0.1
INS_C30C52E95848,REQ_752DC23A6AB4,13,2160.0,v0.1
INS_C30C52E95848,REQ_18F429A29A96,14,9500.0,v0.1
INS_C30C52E95848,REQ_0182BC8443F3,15,12740.0,v0.1
INS_C30C52E95848,REQ_603B8B8310C6,16,12430.0,v0.1
INS_C30C52E95848,REQ_D757029806BA,17,30000.0,v0.1
INS_C30C52E95848,REQ_D01140B78D80,18,25090.0,v0.1
INS_C30C52E95848,REQ_691C1EFB70AA,19,8800.0,v0.1
INS_C30C52E95848,REQ_F5A58A4D98B0,20,250.0,v0.1
INS_C30C52E95848,REQ_0122E41287AF,21,450.0,v0.1
INS_1C095C87ED95,REQ_0F045971067F,0,26890.0,v0.1
INS_1C095C87ED95,REQ_C85A6B2E3893,1,30000.0,v0.1
INS_1C095C87ED95,REQ_65CA02C13154,2,29310.0,v0.1
INS_1C095C87ED95,REQ_BEA66E316F02,3,6060.0,v0.1
INS_1C095C87ED95,REQ_37F7EB3DFB07,4,30000.0,v0.1
INS_1C095C87ED95,REQ_5DB843AC7447,5,1800.0,v0.1
INS_1C095C87ED95,REQ_79539DCCD0BC,6,19140.0,v0.1
INS_1C095C87ED95,REQ_CB7D1A64A1D0,7,30000.0,v0.1
INS_1C095C87ED95,REQ_966B338E8AF9,8,8540.0,v0.1
INS_4430B53624FC,REQ_BE088E54F9C0,0,1130.0,v0.1
INS_4430B53624FC,REQ_7448207C4EB5,1,660.0,v0.1
INS_4430B53624FC,REQ_E9E2CB2E9385,2,3240.0,v0.1
INS_4430B53624FC,REQ_BDDE9BA940B1,3,14300.0,v0.1
INS_4430B53624FC,REQ_582E3E3A3459,4,550.0,v0.1
INS_4430B53624FC,REQ_2091C2EAAED7,5,620.0,v0.1
INS_4430B53624FC,REQ_E0A70A80DC3A,6,30000.0,v0.1
INS_4430B53624FC,REQ_F728E575929A,7,730.0,v0.1
INS_4430B53624FC,REQ_4047C57721C9,8,450.0,v0.1
INS_4430B53624FC,REQ_582DD689676B,9,400.0,v0.1
INS_4430B53624FC,REQ_766F5ADAAF66,10,370.0,v0.1
INS_4430B53624FC,REQ_B68591D594C6,11,1250.0,v0.1
INS_C023E28A14AA,REQ_9BFE0AC5300A,0,270.0,v0.1
INS_C023E28A14AA,REQ_E949B4673C53,1,860.0,v0.1
INS_C023E28A14AA,REQ_1644F16D27FF,2,30000.0,v0.1
INS_C023E28A14AA,REQ_A42435B6F0C4,3,230.0,v0.1
INS_C023E28A14AA,REQ_670439A34328,4,30000.0,v0.1
INS_C023E28A14AA,REQ_2BD981359F2B,5,17710.0,v0.1
INS_C023E28A14AA,REQ_29B80031FA3D,6,780.0,v0.1
INS_C023E28A14AA,REQ_D1B919E5E93E,7,6100.0,v0.1
INS_C023E28A14AA,REQ_084C8A4384D4,8,840.0,v0.1
INS_C023E28A14AA,REQ_7E669F953C4B,9,2400.0,v0.1
INS_C023E28A14AA,REQ_F6A7D1C54788,10,190.0,v0.1
INS_C023E28A14AA,REQ_B7B086DAD41B,11,2700.0,v0.1
INS_C023E28A14AA,REQ_40AA9C34AF63,12,14150.0,v0.1
INS_C023E28A14AA,REQ_FA3CE204AD6E,13,1050.0,v0.1
INS_C023E28A14AA,REQ_9BBC801F24E2,14,30000.0,v0.1
INS_C023E28A14AA,REQ_A6D3B42846BF,15,10930.0,v0.1
INS_C023E28A14AA,REQ_7471085319CE,16,30000.0,v0.1
INS_C023E28A14AA,REQ_C5AC4EADE2BB,17,30000.0,v0.1
INS_C023E28A14AA,REQ_741B47531EB3,18,24410.0,v0.1
INS_C023E28A14AA,REQ_F6B32594AD82,19,780.0,v0.1
INS_C023E28A14AA,REQ_E4EB1BFC9D31,20,770.0,v0.1
INS_C023E28A14AA,REQ_B20A802EE90E,21,360.0,v0.1
INS_C023E28A14AA,REQ_B2B985380ADA,22,21780.0,v0.1
INS_68017C856DCA,REQ_2383F520E69F,0,10770.0,v0.1
INS_68017C856DCA,REQ_0122E41287AF,1,450.0,v0.1
INS_68017C856DCA,REQ_3C2B21F62C6D,2,9280.0,v0.1
INS_68017C856DCA,REQ_9058DA7D54DD,3,1440.0,v0.1
INS_68017C856DCA,REQ_8D60E55EAABE,4,7540.0,v0.1
INS_68017C856DCA,REQ_31D06A361ECC,5,700.0,v0.1
INS_68017C856DCA,REQ_81C910538DC5,6,450.0,v0.1
INS_68017C856DCA,REQ_B1C77303325F,7,24250.0,v0.1
INS_68017C856DCA,REQ_D43D42BFDBBA,8,30000.0,v0.1
INS_68017C856DCA,REQ_9F8C3522C9B4,9,1320.0,v0.1
INS_68017C856DCA,REQ_A424277F866C,10,6710.0,v0.1
INS_68017C856DCA,REQ_68170BAEFA2F,11,400.0,v0.1
INS_68017C856DCA,REQ_40FB3C4CCFBD,12,30000.0,v0.1
INS_68017C856DCA,REQ_43EE6B2DECEF,13,400.0,v0.1
INS_68017C856DCA,REQ_46C3C4A983CA,14,30000.0,v0.1
INS_68017C856DCA,REQ_691C1EFB70AA,15,8800.0,v0.1
INS_68017C856DCA,REQ_603B8B8310C6,16,12430.0,v0.1
INS_68017C856DCA,REQ_430912A986F8,17,12750.0,v0.1
INS_68017C856DCA,REQ_7B3BC85A485D,18,30000.0,v0.1
INS_68017C856DCA,REQ_69611E1250FC,19,30000.0,v0.1
INS_68017C856DCA,REQ_BAE3823DD50B,20,3820.0,v0.1
INS_68017C856DCA,REQ_FBE7FB7B2824,21,17460.0,v0.1
INS_68017C856DCA,REQ_C206D7569A93,22,6700.0,v0.1
INS_68017C856DCA,REQ_DC798C900EFA,23,27420.0,v0.1
INS_68017C856DCA,REQ_3F5BB1D20E5D,24,17420.0,v0.1
INS_68017C856DCA,REQ_14B7509F3E12,25,170.0,v0.1
INS_68017C856DCA,REQ_E67C0942089D,26,3170.0,v0.1
INS_68017C856DCA,REQ_9EC1FC2D4A90,27,2500.0,v0.1
INS_68017C856DCA,REQ_C5500582E5BA,28,20320.0,v0.1
INS_68017C856DCA,REQ_1C60F17C52A2,29,12700.0,v0.1
INS_68017C856DCA,REQ_D50657AA42D6,30,730.0,v0.1
INS_68017C856DCA,REQ_EC0563BED3E4,31,150.0,v0.1
INS_68017C856DCA,REQ_C740275B52B0,32,30000.0,v0.1
INS_68017C856DCA,REQ_205513CE5173,33,8990.0,v0.1
INS_68017C856DCA,REQ_B8A5AEAFA396,34,9110.0,v0.1
INS_68017C856DCA,REQ_A321471981CC,35,20490.0,v0.1
INS_68017C856DCA,REQ_365B32EEDD5A,36,4090.0,v0.1
INS_68017C856DCA,REQ_A5887ACD0217,37,2690.0,v0.1
INS_68017C856DCA,REQ_790CCE562F04,38,950.0,v0.1
INS_68017C856DCA,REQ_73177B16179D,39,17860.0,v0.1
INS_68017C856DCA,REQ_170E89A4DA47,40,490.00000000000006,v0.1
INS_68017C856DCA,REQ_8892D608CAD3,41,170.0,v0.1
INS_68017C856DCA,REQ_5C461972444B,42,530.0,v0.1
INS_68017C856DCA,REQ_E587389E24D9,43,80.0,v0.1
INS_68017C856DCA,REQ_58555CF2B768,44,400.0,v0.1
INS_098F3B919902,REQ_39CEED4E878B,0,550.0,v0.1
INS_098F3B919902,REQ_7DDCADA65F72,1,30000.0,v0.1
INS_098F3B919902,REQ_0B9C1C9E92CF,2,2410.0,v0.1
INS_098F3B919902,REQ_BFAD0F4F2054,3,7350.0,v0.1
INS_098F3B919902,REQ_0F50C273A841,4,30000.0,v0.1
INS_098F3B919902,REQ_8E163248E3F4,5,210.0,v0.1
INS_098F3B919902,REQ_353B8A97A9B2,6,6040.0,v0.1
INS_098F3B919902,REQ_5C375E2889AB,7,14290.0,v0.1
INS_098F3B919902,REQ_8264B93D1673,8,2330.0,v0.1
INS_098F3B919902,REQ_F74A92705FF9,9,17210.0,v0.1
INS_098F3B919902,REQ_2F75875B2267,10,18110.0,v0.1
INS_098F3B919902,REQ_59B8D500F4E3,11,4510.0,v0.1
INS_098F3B919902,REQ_F76B89AF9071,12,3220.0000000000005,v0.1
INS_098F3B919902,REQ_F5CB4D34EB2D,13,19010.0,v0.1
INS_098F3B919902,REQ_B6C9EA711AA8,14,500.0,v0.1
INS_F20F3B3383E4,REQ_CE6B3B6B37DF,0,200.0,v0.1
INS_F20F3B3383E4,REQ_7EC3B9F2B1EF,1,4000.0,v0.1
INS_F20F3B3383E4,REQ_2E47DD454623,2,5080.0,v0.1
INS_F20F3B3383E4,REQ_8C77E2B15C10,3,30000.0,v0.1
INS_F20F3B3383E4,REQ_6C420F35F9DE,4,2080.0,v0.1
INS_F20F3B3383E4,REQ_53F489C00CDE,5,2920.0,v0.1
INS_F20F3B3383E4,REQ_A00A302AEA7D,6,960.0,v0.1
INS_F20F3B3383E4,REQ_FBBDB39A58C8,7,509.99999999999994,v0.1
INS_F20F3B3383E4,REQ_30F0AEA8D60F,8,3700.0,v0.1
INS_F20F3B3383E4,REQ_1F80D988D089,9,760.0,v0.1
INS_F20F3B3383E4,REQ_83F83AE6BB02,10,230.0,v0.1
INS_F20F3B3383E4,REQ_924559477FA6,11,10520.0,v0.1
INS_F20F3B3383E4,REQ_8BF4090A3416,12,800.0,v0.1
INS_F20F3B3383E4,REQ_AA9E600F42B1,13,3350.0,v0.1
INS_F20F3B3383E4,REQ_5368EACF1A61,14,3030.0,v0.1
INS_F20F3B3383E4,REQ_BE3E354EB6E0,15,15590.0,v0.1
INS_F20F3B3383E4,REQ_55A072ECD520,16,750.0,v0.1
INS_F20F3B3383E4,REQ_941B3D1C641D,17,480.0,v0.1
INS_F20F3B3383E4,REQ_FAA491E0FCC1,18,30000.0,v0.1
INS_F20F3B3383E4,REQ_7C4B15441730,19,1500.0,v0.1
INS_B2DDD0B6CEA7,REQ_EEE22F9E9791,0,560.0,v0.1
INS_B2DDD0B6CEA7,REQ_7B316AFDD3E4,1,1639.9999999999998,v0.1
INS_B2DDD0B6CEA7,REQ_1350300E16D9,2,23590.0,v0.1
INS_B2DDD0B6CEA7,REQ_E58F87640BB3,3,3400.0,v0.1
INS_B2DDD0B6CEA7,REQ_3B39CBDD9232,4,10610.0,v0.1
INS_B2DDD0B6CEA7,REQ_0C485074C03B,5,20020.0,v0.1
INS_B2DDD0B6CEA7,REQ_95815901770A,6,10200.0,v0.1
INS_B2DDD0B6CEA7,REQ_521C6BBF1BA6,7,21560.0,v0.1
INS_B2DDD0B6CEA7,REQ_49799CC12586,8,17030.0,v0.1
INS_B2DDD0B6CEA7,REQ_94AB00A5EB5F,9,1100.0,v0.1
INS_B2DDD0B6CEA7,REQ_ECF638808E5C,10,1100.0,v0.1
INS_B2DDD0B6CEA7,REQ_562F2203F4CD,11,480.0,v0.1
INS_B2DDD0B6CEA7,REQ_1512F87328D6,12,3830.0,v0.1
INS_79C28648B760,REQ_BCD6DA435D8B,0,3350.0,v0.1
INS_79C28648B760,REQ_358DB6825B05,1,21960.0,v0.1
INS_79C28648B760,REQ_446D7101E3D6,2,4900.0,v0.1
INS_79C28648B760,REQ_438EE109584F,3,3350.0,v0.1
INS_79C28648B760,REQ_6A7AF10347F5,4,25860.0,v0.1
INS_79C28648B760,REQ_CF8597A211FC,5,3850.0,v0.1
INS_79C28648B760,REQ_DC574E4DF174,6,2120.0,v0.1
INS_79C28648B760,REQ_67FEC8C29D44,7,2930.0,v0.1
INS_79C28648B760,REQ_02732A358DC8,8,17050.0,v0.1
INS_79C28648B760,REQ_F0E5C9CCA437,9,1940.0,v0.1
INS_79C28648B760,REQ_1690334DD3D9,10,2039.9999999999998,v0.1
INS_79C28648B760,REQ_2BAB2E80C5A8,11,6140.0,v0.1
INS_79C28648B760,REQ_5B4F148514FA,12,1340.0,v0.1
INS_79C28648B760,REQ_58A3CA630F02,13,930.0,v0.1
INS_79C28648B760,REQ_6D72E5057159,14,4100.0,v0.1
INS_79C28648B760,REQ_F97B3C8926F2,15,30000.0,v0.1
INS_7B6B749AE44E,REQ_5E1E2C62FD11,0,229.99999999999997,v0.1
INS_7B6B749AE44E,REQ_01C79D752A4B,1,10520.0,v0.1
INS_7B6B749AE44E,REQ_2E69D4A1E624,2,1030.0,v0.1
INS_7B6B749AE44E,REQ_2D927BD0C61E,3,100.0,v0.1
INS_7B6B749AE44E,REQ_755ABEB262E1,4,550.0,v0.1
INS_7B6B749AE44E,REQ_ED6A2AB91A05,5,4770.0,v0.1
INS_7B6B749AE44E,REQ_57A58981A586,6,3930.0,v0.1
INS_7B6B749AE44E,REQ_884131683B4E,7,10960.0,v0.1
INS_7B6B749AE44E,REQ_03CEAE361DE4,8,780.0,v0.1
INS_7B6B749AE44E,REQ_5063ACA9D0E4,9,2600.0,v0.1
INS_7B6B749AE44E,REQ_F7DDC16B8F89,10,30000.0,v0.1
INS_7B6B749AE44E,REQ_328D6C90368A,11,22510.0,v0.1
INS_DB653AE02122,REQ_E3DA83A4ED11,0,30000.0,v0.1
INS_DB653AE02122,REQ_F00B40ED25F9,1,540.0,v0.1
INS_DB653AE02122,REQ_8DF44DEB8ADD,2,10890.0,v0.1
INS_DB653AE02122,REQ_9F694A1F172C,3,110.00000000000001,v0.1
INS_DB653AE02122,REQ_0628212F0BF2,4,1500.0,v0.1
INS_DB653AE02122,REQ_99B1B9C33D1E,5,7975.0,v0.1
INS_DB653AE02122,REQ_3DBD5E16B694,6,2450.0,v0.1
INS_DB653AE02122,REQ_0FCA6D4EB078,7,30000.0,v0.1
INS_DB653AE02122,REQ_EDB81A03C661,8,80.0,v0.1
INS_DB653AE02122,REQ_663B7B5AAD54,9,6850.0,v0.1
INS_DB653AE02122,REQ_6FFFFBBCD5EE,10,380.0,v0.1
INS_DB653AE02122,REQ_5A5B505DA246,11,6780.0,v0.1
INS_DB653AE02122,REQ_29BBBE80CF6A,12,7750.0,v0.1
INS_DB653AE02122,REQ_5BCEB6577C9D,13,2560.0,v0.1
INS_DB653AE02122,REQ_5882472E6F36,14,30000.0,v0.1
INS_DB653AE02122,REQ_4B613C134B9D,15,80.0,v0.1
INS_DB653AE02122,REQ_7C1258031151,16,30000.0,v0.1
INS_DB653AE02122,REQ_3023455CF10D,17,2140.0,v0.1
INS_DB653AE02122,REQ_941D0A08513E,18,30000.0,v0.1
INS_DB653AE02122,REQ_3604B198E1C3,19,1850.0,v0.1
INS_B3A8073B2E75,REQ_BB95FDA5ECBC,0,4150.0,v0.1
INS_B3A8073B2E75,REQ_16AAB73009BB,1,1870.0,v0.1
INS_B3A8073B2E75,REQ_7DEDC63F2E56,2,30000.0,v0.1
INS_B3A8073B2E75,REQ_6DF88F8301E7,3,12130.0,v0.1
INS_B3A8073B2E75,REQ_72C2B2F35C04,4,2210.0,v0.1
INS_B3A8073B2E75,REQ_2FED5BDAB5DB,5,1830.0,v0.1
INS_B3A8073B2E75,REQ_E12692D18E4E,6,7780.0,v0.1
INS_B3A8073B2E75,REQ_2403463ABA54,7,80.0,v0.1
INS_B3A8073B2E75,REQ_0E679C80B26E,8,5850.0,v0.1
INS_B3A8073B2E75,REQ_3F53CE836370,9,1960.0000000000002,v0.1
INS_B3A8073B2E75,REQ_08D940E2D6B4,10,240.0,v0.1
INS_B7B7BB188206,REQ_EDD88DB464D3,0,30000.0,v0.1
INS_B7B7BB188206,REQ_EDAAD4BDB0A3,1,30000.0,v0.1
INS_B7B7BB188206,REQ_B4D1C9476B18,2,30000.0,v0.1
INS_B7B7BB188206,REQ_6277353EBC21,3,760.0,v0.1
INS_B7B7BB188206,REQ_357C0EBB7C55,4,3110.0,v0.1
INS_B7B7BB188206,REQ_6968E667AC9A,5,30000.0,v0.1
INS_B7B7BB188206,REQ_76760DDA482F,6,30000.0,v0.1
INS_B7B7BB188206,REQ_47CC7E0B55E7,7,840.0,v0.1
INS_B7B7BB188206,REQ_BE1E319A7FD6,8,480.0,v0.1
INS_B7B7BB188206,REQ_1BF3BCE15319,9,440.00000000000006,v0.1
INS_B7B7BB188206,REQ_2EE859299503,10,30000.0,v0.1
INS_B7B7BB188206,REQ_9D20E59AEEFA,11,8720.0,v0.1
INS_B7B7BB188206,REQ_6F5CF943F3DA,12,5800.0,v0.1
INS_B7B7BB188206,REQ_6A2299D9F99C,13,30000.0,v0.1
INS_B7B7BB188206,REQ_907A0379C16E,14,700.0,v0.1
INS_B7B7BB188206,REQ_98D1624C2D86,15,30000.0,v0.1
INS_B7B7BB188206,REQ_EFA9925942C8,16,2680.0,v0.1
INS_B7B7BB188206,REQ_BAC7AC0AF5EB,17,17010.0,v0.1
INS_B7B7BB188206,REQ_C119F03EB0CD,18,30000.0,v0.1
INS_B7B7BB188206,REQ_15CE59A382EE,19,30000.0,v0.1
INS_B7B7BB188206,REQ_5A1B321E359C,20,850.0,v0.1
INS_B7B7BB188206,REQ_1AB809655425,21,6020.0,v0.1
INS_B7B7BB188206,REQ_C54A99A364B1,22,15610.0,v0.1
INS_B7B7BB188206,REQ_B32472D7B43B,23,30000.0,v0.1
INS_B7B7BB188206,REQ_C7B8420E77BF,24,650.0,v0.1
INS_B7B7BB188206,REQ_EDF4E6BEE4E9,25,600.0,v0.1
INS_B7B7BB188206,REQ_8276FF2639DC,26,1850.0,v0.1
INS_B7B7BB188206,REQ_8DCA56023301,27,700.0,v0.1
INS_B7B7BB188206,REQ_85F9351ABB24,28,1190.0,v0.1
INS_B7B7BB188206,REQ_D6FCDABA16C2,29,2030.0,v0.1
INS_B7B7BB188206,REQ_78876BD220E7,30,11210.0,v0.1
INS_B7B7BB188206,REQ_0DE85B8D4F91,31,30000.0,v0.1
INS_B7B7BB188206,REQ_959024D1CA05,32,30000.0,v0.1
INS_B7B7BB188206,REQ_D6FC86ABFC09,33,10900.0,v0.1
INS_B7B7BB188206,REQ_85B3D8E07CE4,34,30000.0,v0.1
INS_C334077D950B,REQ_0676BC8FBEAD,0,10240.0,v0.1
INS_C334077D950B,REQ_DB40E149ED2A,1,5550.0,v0.1
INS_C334077D950B,REQ_DEC4B76C9F8E,2,650.0,v0.1
INS_C334077D950B,REQ_91E0EEF670A6,3,3600.0,v0.1
INS_C334077D950B,REQ_EF330410B77D,4,240.0,v0.1
INS_C334077D950B,REQ_E2243EA20648,5,900.0,v0.1
INS_C334077D950B,REQ_34C208AEC202,6,30000.0,v0.1
INS_C334077D950B,REQ_F74760C272CC,7,30000.0,v0.1
INS_C334077D950B,REQ_741F4443DB39,8,1100.0,v0.1
INS_C334077D950B,REQ_8368F64A6749,9,9310.0,v0.1
INS_C334077D950B,REQ_EB1A55F36527,10,400.0,v0.1
INS_C334077D950B,REQ_CE35CC007BA4,11,7170.0,v0.1
INS_C334077D950B,REQ_914338094BBF,12,1000.0,v0.1
INS_C334077D950B,REQ_A0CD8CC8BF0D,13,660.0,v0.1
INS_C334077D950B,REQ_896346B92833,14,30000.0,v0.1
INS_C334077D950B,REQ_E9E0DDCE3356,15,12300.0,v0.1
INS_C334077D950B,REQ_EA4B2B7CA528,16,680.0,v0.1
INS_C334077D950B,REQ_6E1D469B1BBD,17,570.0,v0.1
INS_C334077D950B,REQ_F82411CC8F94,18,16280.0,v0.1
INS_C334077D950B,REQ_FA445C1CEA50,19,10860.0,v0.1
INS_C334077D950B,REQ_D842DE317F7A,20,1280.0,v0.1
INS_C334077D950B,REQ_CAC1EC056EE7,21,22250.0,v0.1
INS_C334077D950B,REQ_C6DE767A77A2,22,6350.0,v0.1
INS_C334077D950B,REQ_D5817FEB36F4,23,13320.0,v0.1
INS_C334077D950B,REQ_7CAA9AA22AC6,24,2010.0000000000002,v0.1
INS_C334077D950B,REQ_A6469CE6D7BA,25,17880.0,v0.1
INS_C334077D950B,REQ_4264EDF2ABDA,26,6950.0,v0.1
INS_C334077D950B,REQ_CDC63C174679,27,630.0,v0.1
INS_C334077D950B,REQ_22844FFACB8F,28,1800.0,v0.1
INS_C334077D950B,REQ_334EE502C525,29,820.0,v0.1
INS_C334077D950B,REQ_86A7FFC1860D,30,7500.0,v0.1
INS_C334077D950B,REQ_094BC26017FF,31,8750.0,v0.1
INS_C334077D950B,REQ_86AE2CC2B562,32,22050.0,v0.1
INS_C334077D950B,REQ_3AF8D5287CF5,33,4880.0,v0.1
INS_C334077D950B,REQ_0C696128540B,34,140.0,v0.1
INS_C334077D950B,REQ_7416697D8DE2,35,30000.0,v0.1
INS_C334077D950B,REQ_4EA908B53671,36,440.0,v0.1
INS_C334077D950B,REQ_3275AF5E6930,37,1780.0,v0.1
INS_C334077D950B,REQ_A615966B445A,38,1889.9999999999998,v0.1
INS_E50D57318EBE,REQ_53FCCA9803C4,0,11710.0,v0.1
INS_E50D57318EBE,REQ_50A2F45747C0,1,9160.0,v0.1
INS_E50D57318EBE,REQ_7C94B21AD1E4,2,30000.0,v0.1
INS_E50D57318EBE,REQ_C4C88F09234B,3,15140.0,v0.1
INS_E50D57318EBE,REQ_7F35A3B51B46,4,14420.0,v0.1
INS_E50D57318EBE,REQ_23597F191A8D,5,11100.0,v0.1
INS_E50D57318EBE,REQ_9BEEBE911F18,6,26490.0,v0.1
INS_E50D57318EBE,REQ_BC4F48241900,7,30000.0,v0.1
INS_B030ED49CC22,REQ_B711BB5DA266,0,30000.0,v0.1
INS_B030ED49CC22,REQ_27418E1FE431,1,640.0,v0.1
INS_B030ED49CC22,REQ_2D750A4C3754,2,540.0,v0.1
INS_B030ED49CC22,REQ_2E548F664125,3,650.0,v0.1
INS_B030ED49CC22,REQ_53319C73F390,4,30000.0,v0.1
INS_B030ED49CC22,REQ_7761FA857EE8,5,9575.0,v0.1
INS_B030ED49CC22,REQ_1206E2B4E653,6,2470.0,v0.1
INS_B030ED49CC22,REQ_5B7E2C86A08D,7,1450.0,v0.1
INS_B030ED49CC22,REQ_D501732B0D7A,8,150.0,v0.1
INS_B030ED49CC22,REQ_F1E1BD7A9AB2,9,27680.0,v0.1
INS_E26E7FA6D78A,REQ_101375A18329,0,24850.0,v0.1
INS_E26E7FA6D78A,REQ_1263B2FF2246,1,23560.0,v0.1
INS_E26E7FA6D78A,REQ_AB49192F8FF8,2,7390.0,v0.1
INS_E26E7FA6D78A,REQ_9B3683A21FA6,3,5120.0,v0.1
INS_E26E7FA6D78A,REQ_AEE9DE7C9E54,4,13840.0,v0.1
INS_E26E7FA6D78A,REQ_FB71DE0F51A8,5,5860.0,v0.1
INS_E26E7FA6D78A,REQ_E65C2BFED784,6,7610.0,v0.1
INS_E26E7FA6D78A,REQ_997D9E5A1574,7,2180.0,v0.1
INS_E26E7FA6D78A,REQ_1E645F55E003,8,30000.0,v0.1
INS_E26E7FA6D78A,REQ_A8332F5BE86A,9,17640.0,v0.1
INS_E26E7FA6D78A,REQ_DBFE7B6B3E17,10,22700.0,v0.1
INS_E26E7FA6D78A,REQ_14DB7E4EFF6D,11,1180.0,v0.1
INS_E26E7FA6D78A,REQ_E72D4D79EFB4,12,8940.0,v0.1
INS_E26E7FA6D78A,REQ_0EA8EDE3FEC1,13,1390.0,v0.1
INS_E26E7FA6D78A,REQ_B650AD5B3EA7,14,30000.0,v0.1
INS_E26E7FA6D78A,REQ_CD4A6D8BD164,15,480.0,v0.1
INS_E26E7FA6D78A,REQ_5566BAAFABCB,16,11420.0,v0.1
INS_E26E7FA6D78A,REQ_ADDAB419FC2F,17,11990.0,v0.1
INS_E26E7FA6D78A,REQ_A5B416B9F5F9,18,21790.0,v0.1
INS_E26E7FA6D78A,REQ_C96746BB71F3,19,1620.0,v0.1
INS_E26E7FA6D78A,REQ_B1990723AB37,20,9230.0,v0.1
INS_E26E7FA6D78A,REQ_516B9587126B,21,30000.0,v0.1
INS_E26E7FA6D78A,REQ_A3C28D695FC8,22,12200.0,v0.1
INS_E26E7FA6D78A,REQ_77C46242238B,23,4010.0,v0.1
INS_E26E7FA6D78A,REQ_E8D07FBCBBA5,24,30000.0,v0.1
INS_E26E7FA6D78A,REQ_C2C2BCCC68E3,25,360.0,v0.1
INS_E26E7FA6D78A,REQ_2D0463638B68,26,15260.0,v0.1
INS_E26E7FA6D78A,REQ_195C2FD13BFC,27,14319.999999999998,v0.1
INS_E26E7FA6D78A,REQ_0B69CCACA17B,28,130.0,v0.1
INS_E26E7FA6D78A,REQ_BECE5B77B2FC,29,250.0,v0.1
INS_ED8E5D2DFC6A,REQ_741CC85809BC,0,24590.0,v0.1
INS_ED8E5D2DFC6A,REQ_C85A6B2E3893,1,30000.0,v0.1
INS_ED8E5D2DFC6A,REQ_878B152114DC,2,1500.0,v0.1
INS_ED8E5D2DFC6A,REQ_EEBE6D892209,3,30000.0,v0.1
INS_ED8E5D2DFC6A,REQ_93ED83801C15,4,16650.0,v0.1
INS_ED8E5D2DFC6A,REQ_8AD2AA38B1DF,5,30000.0,v0.1
INS_ED8E5D2DFC6A,REQ_275D14BE0499,6,23230.0,v0.1
INS_ED8E5D2DFC6A,REQ_9BC7736ADE42,7,1960.0,v0.1
INS_ED8E5D2DFC6A,REQ_A801A797D3D3,8,1150.0,v0.1
INS_ED8E5D2DFC6A,REQ_E3F32541CAB8,9,580.0,v0.1
INS_ED8E5D2DFC6A,REQ_62E1E506E48D,10,30000.0,v0.1
INS_ED8E5D2DFC6A,REQ_BEFB5C6A6665,11,30000.0,v0.1
INS_ED8E5D2DFC6A,REQ_FDBE7FE2A030,12,16070.0,v0.1
INS_ED8E5D2DFC6A,REQ_D4932DD5368D,13,2280.0,v0.1
INS_ED8E5D2DFC6A,REQ_CE53AA45E834,14,30000.0,v0.1
INS_ED8E5D2DFC6A,REQ_ADB9B86005CA,15,30000.0,v0.1
INS_ED8E5D2DFC6A,REQ_EA2533BFBB3A,16,30000.0,v0.1
INS_ED8E5D2DFC6A,REQ_37F7EB3DFB07,17,30000.0,v0.1
INS_ED8E5D2DFC6A,REQ_C494655EDC92,18,30000.0,v0.1
INS_ED8E5D2DFC6A,REQ_618D8D9D7218,19,1110.0,v0.1
INS_ED8E5D2DFC6A,REQ_F55D7EEABEEE,20,21940.0,v0.1
INS_ED8E5D2DFC6A,REQ_B62D07E33687,21,750.0,v0.1
INS_ED8E5D2DFC6A,REQ_2FD8A97D7106,22,30000.0,v0.1
INS_ED8E5D2DFC6A,REQ_C5488F0D40BD,23,29070.0,v0.1
INS_ED8E5D2DFC6A,REQ_79539DCCD0BC,24,19140.0,v0.1
INS_54711AA90232,REQ_63FF8F8D4AEC,0,790.0,v0.1
INS_54711AA90232,REQ_2B710A8BD7F7,1,2420.0,v0.1
INS_54711AA90232,REQ_0291170F6992,2,1020.0,v0.1
INS_54711AA90232,REQ_E86AF54C3AE6,3,620.0,v0.1
INS_54711AA90232,REQ_69CD4BD9897C,4,9200.0,v0.1
INS_54711AA90232,REQ_0E679C80B26E,5,5850.0,v0.1
INS_54711AA90232,REQ_14D73EE62435,6,1100.0,v0.1
INS_54711AA90232,REQ_29335C4DBAB9,7,2840.0,v0.1
INS_28F058BC91BF,REQ_FAA491E0FCC1,0,30000.0,v0.1
INS_28F058BC91BF,REQ_7F5F8F00B267,1,1520.0,v0.1
INS_28F058BC91BF,REQ_924559477FA6,2,10520.0,v0.1
INS_28F058BC91BF,REQ_FC876D04B1CA,3,110.00000000000001,v0.1
INS_28F058BC91BF,REQ_DEFDBFF38764,4,30000.0,v0.1
INS_28F058BC91BF,REQ_25DD45A358F8,5,15730.0,v0.1
INS_28F058BC91BF,REQ_7BF9460EBE8A,6,1400.0,v0.1
INS_28F058BC91BF,REQ_B24988A1E119,7,160.0,v0.1
INS_9C917D1B365B,REQ_0D2AA8EA2718,0,30000.0,v0.1
INS_9C917D1B365B,REQ_3A8EF4435D02,1,919.9999999999999,v0.1
INS_9C917D1B365B,REQ_CAACB8BDCB6D,2,30000.0,v0.1
INS_9C917D1B365B,REQ_7E214F3515F5,3,8009.999999999999,v0.1
INS_9C917D1B365B,REQ_849A1DE7BF07,4,10850.0,v0.1
INS_9C917D1B365B,REQ_56529CAF4FF5,5,600.0,v0.1
INS_9C917D1B365B,REQ_876CF9C96EEA,6,11590.0,v0.1
INS_9C917D1B365B,REQ_123C309AED98,7,8020.0,v0.1
INS_9C917D1B365B,REQ_B6D6DDA7A5C8,8,520.0,v0.1
INS_9C917D1B365B,REQ_A79F742A0AB2,9,4000.0,v0.1
INS_9C917D1B365B,REQ_E663FBD4746E,10,9410.0,v0.1
INS_9C917D1B365B,REQ_2A1884AD9095,11,1010.0,v0.1
INS_9C917D1B365B,REQ_27E0A190E2BC,12,8020.0,v0.1
INS_9C917D1B365B,REQ_AFEDDA861D77,13,350.0,v0.1
INS_A1FB51A94442,REQ_221B738E96FD,0,16420.0,v0.1
INS_A1FB51A94442,REQ_DD39F921AEE4,1,740.0,v0.1
INS_A1FB51A94442,REQ_BE3E354EB6E0,2,15590.0,v0.1
INS_A1FB51A94442,REQ_E655BE748010,3,670.0,v0.1
INS_A1FB51A94442,REQ_55A072ECD520,4,750.0,v0.1
INS_A1FB51A94442,REQ_84CD142BB2C8,5,3690.0,v0.1
INS_A1FB51A94442,REQ_85797CADB829,6,280.0,v0.1
INS_A1FB51A94442,REQ_6C420F35F9DE,7,2080.0,v0.1
INS_A1FB51A94442,REQ_F4589A61CA9B,8,110.0,v0.1
INS_A1FB51A94442,REQ_C3818F94AB76,9,10940.0,v0.1
INS_A1FB51A94442,REQ_C984835F71D7,10,30000.0,v0.1
INS_A1FB51A94442,REQ_BF60CF56E9D7,11,2190.0,v0.1
INS_A1FB51A94442,REQ_539E1398FD73,12,14860.0,v0.1
INS_A1FB51A94442,REQ_4DD73C97AA58,13,819.9999999999999,v0.1
INS_A1FB51A94442,REQ_EAFBA4C887E4,14,910.0,v0.1
INS_A1FB51A94442,REQ_CE6B3B6B37DF,15,200.0,v0.1
INS_A1FB51A94442,REQ_53B377D0155C,16,8100.0,v0.1
INS_A1FB51A94442,REQ_10F41F4B9CEE,17,1490.0,v0.1
INS_A1FB51A94442,REQ_3B64E6CFB926,18,30000.0,v0.1
INS_A1FB51A94442,REQ_4F5FA4EBB6A7,19,27520.0,v0.1
INS_A1FB51A94442,REQ_6015B7EEF89B,20,11860.0,v0.1
INS_A1FB51A94442,REQ_C27F36578A9B,21,30000.0,v0.1
INS_A1FB51A94442,REQ_D9BDC2165D8E,22,3440.0,v0.1
INS_A1FB51A94442,REQ_6B147236E2AB,23,680.0,v0.1
INS_A1FB51A94442,REQ_AA9E600F42B1,24,3350.0,v0.1
INS_A1FB51A94442,REQ_1C2D16956B4E,25,1150.0,v0.1
INS_A1FB51A94442,REQ_F29DAD285DF6,26,3329.9999999999995,v0.1
INS_A1FB51A94442,REQ_2AEBCE271637,27,1889.9999999999998,v0.1
INS_A1FB51A94442,REQ_F88FC6963A9B,28,10250.0,v0.1
INS_A1FB51A94442,REQ_02C805AEAEA1,29,30000.0,v0.1
INS_A1FB51A94442,REQ_9DD0BBC707B7,30,1650.0,v0.1
INS_A1FB51A94442,REQ_26188EDC7DA0,31,190.0,v0.1
INS_A1FB51A94442,REQ_76ED1FB25E5B,32,700.0,v0.1
INS_A1FB51A94442,REQ_8FB3EA082364,33,20160.0,v0.1
INS_A1FB51A94442,REQ_A00A302AEA7D,34,960.0,v0.1
INS_A1FB51A94442,REQ_2A25BCC76F26,35,400.0,v0.1
INS_A1FB51A94442,REQ_4A79A999FD4D,36,4350.0,v0.1
INS_A1FB51A94442,REQ_9E409FDFD498,37,850.0,v0.1
INS_A1FB51A94442,REQ_941B3D1C641D,38,480.0,v0.1
INS_A1FB51A94442,REQ_7D04599C688B,39,17660.0,v0.1
INS_A1FB51A94442,REQ_EF56F3573DB3,40,2210.0,v0.1
INS_A1FB51A94442,REQ_8BF4090A3416,41,800.0,v0.1
INS_0A14E5ADE982,REQ_88D11C0013F2,0,340.0,v0.1
INS_0A14E5ADE982,REQ_38045E7B4ABD,1,2440.0,v0.1
INS_0A14E5ADE982,REQ_8CBB736117AC,2,9050.0,v0.1
INS_0A14E5ADE982,REQ_C4DF20393EC7,3,24580.0,v0.1
INS_0A14E5ADE982,REQ_0DAEC209B931,4,2100.0,v0.1
INS_0A14E5ADE982,REQ_90B3CE32CCEB,5,9450.0,v0.1
INS_0A14E5ADE982,REQ_217A4DB86173,6,6160.0,v0.1
INS_0A14E5ADE982,REQ_72F14A94661D,7,650.0,v0.1
INS_0A14E5ADE982,REQ_134574C40CCE,8,990.0,v0.1
INS_0A14E5ADE982,REQ_B7B086DAD41B,9,2700.0,v0.1
INS_C1539E974B8A,REQ_8E6023862630,0,1019.9999999999999,v0.1
INS_C1539E974B8A,REQ_67167A83D399,1,22210.0,v0.1
INS_C1539E974B8A,REQ_436D591E1E1F,2,450.0,v0.1
INS_C1539E974B8A,REQ_1B066E1EEF2F,3,800.0,v0.1
INS_C1539E974B8A,REQ_6DC95D5582F8,4,640.0,v0.1
INS_C1539E974B8A,REQ_7C8E20EA3B61,5,30000.0,v0.1
INS_C1539E974B8A,REQ_234D1996E11D,6,9125.0,v0.1
INS_C1539E974B8A,REQ_7FEC67C0E5C9,7,1920.0,v0.1
INS_C1539E974B8A,REQ_6BCED045453C,8,610.0,v0.1
INS_C1539E974B8A,REQ_F459B2CE951C,9,2730.0,v0.1
INS_C1539E974B8A,REQ_6703CCB24411,10,1500.0,v0.1
INS_C1539E974B8A,REQ_F697D58032D0,11,590.0,v0.1
INS_C1539E974B8A,REQ_5F0D87CA5156,12,1000.0,v0.1
INS_C1539E974B8A,REQ_9BF16612D6DD,13,30000.0,v0.1
INS_C1539E974B8A,REQ_DE83B3B496B2,14,920.0,v0.1
INS_C1539E974B8A,REQ_D136EC4FFDF8,15,28230.0,v0.1
INS_C1539E974B8A,REQ_43D68A722F57,16,17570.0,v0.1
INS_C1539E974B8A,REQ_24BF69FC254E,17,960.0,v0.1
INS_C1539E974B8A,REQ_D6B8F7EFFF0F,18,1820.0,v0.1
INS_C1539E974B8A,REQ_89C16D0F1CFF,19,7090.0,v0.1
INS_C1539E974B8A,REQ_5A5ABDF38F20,20,300.0,v0.1
INS_C1539E974B8A,REQ_3B67E3BB364B,21,260.0,v0.1
INS_C1539E974B8A,REQ_18E0E6FAF872,22,30000.0,v0.1
INS_C1539E974B8A,REQ_45729E572A21,23,30000.0,v0.1
INS_C1539E974B8A,REQ_863F90FB7593,24,30000.0,v0.1
INS_C1539E974B8A,REQ_91E6D7CB0C7C,25,7350.0,v0.1
INS_C1539E974B8A,REQ_D6570FAD07D4,26,1690.0,v0.1
INS_C1539E974B8A,REQ_750065B02800,27,2750.0,v0.1
INS_C1539E974B8A,REQ_A74659D86559,28,11660.0,v0.1
INS_C1539E974B8A,REQ_1D6DE31C4900,29,1500.0,v0.1
INS_C1539E974B8A,REQ_FB10D672628B,30,25770.0,v0.1
INS_C1539E974B8A,REQ_72E5F0CE71E5,31,800.0,v0.1
INS_C1539E974B8A,REQ_99AC92F8B63E,32,500.0,v0.1
INS_C1539E974B8A,REQ_A99D42DE0B52,33,9950.0,v0.1
INS_C1539E974B8A,REQ_5A506B539EC8,34,1080.0,v0.1
INS_C1539E974B8A,REQ_4D0D2EE44151,35,1020.0,v0.1
INS_C1539E974B8A,REQ_A5270C992CCF,36,500.0,v0.1
INS_C1539E974B8A,REQ_6D446165EE22,37,150.0,v0.1
INS_C1539E974B8A,REQ_04F511B1F2AE,38,1060.0,v0.1
INS_C1539E974B8A,REQ_6A46049C2971,39,30000.0,v0.1
INS_C1539E974B8A,REQ_FB8E8B9E2F47,40,280.0,v0.1
INS_C1539E974B8A,REQ_68481FAA3D8C,41,1300.0,v0.1
INS_C1539E974B8A,REQ_72CC1E93FADF,42,11690.0,v0.1
INS_C1539E974B8A,REQ_34D0595D8B9B,43,8260.0,v0.1
INS_C1539E974B8A,REQ_9EC4C904F8DF,44,14690.0,v0.1
INS_C1539E974B8A,REQ_1DD18B941C28,45,2650.0,v0.1
INS_C1539E974B8A,REQ_43A66843AE26,46,1320.0,v0.1
INS_C1539E974B8A,REQ_9182E7EC4288,47,960.0,v0.1
INS_C1539E974B8A,REQ_AE4F0E83B1D6,48,840.0,v0.1
INS_C1539E974B8A,REQ_4A87B29F8C57,49,620.0,v0.1
INS_C1539E974B8A,REQ_45CDC5252929,50,2150.0,v0.1
INS_C1539E974B8A,REQ_E856ABADDA38,51,1370.0,v0.1
INS_C1539E974B8A,REQ_6655D27DDB16,52,250.0,v0.1
INS_C1539E974B8A,REQ_2E5F6EF68497,53,1140.0,v0.1
INS_C1539E974B8A,REQ_CE20449B73AF,54,600.0,v0.1
INS_C1539E974B8A,REQ_939F63CF7EB6,55,11360.0,v0.1
INS_C1539E974B8A,REQ_2C1B56919898,56,20200.0,v0.1
INS_C1539E974B8A,REQ_60C98FDA9F68,57,30000.0,v0.1
INS_C1539E974B8A,REQ_48BEA987F6DF,58,30000.0,v0.1
INS_680A23D88AFB,REQ_8F717200F89D,0,11430.0,v0.1
INS_680A23D88AFB,REQ_BBCB6F5C41EE,1,27060.0,v0.1
INS_680A23D88AFB,REQ_C40ABD233FAB,2,30000.0,v0.1
INS_680A23D88AFB,REQ_EDCDD411CC74,3,30000.0,v0.1
INS_680A23D88AFB,REQ_8D6E1C7C1E4E,4,30000.0,v0.1
INS_680A23D88AFB,REQ_811D4A5B9CC3,5,30000.0,v0.1
INS_680A23D88AFB,REQ_FDD057568520,6,30000.0,v0.1
INS_680A23D88AFB,REQ_546A19D960B0,7,30000.0,v0.1
INS_680A23D88AFB,REQ_CBE58178588E,8,10570.0,v0.1
INS_680A23D88AFB,REQ_3EEBB86092EC,9,30000.0,v0.1
INS_680A23D88AFB,REQ_7CF9F5A90A05,10,14280.0,v0.1
INS_680A23D88AFB,REQ_A7BC46973A10,11,15700.0,v0.1
INS_680A23D88AFB,REQ_05284FE85B1C,12,25360.0,v0.1
INS_680A23D88AFB,REQ_5397DF010582,13,30000.0,v0.1
INS_680A23D88AFB,REQ_D83381E9970B,14,30000.0,v0.1
INS_D0D5C8F29B0F,REQ_3E1943FEFAAA,0,19110.0,v0.1
INS_D0D5C8F29B0F,REQ_A35F075737D1,1,510.0,v0.1
INS_D0D5C8F29B0F,REQ_75A6AE125B25,2,26710.0,v0.1
INS_D0D5C8F29B0F,REQ_4857BE1D1AAA,3,2960.0,v0.1
INS_D0D5C8F29B0F,REQ_249808A94F18,4,3280.0,v0.1
INS_D0D5C8F29B0F,REQ_40B00148E11E,5,1650.0,v0.1
INS_D0D5C8F29B0F,REQ_ADF64AD2B6D3,6,1330.0,v0.1
INS_D0D5C8F29B0F,REQ_602C3976D3B8,7,2830.0,v0.1
INS_D0D5C8F29B0F,REQ_BB1068C1A5E0,8,16150.0,v0.1
INS_D0D5C8F29B0F,REQ_E989FD494F00,9,27389.999999999996,v0.1
INS_D0D5C8F29B0F,REQ_FC1AC57A5C3C,10,80.0,v0.1
INS_D0D5C8F29B0F,REQ_72A09FA08977,11,650.0,v0.1
INS_D0D5C8F29B0F,REQ_E44FFA769B52,12,1330.0,v0.1
INS_D0D5C8F29B0F,REQ_AF221C441932,13,2100.0,v0.1
INS_D0D5C8F29B0F,REQ_02767C4AE7A0,14,1150.0,v0.1
INS_D0D5C8F29B0F,REQ_8B35134C9345,15,2520.0,v0.1
INS_D0D5C8F29B0F,REQ_7246F1615C3F,16,20800.0,v0.1
INS_D0D5C8F29B0F,REQ_179788FD7CAC,17,940.0,v0.1
INS_D0D5C8F29B0F,REQ_C1BCCDF23273,18,860.0,v0.1
INS_D0D5C8F29B0F,REQ_19570161CB3F,19,21300.0,v0.1
INS_D0D5C8F29B0F,REQ_A8BEEACCD3CB,20,440.00000000000006,v0.1
INS_D0D5C8F29B0F,REQ_1613D586B793,21,14420.0,v0.1
INS_D0D5C8F29B0F,REQ_070B1D020DB7,22,650.0,v0.1
INS_D0D5C8F29B0F,REQ_19FFC37D84B2,23,940.0,v0.1
INS_D0D5C8F29B0F,REQ_68E0B3BDD373,24,9700.0,v0.1
INS_723E4CE810F3,REQ_D11FE85E3355,0,30000.0,v0.1
INS_723E4CE810F3,REQ_74A931FA1079,1,18820.0,v0.1
INS_723E4CE810F3,REQ_337340C30D2E,2,13080.0,v0.1
INS_723E4CE810F3,REQ_E50524A96B19,3,20540.0,v0.1
INS_723E4CE810F3,REQ_BD3278D236A9,4,12460.0,v0.1
INS_723E4CE810F3,REQ_299A9F4AA5CE,5,30000.0,v0.1
INS_723E4CE810F3,REQ_C6251C50FCA6,6,30000.0,v0.1
INS_723E4CE810F3,REQ_CFCB418FB1B4,7,30000.0,v0.1
INS_723E4CE810F3,REQ_0B9FFD6545E3,8,18720.0,v0.1
INS_8C1A86A5125C,REQ_A71A45A8ABB3,0,6060.0,v0.1
INS_8C1A86A5125C,REQ_87EB950EF294,1,6880.0,v0.1
INS_8C1A86A5125C,REQ_6F3B1B35ED48,2,30000.0,v0.1
INS_8C1A86A5125C,REQ_2825352B58FA,3,1160.0,v0.1
INS_8C1A86A5125C,REQ_AF08E7528AB6,4,470.0,v0.1
INS_8C1A86A5125C,REQ_85C6C7240F49,5,7790.0,v0.1
INS_8C1A86A5125C,REQ_6790E6939DD0,6,760.0,v0.1
INS_8C1A86A5125C,REQ_E4CCED47AFC2,7,30000.0,v0.1
INS_8C1A86A5125C,REQ_EB2F1826DB2B,8,1030.0,v0.1
INS_8C1A86A5125C,REQ_B0237E3FA4F8,9,1320.0,v0.1
INS_8C1A86A5125C,REQ_D21BFC4E3EB3,10,1340.0,v0.1
INS_C1F074143591,REQ_D04713B78A8F,0,520.0,v0.1
INS_C1F074143591,REQ_8F5FBEEACA66,1,330.0,v0.1
INS_C1F074143591,REQ_164F45892548,2,1560.0,v0.1
INS_C1F074143591,REQ_F7A4F41339A5,3,30000.0,v0.1
INS_C1F074143591,REQ_3F002FC4F5D1,4,4410.0,v0.1
INS_C1F074143591,REQ_ADA2AB46A503,5,3510.0,v0.1
INS_C1F074143591,REQ_507147B6E973,6,1430.0,v0.1
INS_C1F074143591,REQ_9D13DB590422,7,6860.0,v0.1
INS_C1F074143591,REQ_97B9FB68AB39,8,80.0,v0.1
INS_C1F074143591,REQ_ED31A687497B,9,30000.0,v0.1
INS_C1F074143591,REQ_7036130DB177,10,1600.0,v0.1
INS_C1F074143591,REQ_8199AB01ED90,11,3040.0,v0.1
INS_D3357EC69373,REQ_6D77CB230E93,0,30000.0,v0.1
INS_D3357EC69373,REQ_3234730ED51A,1,1050.0,v0.1
INS_D3357EC69373,REQ_06E92D069FD2,2,30000.0,v0.1
INS_D3357EC69373,REQ_5D1B1698812A,3,30000.0,v0.1
INS_D3357EC69373,REQ_1F874640A750,4,840.0,v0.1
INS_D3357EC69373,REQ_9EF86E795107,5,2750.0,v0.1
INS_D3357EC69373,REQ_FD21CC94E2C0,6,800.0,v0.1
INS_D3357EC69373,REQ_A24E5C3A80F2,7,9900.0,v0.1
INS_D3357EC69373,REQ_7ABE8BAA5661,8,210.0,v0.1
INS_D3357EC69373,REQ_0910BBAC5CD7,9,1790.0,v0.1
INS_D3357EC69373,REQ_B201E6B5AC83,10,1700.0,v0.1
INS_D3357EC69373,REQ_BBF5082AD190,11,14140.0,v0.1
INS_8929546B2EAE,REQ_712401C4EA0B,0,1930.0,v0.1
INS_8929546B2EAE,REQ_35184FFE3755,1,600.0,v0.1
INS_8929546B2EAE,REQ_CA8D8D5DD7A5,2,430.0,v0.1
INS_8929546B2EAE,REQ_1CEB63C4DDE4,3,700.0,v0.1
INS_8929546B2EAE,REQ_9C511A59AE7E,4,30000.0,v0.1
INS_8929546B2EAE,REQ_ECEE41761F38,5,21730.0,v0.1
INS_8929546B2EAE,REQ_27F90BDF9794,6,30000.0,v0.1
INS_8929546B2EAE,REQ_6C12449B393C,7,4560.0,v0.1
INS_8929546B2EAE,REQ_9F67206318F3,8,1550.0,v0.1
INS_8929546B2EAE,REQ_0F604B40117C,9,28400.0,v0.1
INS_8929546B2EAE,REQ_5CEAD7DDB6ED,10,18030.0,v0.1
INS_8929546B2EAE,REQ_C6182D0DE0EF,11,30000.0,v0.1
INS_8929546B2EAE,REQ_0B9E3AD3B89E,12,30000.0,v0.1
INS_8929546B2EAE,REQ_F68A30F1216F,13,800.0,v0.1
INS_A9E3588607C1,REQ_BA97E46F10C3,0,9030.0,v0.1
INS_A9E3588607C1,REQ_4E66CEB17DC6,1,6210.0,v0.1
INS_A9E3588607C1,REQ_69A319BD89E0,2,700.0,v0.1
INS_A9E3588607C1,REQ_09325D51E2BE,3,2860.0,v0.1
INS_A9E3588607C1,REQ_F8A73CF304C2,4,1200.0,v0.1
INS_A9E3588607C1,REQ_DA38AC1232EE,5,1140.0,v0.1
INS_A9E3588607C1,REQ_A6227CD91DCD,6,480.0,v0.1
INS_A9E3588607C1,REQ_F5FAD2F9EF54,7,30000.0,v0.1
INS_A9E3588607C1,REQ_A236761F90D6,8,1750.0,v0.1
INS_5ED0EEA8E5A0,REQ_F26378D02269,0,30000.0,v0.1
INS_5ED0EEA8E5A0,REQ_46E51E8D1FD6,1,30000.0,v0.1
INS_5ED0EEA8E5A0,REQ_C6B6CEDEAAEE,2,30000.0,v0.1
INS_5ED0EEA8E5A0,REQ_83460775ABB9,3,30000.0,v0.1
INS_5ED0EEA8E5A0,REQ_A7B945D73A87,4,30000.0,v0.1
INS_5ED0EEA8E5A0,REQ_725ACAF24939,5,30000.0,v0.1
INS_5ED0EEA8E5A0,REQ_3C110A7451AA,6,30000.0,v0.1
INS_5ED0EEA8E5A0,REQ_BAD5094FC616,7,30000.0,v0.1
INS_A8FA3BA68F1D,REQ_F7047D3E3FDA,0,30000.0,v0.1
INS_A8FA3BA68F1D,REQ_A6043308E4DD,1,30000.0,v0.1
INS_A8FA3BA68F1D,REQ_CA1E1B07F1AC,2,250.0,v0.1
INS_A8FA3BA68F1D,REQ_1E6E39FD7418,3,21860.0,v0.1
INS_A8FA3BA68F1D,REQ_5416C540F972,4,10900.0,v0.1
INS_A8FA3BA68F1D,REQ_A8F61C44EA3E,5,11330.0,v0.1
INS_A8FA3BA68F1D,REQ_52A2A08C1116,6,30000.0,v0.1
INS_A8FA3BA68F1D,REQ_B39081DAC108,7,340.0,v0.1
INS_A8FA3BA68F1D,REQ_2277F6C7E65E,8,15200.0,v0.1
INS_A8FA3BA68F1D,REQ_BA23BB0BD6B3,9,11110.0,v0.1
INS_A8FA3BA68F1D,REQ_6BDE3C7DAAD9,10,3620.0,v0.1
INS_6FF261276745,REQ_814FA47406B3,0,170.0,v0.1
INS_6FF261276745,REQ_692CF6EBE1FB,1,20030.0,v0.1
INS_6FF261276745,REQ_E00D76AF0B56,2,13630.0,v0.1
INS_6FF261276745,REQ_2CC866833C03,3,11040.0,v0.1
INS_6FF261276745,REQ_5EDBE2CFEAA8,4,18620.0,v0.1
INS_6FF261276745,REQ_BDE2F16E99C7,5,2100.0,v0.1
INS_6FF261276745,REQ_35A939600DF2,6,10790.0,v0.1
INS_6FF261276745,REQ_8CF3A5DC68D4,7,20980.0,v0.1
INS_6FF261276745,REQ_DA8DE24F93C3,8,1140.0,v0.1
INS_6FF261276745,REQ_31D1C2D1D68D,9,1150.0,v0.1
INS_6FF261276745,REQ_B76C0708F799,10,500.0,v0.1
INS_6FF261276745,REQ_F58789EA37E0,11,290.0,v0.1
INS_6FF261276745,REQ_96D8189EC0DC,12,1950.0,v0.1
INS_6FF261276745,REQ_8E440E02A468,13,1000.0,v0.1
INS_402AAB65C7B8,REQ_17E9C87541EB,0,20140.0,v0.1
INS_402AAB65C7B8,REQ_62C01A1DF705,1,30000.0,v0.1
INS_402AAB65C7B8,REQ_0E837ED6AF5A,2,710.0,v0.1
INS_402AAB65C7B8,REQ_BE3D3F84371B,3,30000.0,v0.1
INS_402AAB65C7B8,REQ_609D7C4EED03,4,3460.0,v0.1
INS_402AAB65C7B8,REQ_5CFA01752774,5,19240.0,v0.1
INS_402AAB65C7B8,REQ_2A1884AD9095,6,1010.0,v0.1
INS_402AAB65C7B8,REQ_24CAC64069EC,7,15210.0,v0.1
INS_402AAB65C7B8,REQ_83D300AB74F9,8,30000.0,v0.1
INS_402AAB65C7B8,REQ_E5E48704ECCD,9,610.0,v0.1
INS_402AAB65C7B8,REQ_372EE3EEEF34,10,1000.0,v0.1
INS_402AAB65C7B8,REQ_FBDEE5D480EC,11,14580.0,v0.1
INS_402AAB65C7B8,REQ_D20452A3288F,12,2400.0,v0.1
INS_402AAB65C7B8,REQ_131360057664,13,6350.0,v0.1
INS_402AAB65C7B8,REQ_A9EAB46B6DFD,14,6990.0,v0.1
INS_402AAB65C7B8,REQ_D3B6BB78E724,15,30000.0,v0.1
INS_402AAB65C7B8,REQ_4675E663762F,16,30000.0,v0.1
INS_402AAB65C7B8,REQ_6EE2FD4B9471,17,400.0,v0.1
INS_402AAB65C7B8,REQ_7B67E2EC1024,18,14390.0,v0.1
INS_402AAB65C7B8,REQ_1F88ADC53F80,19,10200.0,v0.1
INS_402AAB65C7B8,REQ_842EB539BDE2,20,7900.0,v0.1
INS_402AAB65C7B8,REQ_DD39ECEFFEFC,21,13490.0,v0.1
INS_402AAB65C7B8,REQ_F1D169E18D99,22,21230.0,v0.1
INS_402AAB65C7B8,REQ_73D72AAC6717,23,27840.0,v0.1
INS_402AAB65C7B8,REQ_849A1DE7BF07,24,10850.0,v0.1
INS_4DB04839DEA8,REQ_E864C5376C12,0,570.0,v0.1
INS_4DB04839DEA8,REQ_DBFA2241CA9B,1,5200.0,v0.1
INS_4DB04839DEA8,REQ_C224B33E8EE2,2,2080.0,v0.1
INS_4DB04839DEA8,REQ_579A571E910E,3,2670.0,v0.1
INS_4DB04839DEA8,REQ_5B12061159C3,4,100.0,v0.1
INS_4DB04839DEA8,REQ_60646E2AF258,5,860.0,v0.1
INS_4DB04839DEA8,REQ_101A5AF3B9A1,6,1310.0,v0.1
INS_4DB04839DEA8,REQ_5659DFF54A2C,7,270.0,v0.1
INS_4DB04839DEA8,REQ_CA15D0E3E785,8,270.0,v0.1
INS_4DB04839DEA8,REQ_6DAA4D4B934D,9,15910.0,v0.1
INS_4DB04839DEA8,REQ_81E3195B91A7,10,2200.0,v0.1
INS_4DB04839DEA8,REQ_14CD8EF603EE,11,270.0,v0.1
INS_4DB04839DEA8,REQ_7C4E4DDFBB90,12,7230.0,v0.1
INS_4DB04839DEA8,REQ_FCF1274D225B,13,1540.0,v0.1
INS_4DB04839DEA8,REQ_0AEA5A48CCBE,14,14040.0,v0.1
INS_4DB04839DEA8,REQ_D68E60C4CE82,15,910.0,v0.1
INS_4DB04839DEA8,REQ_9EC23CC4FAC4,16,2300.0,v0.1
INS_4DB04839DEA8,REQ_B9C174D99FAE,17,1170.0,v0.1
INS_4DB04839DEA8,REQ_C0E49F2D07FD,18,10040.0,v0.1
INS_4DB04839DEA8,REQ_3170BDD3F9C4,19,3040.0,v0.1
INS_4DB04839DEA8,REQ_55865FBB8C68,20,250.0,v0.1
INS_4DB04839DEA8,REQ_24A4B41AF979,21,3250.0,v0.1
INS_4DB04839DEA8,REQ_611A348F0E01,22,3630.0,v0.1
INS_4DB04839DEA8,REQ_54D7CB77EEAF,23,1970.0,v0.1
INS_4DB04839DEA8,REQ_2F29D9231CBB,24,860.0,v0.1
INS_4DB04839DEA8,REQ_B3951033B964,25,2875.0,v0.1
INS_4DB04839DEA8,REQ_1DC74487E6E3,26,6680.0,v0.1
INS_4DB04839DEA8,REQ_92CDFCFEE2D5,27,420.0,v0.1
INS_4DB04839DEA8,REQ_30CF410DD74B,28,27430.0,v0.1
INS_4DB04839DEA8,REQ_021B5A9180CE,29,30000.0,v0.1
INS_4DB04839DEA8,REQ_FC0992C18C7B,30,29590.0,v0.1
INS_4DB04839DEA8,REQ_741C2E14884A,31,4990.0,v0.1
INS_4DB04839DEA8,REQ_F0E09107B64A,32,2510.0,v0.1
INS_4DB04839DEA8,REQ_317104AF003A,33,30000.0,v0.1
INS_4DB04839DEA8,REQ_12DB2FA98100,34,30000.0,v0.1
INS_4DB04839DEA8,REQ_0724726AB87A,35,2520.0,v0.1
INS_4DB04839DEA8,REQ_96048286027C,36,30000.0,v0.1
INS_4DB04839DEA8,REQ_943DA25C6885,37,6780.0,v0.1
INS_4DB04839DEA8,REQ_77027B8F9A40,38,30000.0,v0.1
INS_4DB04839DEA8,REQ_2E8D626E7BEB,39,500.0,v0.1
INS_4DB04839DEA8,REQ_2ACA025088CE,40,2400.0,v0.1
INS_4DB04839DEA8,REQ_EEC235C3AE6F,41,2200.0,v0.1
INS_4DB04839DEA8,REQ_6B4C8C72B9A8,42,9040.0,v0.1
INS_4DB04839DEA8,REQ_423063F459B2,43,1400.0,v0.1
INS_4DB04839DEA8,REQ_4706BBD6F05A,44,3320.0000000000005,v0.1
INS_4DB04839DEA8,REQ_7899C9D75D55,45,430.0,v0.1
INS_4DB04839DEA8,REQ_166EDBFA7545,46,100.0,v0.1
INS_4DB04839DEA8,REQ_180C895F0115,47,1160.0,v0.1
INS_4DB04839DEA8,REQ_3F44C218B8C6,48,13630.0,v0.1
INS_4DB04839DEA8,REQ_99F8B0E28E95,49,1200.0,v0.1
INS_4DB04839DEA8,REQ_34905FBD03F2,50,580.0,v0.1
INS_4DB04839DEA8,REQ_FB5D8E055B7F,51,2000.0,v0.1
INS_4DB04839DEA8,REQ_C067FF94E514,52,2160.0,v0.1
INS_4DB04839DEA8,REQ_081CA024FA03,53,23840.0,v0.1
INS_4DB04839DEA8,REQ_22EFA3C35012,54,500.0,v0.1
INS_4DB04839DEA8,REQ_57A451462D20,55,2470.0,v0.1
INS_1BDA40EB17E5,REQ_E09E727B5086,0,550.0,v0.1
INS_1BDA40EB17E5,REQ_49ECFBE3EC54,1,12950.0,v0.1
INS_1BDA40EB17E5,REQ_3A8D89FE6228,2,4580.0,v0.1
INS_1BDA40EB17E5,REQ_69CD4BD9897C,3,9200.0,v0.1
INS_1BDA40EB17E5,REQ_A52BE28A9974,4,15000.0,v0.1
INS_1BDA40EB17E5,REQ_A18103DCCB51,5,1300.0,v0.1
INS_1BDA40EB17E5,REQ_E3A6C468D258,6,2360.0,v0.1
INS_1BDA40EB17E5,REQ_44AD48240D20,7,1060.0,v0.1
INS_1BDA40EB17E5,REQ_B54CD52418B6,8,1380.0,v0.1
INS_27F4C40E3A20,REQ_CB417B35C9D7,0,12330.0,v0.1
INS_27F4C40E3A20,REQ_05999423A058,1,6080.0,v0.1
INS_27F4C40E3A20,REQ_B5781D0632D7,2,30000.0,v0.1
INS_27F4C40E3A20,REQ_6665FFE3BB19,3,18460.0,v0.1
INS_27F4C40E3A20,REQ_128795745A5D,4,750.0,v0.1
INS_27F4C40E3A20,REQ_CF79716D3BC1,5,240.0,v0.1
INS_27F4C40E3A20,REQ_001343B352E9,6,30000.0,v0.1
INS_27F4C40E3A20,REQ_1DAEB322963E,7,700.0,v0.1
INS_27F4C40E3A20,REQ_4C8A59285011,8,1700.0,v0.1
INS_27F4C40E3A20,REQ_D651994AFECA,9,24220.0,v0.1
INS_27F4C40E3A20,REQ_304B9F390962,10,8850.0,v0.1
INS_27F4C40E3A20,REQ_1C9987829B1A,11,4960.0,v0.1
INS_27F4C40E3A20,REQ_7C7D7399E0B8,12,30000.0,v0.1
INS_27F4C40E3A20,REQ_CBBCF6DACAD3,13,8790.0,v0.1
INS_27F4C40E3A20,REQ_5FF64ED654C1,14,400.0,v0.1
INS_27F4C40E3A20,REQ_02BB856DA974,15,3810.0,v0.1
INS_F72ECAC2D9D2,REQ_753375A03C43,0,350.0,v0.1
INS_F72ECAC2D9D2,REQ_8729EEF9D319,1,10770.0,v0.1
INS_F72ECAC2D9D2,REQ_A54753B6C7F9,2,7820.0,v0.1
INS_F72ECAC2D9D2,REQ_BB1D191FB399,3,11320.0,v0.1
INS_F72ECAC2D9D2,REQ_53C793DB47F4,4,18200.0,v0.1
INS_F72ECAC2D9D2,REQ_E1CB5F942301,5,27340.0,v0.1
INS_F72ECAC2D9D2,REQ_955CCF8CB570,6,14500.0,v0.1
INS_F72ECAC2D9D2,REQ_CECAC0AD711F,7,380.0,v0.1
INS_F72ECAC2D9D2,REQ_CDD9C78A4B12,8,30000.0,v0.1
INS_F72ECAC2D9D2,REQ_8E852470D2D6,9,1160.0,v0.1
INS_F72ECAC2D9D2,REQ_FA3E849F0BDF,10,1200.0,v0.1
INS_F72ECAC2D9D2,REQ_849D8194034D,11,6690.0,v0.1
INS_F72ECAC2D9D2,REQ_68588ADE69A9,12,28650.0,v0.1
INS_077F17F93803,REQ_692F730F2A4A,0,1960.0000000000002,v0.1
INS_077F17F93803,REQ_35CA3AE5E7BF,1,80.0,v0.1
INS_077F17F93803,REQ_CBA1D17B81EB,2,430.0,v0.1
INS_077F17F93803,REQ_1543A3F3C38E,3,810.0,v0.1
INS_077F17F93803,REQ_C90615CEA8CB,4,10140.0,v0.1
INS_077F17F93803,REQ_CD189C324DF5,5,400.0,v0.1
INS_077F17F93803,REQ_D9B9507E14AD,6,31560.0,v0.1
INS_077F17F93803,REQ_2C11796B73A4,7,4029.9999999999995,v0.1
INS_077F17F93803,REQ_40F16A0D27CC,8,20000.0,v0.1
INS_077F17F93803,REQ_B1E97114686A,9,13175.0,v0.1
INS_077F17F93803,REQ_1E48D147BBCE,10,17290.0,v0.1
INS_077F17F93803,REQ_D0497E62ECA4,11,2410.0,v0.1
INS_077F17F93803,REQ_6C837F2B3AEC,12,5860.0,v0.1
INS_077F17F93803,REQ_E92306C72C1C,13,22630.0,v0.1
INS_077F17F93803,REQ_BE4ED3384901,14,3740.0,v0.1
INS_077F17F93803,REQ_6C07F7078969,15,8810.0,v0.1
INS_077F17F93803,REQ_7A142643C7D5,16,4840.0,v0.1
INS_077F17F93803,REQ_BB2C66B1D32F,17,8220.0,v0.1
INS_077F17F93803,REQ_C9582520AF4D,18,11310.0,v0.1
INS_077F17F93803,REQ_20D4178BB2A9,19,16550.0,v0.1
INS_077F17F93803,REQ_F932C25A3C51,20,9080.0,v0.1
INS_077F17F93803,REQ_CFFD4C68B8AD,21,4710.0,v0.1
INS_077F17F93803,REQ_B23398652038,22,7725.0,v0.1
INS_077F17F93803,REQ_8D7CEF4DC04E,23,420.0,v0.1
INS_077F17F93803,REQ_11A142D79C10,24,19350.0,v0.1
INS_077F17F93803,REQ_F2B7B161F780,25,26960.0,v0.1
INS_077F17F93803,REQ_341CA54DC595,26,800.0,v0.1
INS_077F17F93803,REQ_57CFBA68BEE7,27,7770.0,v0.1
INS_077F17F93803,REQ_F0F5A02876B8,28,16220.0,v0.1
INS_CC2FCD920D17,REQ_90588B6B3823,0,8420.0,v0.1
INS_CC2FCD920D17,REQ_2916B1BF0C17,1,250.0,v0.1
INS_CC2FCD920D17,REQ_77BE2073690D,2,500.0,v0.1
INS_CC2FCD920D17,REQ_24CA0512AAC6,3,2100.0,v0.1
INS_CC2FCD920D17,REQ_8E45B8BBEA07,4,540.0,v0.1
INS_CC2FCD920D17,REQ_84CB44C7EACF,5,30000.0,v0.1
INS_CC2FCD920D17,REQ_CE08909F6F0A,6,220.0,v0.1
INS_CC2FCD920D17,REQ_EE52AAAAC8AB,7,2860.0,v0.1
INS_CC2FCD920D17,REQ_8402CF25BA3F,8,25560.0,v0.1
INS_CC2FCD920D17,REQ_E2F676E68020,9,100.0,v0.1
INS_CC2FCD920D17,REQ_FC9594C96F15,10,7059.999999999999,v0.1
INS_CC2FCD920D17,REQ_5A14C3047477,11,2750.0,v0.1
INS_CC2FCD920D17,REQ_2C9E9DAECE67,12,17660.0,v0.1
INS_CC2FCD920D17,REQ_4FB973EC53CF,13,480.0,v0.1
INS_CC2FCD920D17,REQ_B40D23A4030F,14,3290.0,v0.1
INS_CC2FCD920D17,REQ_A4A642D0DDC6,15,30000.0,v0.1
INS_CC2FCD920D17,REQ_20A7E6918E31,16,12600.0,v0.1
INS_CC2FCD920D17,REQ_DCF49D4D7DFB,17,180.0,v0.1
INS_CC2FCD920D17,REQ_52FE5C7D620B,18,30000.0,v0.1
INS_CC2FCD920D17,REQ_70B209DEF811,19,409.99999999999994,v0.1
INS_CC2FCD920D17,REQ_BC1D9BB0837B,20,13810.0,v0.1
INS_CC2FCD920D17,REQ_7CE9552B3848,21,1510.0,v0.1
INS_CC2FCD920D17,REQ_1D599856099B,22,30000.0,v0.1
INS_CC2FCD920D17,REQ_0F18C4A9F759,23,30000.0,v0.1
INS_CC2FCD920D17,REQ_3205A9A29EE3,24,600.0,v0.1
INS_CC2FCD920D17,REQ_FED70DA8A987,25,1960.0000000000002,v0.1
INS_CC2FCD920D17,REQ_234543FA1E42,26,30000.0,v0.1
INS_CC2FCD920D17,REQ_3D5364709905,27,30000.0,v0.1
INS_CC2FCD920D17,REQ_E679A7246AB9,28,22960.0,v0.1
INS_CC2FCD920D17,REQ_816A39630F67,29,19840.0,v0.1
INS_1143470A010C,REQ_DE6DDD1940AC,0,30000.0,v0.1
INS_1143470A010C,REQ_C7FB76A9A779,1,700.0,v0.1
INS_1143470A010C,REQ_BBB2D0B068CA,2,2800.0,v0.1
INS_1143470A010C,REQ_3E52F7FF91EF,3,30000.0,v0.1
INS_1143470A010C,REQ_3C707614D30F,4,5660.0,v0.1
INS_1143470A010C,REQ_209E0DAA9A14,5,4170.0,v0.1
INS_1143470A010C,REQ_DA9804E4207F,6,700.0,v0.1
INS_1143470A010C,REQ_D4DAF88A46F3,7,2720.0,v0.1
INS_1143470A010C,REQ_E24D04763E27,8,190.0,v0.1
INS_1143470A010C,REQ_7E281C8B8CDD,9,18820.0,v0.1
INS_1143470A010C,REQ_2F7599126195,10,1100.0,v0.1
INS_1143470A010C,REQ_CB005E277BB5,11,10460.0,v0.1
INS_1143470A010C,REQ_0926F3376515,12,940.0,v0.1
INS_1143470A010C,REQ_6B7709588F57,13,1290.0,v0.1
INS_1143470A010C,REQ_C0E13C1300B8,14,5310.0,v0.1
INS_1143470A010C,REQ_F1BCE2171353,15,30000.0,v0.1
INS_1143470A010C,REQ_03F878AF7420,16,30000.0,v0.1
INS_1143470A010C,REQ_C5E887D3F3BA,17,7890.0,v0.1
INS_1143470A010C,REQ_B5E35BCF69A4,18,30000.0,v0.1
INS_1143470A010C,REQ_CD46E38AE293,19,19010.0,v0.1
INS_1143470A010C,REQ_231A91044222,20,600.0,v0.1
INS_1143470A010C,REQ_04C5EB60AB97,21,30000.0,v0.1
INS_1143470A010C,REQ_96CAFFF38343,22,30000.0,v0.1
INS_1143470A010C,REQ_E175DE306516,23,700.0,v0.1
INS_1143470A010C,REQ_7D8774617386,24,1130.0,v0.1
INS_1143470A010C,REQ_15A839A61D87,25,30000.0,v0.1
INS_1143470A010C,REQ_03DC46CF1F87,26,30000.0,v0.1
INS_1143470A010C,REQ_BEB4387C0A2E,27,30000.0,v0.1
INS_1143470A010C,REQ_568EBBEBDBE3,28,4240.0,v0.1
INS_1143470A010C,REQ_86AF9E44A1C2,29,14740.0,v0.1
INS_1143470A010C,REQ_40A3A309D7DB,30,960.0,v0.1
INS_BF863D4E9A6D,REQ_20872A64C229,0,30000.0,v0.1
INS_BF863D4E9A6D,REQ_F1514BD3EBF8,1,30000.0,v0.1
INS_BF863D4E9A6D,REQ_97F4EE2C94C2,2,250.0,v0.1
INS_BF863D4E9A6D,REQ_DEBE32CFFD52,3,20480.0,v0.1
INS_BF863D4E9A6D,REQ_E3AAFE0EC04A,4,1019.9999999999999,v0.1
INS_BF863D4E9A6D,REQ_FECBDB78BBEC,5,3400.0,v0.1
INS_BF863D4E9A6D,REQ_4C9833091DE4,6,27970.0,v0.1
INS_BF863D4E9A6D,REQ_D224D4801982,7,30000.0,v0.1
INS_BF863D4E9A6D,REQ_C8566D2715CA,8,30000.0,v0.1
INS_BF863D4E9A6D,REQ_E912061965AD,9,1410.0,v0.1
INS_BF863D4E9A6D,REQ_F19BBCF4E605,10,2009.9999999999998,v0.1
INS_A7B50A7995D3,REQ_5BA22D9AFCF9,0,30000.0,v0.1
INS_A7B50A7995D3,REQ_8B536E78FA6A,1,480.0,v0.1
INS_A7B50A7995D3,REQ_7D04599C688B,2,17660.0,v0.1
INS_A7B50A7995D3,REQ_8B0C04DE00F8,3,16940.0,v0.1
INS_A7B50A7995D3,REQ_F2C732A30558,4,1510.0,v0.1
INS_A7B50A7995D3,REQ_84CD142BB2C8,5,3690.0,v0.1
INS_A7B50A7995D3,REQ_7EC3B9F2B1EF,6,4000.0,v0.1
INS_A7B50A7995D3,REQ_D5B834240A6A,7,10050.0,v0.1
INS_A7B50A7995D3,REQ_5B617224C6EC,8,420.0,v0.1
INS_A7B50A7995D3,REQ_C2371FAE36CB,9,250.0,v0.1
INS_A7B50A7995D3,REQ_8E2BD3213091,10,4330.0,v0.1
INS_A7B50A7995D3,REQ_8DE5244374C9,11,780.0,v0.1
INS_A7B50A7995D3,REQ_9D6296C6EF24,12,730.0,v0.1
INS_A7B50A7995D3,REQ_BD43286B8DBA,13,1400.0,v0.1
INS_A7B50A7995D3,REQ_7EFA0424D8BD,14,30000.0,v0.1
INS_A7B50A7995D3,REQ_53B377D0155C,15,8100.0,v0.1
INS_A7B50A7995D3,REQ_18CDF5B16E3F,16,30000.0,v0.1
INS_A7B50A7995D3,REQ_B954E4EA368E,17,4850.0,v0.1
INS_A7B50A7995D3,REQ_BEDC45CFB93D,18,360.0,v0.1
INS_A7B50A7995D3,REQ_C7638874468A,19,30000.0,v0.1
INS_A7B50A7995D3,REQ_0170FE0E85D7,20,1730.0,v0.1
INS_A7B50A7995D3,REQ_5BFCCDA74851,21,360.0,v0.1
INS_A7B50A7995D3,REQ_2A25BCC76F26,22,400.0,v0.1
INS_A7B50A7995D3,REQ_6405019A3E7D,23,90.0,v0.1
INS_A7B50A7995D3,REQ_B31354A9AC60,24,1010.0,v0.1
INS_A7B50A7995D3,REQ_D2E24E81F992,25,600.0,v0.1
INS_A7B50A7995D3,REQ_EAD811232333,26,1710.0000000000002,v0.1
INS_A7B50A7995D3,REQ_CE12D4B32687,27,17690.0,v0.1
INS_C0A0B7EF2259,REQ_F21E1141F562,0,30000.0,v0.1
INS_C0A0B7EF2259,REQ_CEDAB4AB143A,1,180.0,v0.1
INS_C0A0B7EF2259,REQ_B1A7FBDD17AC,2,2700.0,v0.1
INS_C0A0B7EF2259,REQ_2383F520E69F,3,10770.0,v0.1
INS_C0A0B7EF2259,REQ_5FFD1D4FC19F,4,30000.0,v0.1
INS_C0A0B7EF2259,REQ_1C166B12B24C,5,8200.0,v0.1
INS_C0A0B7EF2259,REQ_691C1EFB70AA,6,8800.0,v0.1
INS_C0A0B7EF2259,REQ_56E34DA629D1,7,2330.0,v0.1
INS_C0A0B7EF2259,REQ_5B06407F69FD,8,3430.0,v0.1
INS_C0A0B7EF2259,REQ_FB1DE32C2282,9,4050.0,v0.1
INS_C0A0B7EF2259,REQ_8892D608CAD3,10,170.0,v0.1
INS_C0A0B7EF2259,REQ_5C9C01CF9384,11,18000.0,v0.1
INS_C0A0B7EF2259,REQ_A53F2E6A18C4,12,740.0,v0.1
INS_C0A0B7EF2259,REQ_275A80C5EBFB,13,2700.0,v0.1
INS_C0A0B7EF2259,REQ_581B92C94DFF,14,150.0,v0.1
INS_C0A0B7EF2259,REQ_69611E1250FC,15,30000.0,v0.1
INS_C0A0B7EF2259,REQ_8F330D05ACD3,16,26680.0,v0.1
INS_C0A0B7EF2259,REQ_77B38D6BFF99,17,2540.0,v0.1
INS_C0A0B7EF2259,REQ_3C2B21F62C6D,18,9280.0,v0.1
INS_C0A0B7EF2259,REQ_87B60459FCBA,19,350.0,v0.1
INS_C0A0B7EF2259,REQ_1C60F17C52A2,20,12700.0,v0.1
INS_C0A0B7EF2259,REQ_1684EAB3BCC8,21,1380.0,v0.1
INS_C0A0B7EF2259,REQ_6998AED81AAD,22,7670.0,v0.1
INS_C0A0B7EF2259,REQ_5E635F981AA2,23,30000.0,v0.1
INS_C0A0B7EF2259,REQ_B71498FF9855,24,7900.0,v0.1
INS_A2973E77E071,REQ_0E6D205AF33C,0,24900.0,v0.1
INS_A2973E77E071,REQ_56E50BA960C4,1,27525.0,v0.1
INS_A2973E77E071,REQ_703EC72E0226,2,400.0,v0.1
INS_A2973E77E071,REQ_FEB63093ADD9,3,590.0,v0.1
INS_A2973E77E071,REQ_7992844C52ED,4,2610.0,v0.1
INS_A2973E77E071,REQ_C468D42402C3,5,5860.0,v0.1
INS_A2973E77E071,REQ_3FA95497AC93,6,4000.0,v0.1
INS_A2973E77E071,REQ_CA2D82E29DF3,7,600.0,v0.1
INS_827655C4053B,REQ_74946FF9CDFB,0,3700.0,v0.1
INS_827655C4053B,REQ_5CF9A992788C,1,24350.0,v0.1
INS_827655C4053B,REQ_7CB59BFE5CA9,2,31370.0,v0.1
INS_827655C4053B,REQ_90B248A61ED5,3,10630.0,v0.1
INS_827655C4053B,REQ_EE4FDD9BED32,4,1939.9999999999998,v0.1
INS_827655C4053B,REQ_963F5F749881,5,960.0,v0.1
INS_827655C4053B,REQ_98D9DCDD6B7D,6,15380.000000000002,v0.1
INS_827655C4053B,REQ_EA31CEF68DB7,7,30000.0,v0.1
INS_827655C4053B,REQ_22DD8F80B150,8,430.0,v0.1
INS_827655C4053B,REQ_BB7904099E5F,9,30000.0,v0.1
INS_827655C4053B,REQ_3EEEE307FC63,10,30000.0,v0.1
INS_827655C4053B,REQ_D36873AC4FA3,11,9690.0,v0.1
INS_827655C4053B,REQ_FBEFAFA72897,12,19740.0,v0.1
INS_827655C4053B,REQ_19D1EBA48A1F,13,8620.0,v0.1
INS_827655C4053B,REQ_885041498906,14,24980.0,v0.1
INS_827655C4053B,REQ_48D36A98A645,15,5450.0,v0.1
INS_827655C4053B,REQ_A1F27467A8D2,16,10830.0,v0.1
INS_827655C4053B,REQ_86F3635F3078,17,800.0,v0.1
INS_827655C4053B,REQ_E37AACE1C26E,18,30000.0,v0.1
INS_48F306551245,REQ_C86E98612EAD,0,30000.0,v0.1
INS_48F306551245,REQ_75F10E935EE1,1,30000.0,v0.1
INS_48F306551245,REQ_E50524A96B19,2,20540.0,v0.1
INS_48F306551245,REQ_DED8AA21E0B6,3,29790.0,v0.1
INS_48F306551245,REQ_0B9FFD6545E3,4,18720.0,v0.1
INS_48F306551245,REQ_2D6D358E8DCC,5,30000.0,v0.1
INS_48F306551245,REQ_C86DE41EA334,6,29460.0,v0.1
INS_48F306551245,REQ_299A9F4AA5CE,7,30000.0,v0.1
INS_48F306551245,REQ_0391EBB527B6,8,30000.0,v0.1
INS_48F306551245,REQ_3A14AA639842,9,30000.0,v0.1
INS_48F306551245,REQ_2BEAC4526E54,10,30000.0,v0.1
INS_48F306551245,REQ_337340C30D2E,11,13080.0,v0.1
INS_48F306551245,REQ_5128C36DC078,12,17060.0,v0.1
INS_48F306551245,REQ_948820C577EE,13,30000.0,v0.1
INS_48F306551245,REQ_587E1EA10952,14,30000.0,v0.1
INS_48F306551245,REQ_D11FE85E3355,15,30000.0,v0.1
INS_6CD5C94024E2,REQ_25D077CAC72E,0,30000.0,v0.1
INS_6CD5C94024E2,REQ_E740E0747FF0,1,2740.0,v0.1
INS_6CD5C94024E2,REQ_ED8CD4ABEFBD,2,30000.0,v0.1
INS_6CD5C94024E2,REQ_E2659A5F5FE7,3,5560.0,v0.1
INS_6CD5C94024E2,REQ_C250F24A6D31,4,15950.0,v0.1
INS_6CD5C94024E2,REQ_3756806BC8EE,5,969.9999999999999,v0.1
INS_6CD5C94024E2,REQ_22CA94916AE4,6,3080.0,v0.1
INS_6CD5C94024E2,REQ_26F8AE3E4B0C,7,540.0,v0.1
INS_5896EF85A55C,REQ_03305509FDD6,0,8680.0,v0.1
INS_5896EF85A55C,REQ_998B05346DE1,1,29890.0,v0.1
INS_5896EF85A55C,REQ_76DBDBFB7E87,2,4710.0,v0.1
INS_5896EF85A55C,REQ_CD6B604EE9B2,3,2840.0,v0.1
INS_5896EF85A55C,REQ_BFBB101397C2,4,1340.0,v0.1
INS_5896EF85A55C,REQ_EE7BFA38D43D,5,1750.0,v0.1
INS_5896EF85A55C,REQ_3EEEA8594D29,6,770.0,v0.1
INS_5896EF85A55C,REQ_1126A41C8C2D,7,610.0,v0.1
INS_79F789054ABF,REQ_94888E40CC70,0,30000.0,v0.1
INS_79F789054ABF,REQ_347C368081A2,1,1300.0,v0.1
INS_79F789054ABF,REQ_1EE9BF66006D,2,23430.0,v0.1
INS_79F789054ABF,REQ_C1141AF81658,3,1450.0,v0.1
INS_79F789054ABF,REQ_A52A63507798,4,14169.999999999998,v0.1
INS_79F789054ABF,REQ_616E3E8BAC14,5,870.0,v0.1
INS_79F789054ABF,REQ_1FEA949E3287,6,1030.0,v0.1
INS_79F789054ABF,REQ_95484C482C7E,7,1020.0,v0.1
INS_79F789054ABF,REQ_ADE7E9B77A98,8,8500.0,v0.1
INS_9E9A134A74E5,REQ_FA3711095829,0,1250.0,v0.1
INS_9E9A134A74E5,REQ_7CB5DC5C4049,1,30000.0,v0.1
INS_9E9A134A74E5,REQ_0EB3D16341F0,2,1140.0,v0.1
INS_9E9A134A74E5,REQ_80EA4049A2A6,3,30000.0,v0.1
INS_9E9A134A74E5,REQ_B9DAE34A257C,4,6600.0,v0.1
INS_9E9A134A74E5,REQ_BF1D054EAD1D,5,8060.0,v0.1
INS_9E9A134A74E5,REQ_EE9EF02672C0,6,30000.0,v0.1
INS_9E9A134A74E5,REQ_751EFC17141E,7,27240.0,v0.1
INS_9E9A134A74E5,REQ_D4F28EE1A08D,8,670.0,v0.1
INS_9E9A134A74E5,REQ_9540388588A7,9,1400.0,v0.1
INS_9E9A134A74E5,REQ_BAE5DAAE1FB5,10,30000.0,v0.1
INS_9E9A134A74E5,REQ_448746C26A18,11,650.0,v0.1
INS_9E9A134A74E5,REQ_46E66B65360D,12,6260.0,v0.1
INS_9E9A134A74E5,REQ_E5D00C74E7DD,13,9830.0,v0.1
INS_9E9A134A74E5,REQ_5D24ED089B8F,14,4190.0,v0.1
INS_9E9A134A74E5,REQ_6FAF7B849266,15,340.0,v0.1
INS_9E9A134A74E5,REQ_2E5CE27C3D31,16,6840.0,v0.1
INS_9E9A134A74E5,REQ_6A036AC2559A,17,30000.0,v0.1
INS_9E9A134A74E5,REQ_B41EFB2C648C,18,1340.0,v0.1
INS_9E9A134A74E5,REQ_28F1008118FD,19,28110.000000000004,v0.1
INS_9E9A134A74E5,REQ_1B425B2E096D,20,5770.0,v0.1
INS_9E9A134A74E5,REQ_C7FA607C4CBD,21,30000.0,v0.1
INS_9E9A134A74E5,REQ_0EAF6A1D46D6,22,26210.000000000004,v0.1
INS_9E9A134A74E5,REQ_8A78111E0CF8,23,220.0,v0.1
INS_9E9A134A74E5,REQ_D36311C9303A,24,5730.0,v0.1
INS_147A0D77275F,REQ_D1C0BBA7646C,0,30000.0,v0.1
INS_147A0D77275F,REQ_ED800669009D,1,1500.0,v0.1
INS_147A0D77275F,REQ_93BA0CDACA5A,2,150.0,v0.1
INS_147A0D77275F,REQ_3962E0980CEF,3,1700.0,v0.1
INS_147A0D77275F,REQ_9D6E4401F45C,4,8350.0,v0.1
INS_147A0D77275F,REQ_3ECF1B2B4A16,5,30000.0,v0.1
INS_147A0D77275F,REQ_36B37F4F5E70,6,3850.0,v0.1
INS_147A0D77275F,REQ_ADE6524625FC,7,80.0,v0.1
INS_147A0D77275F,REQ_C515B0081661,8,2310.0,v0.1
INS_147A0D77275F,REQ_3FE98550D39E,9,2650.0,v0.1
INS_147A0D77275F,REQ_175AC07AE2C5,10,360.0,v0.1
INS_147A0D77275F,REQ_5DEF037D8CBD,11,1100.0,v0.1
INS_147A0D77275F,REQ_50733329A206,12,80.0,v0.1
INS_147A0D77275F,REQ_99D82EE04E4B,13,26140.0,v0.1
INS_147A0D77275F,REQ_57B29D2BA059,14,1910.0,v0.1
INS_147A0D77275F,REQ_924969DF1707,15,8160.0,v0.1
INS_147A0D77275F,REQ_4F23B8FEA46D,16,3750.0,v0.1
INS_147A0D77275F,REQ_7DD90E43DCE7,17,280.0,v0.1
INS_147A0D77275F,REQ_77FDE5D56124,18,350.0,v0.1
INS_147A0D77275F,REQ_9F55585E9BF0,19,30000.0,v0.1
INS_147A0D77275F,REQ_67AEFACDC237,20,30000.0,v0.1
INS_147A0D77275F,REQ_549D05C02C01,21,2650.0,v0.1
INS_147A0D77275F,REQ_8F311E04A116,22,950.0,v0.1
INS_147A0D77275F,REQ_B492421D43A8,23,30000.0,v0.1
INS_147A0D77275F,REQ_C9AEBD408ECD,24,4320.0,v0.1
INS_E5CAC80B0C93,REQ_CD4A263AAF2B,0,1350.0,v0.1
INS_E5CAC80B0C93,REQ_A8F913FDE029,1,1750.0,v0.1
INS_E5CAC80B0C93,REQ_3D5364709905,2,30000.0,v0.1
INS_E5CAC80B0C93,REQ_C65CF1065882,3,950.0,v0.1
INS_E5CAC80B0C93,REQ_AC0DDAD35B3C,4,400.0,v0.1
INS_E5CAC80B0C93,REQ_90588B6B3823,5,8420.0,v0.1
INS_E5CAC80B0C93,REQ_7CE9552B3848,6,1510.0,v0.1
INS_E5CAC80B0C93,REQ_ABC82F8895A2,7,30000.0,v0.1
INS_E5CAC80B0C93,REQ_5CCDE1076C51,8,30000.0,v0.1
INS_E5CAC80B0C93,REQ_816A39630F67,9,19840.0,v0.1
INS_E5CAC80B0C93,REQ_9FDB97C8E276,10,30000.0,v0.1
INS_E5CAC80B0C93,REQ_98D2C3537D2B,11,6590.0,v0.1
INS_E5CAC80B0C93,REQ_958B9FEEABC2,12,1880.0,v0.1
INS_E5CAC80B0C93,REQ_8AA6796CC68E,13,29070.0,v0.1
INS_E5CAC80B0C93,REQ_B38472A7834E,14,800.0,v0.1
INS_E5CAC80B0C93,REQ_8741A342CA67,15,12120.0,v0.1
INS_E5CAC80B0C93,REQ_52FE5C7D620B,16,30000.0,v0.1
INS_E5CAC80B0C93,REQ_56DF0A8C24DA,17,670.0,v0.1
INS_E5CAC80B0C93,REQ_0BDC8B714942,18,2660.0,v0.1
INS_E5CAC80B0C93,REQ_8B6CA3FB6F1F,19,3270.0000000000005,v0.1
INS_E5CAC80B0C93,REQ_539D08B806F2,20,470.0,v0.1
INS_E5CAC80B0C93,REQ_1C35E1C9A44C,21,13340.0,v0.1
INS_E5CAC80B0C93,REQ_86150DE21FDF,22,210.0,v0.1
INS_E5CAC80B0C93,REQ_C3AD4A6A1A7E,23,30570.0,v0.1
INS_E5CAC80B0C93,REQ_8F4DC11AAF2C,24,460.0,v0.1
INS_6B2D717EB57F,REQ_E38CF4B73015,0,30000.0,v0.1
INS_6B2D717EB57F,REQ_5DEC6F33BD84,1,30000.0,v0.1
INS_6B2D717EB57F,REQ_80A0CD71E9AA,2,23250.0,v0.1
INS_6B2D717EB57F,REQ_9782CE937EEA,3,30000.0,v0.1
INS_6B2D717EB57F,REQ_0BF7A3446D4C,4,30000.0,v0.1
INS_6B2D717EB57F,REQ_191A3E03E7DB,5,1800.0,v0.1
INS_6B2D717EB57F,REQ_9FE8B11E2C00,6,30000.0,v0.1
INS_6B2D717EB57F,REQ_80EAB69FD5ED,7,1360.0,v0.1
INS_6B2D717EB57F,REQ_74D80E6419D3,8,710.0,v0.1
INS_6B2D717EB57F,REQ_AC8C79DC23AC,9,30000.0,v0.1
INS_6B2D717EB57F,REQ_CE6688EAAF11,10,30000.0,v0.1
INS_E6CB824B4967,REQ_FA4AA0619872,0,11770.0,v0.1
INS_E6CB824B4967,REQ_6AA44CD135D6,1,2200.0,v0.1
INS_E6CB824B4967,REQ_4B80BC7AD3A1,2,750.0,v0.1
INS_E6CB824B4967,REQ_1422CD04C9F9,3,3570.0,v0.1
INS_E6CB824B4967,REQ_34D6E29BA5E0,4,340.0,v0.1
INS_E6CB824B4967,REQ_C33B70B70299,5,3390.0,v0.1
INS_E6CB824B4967,REQ_3AA04F7D93D1,6,3420.0000000000005,v0.1
INS_E6CB824B4967,REQ_BC3AEFD11635,7,30000.0,v0.1
INS_E6CB824B4967,REQ_D0ED4EE17ED1,8,1960.0,v0.1
INS_E6CB824B4967,REQ_B9D4359781FE,9,2080.0,v0.1
INS_DD78911D062D,REQ_A4D067EDDA41,0,5420.0,v0.1
INS_DD78911D062D,REQ_799B4CEF2F3C,1,1210.0,v0.1
INS_DD78911D062D,REQ_CA362E057B89,2,10675.0,v0.1
INS_DD78911D062D,REQ_562F2203F4CD,3,480.0,v0.1
INS_DD78911D062D,REQ_6D49C2576D08,4,500.0,v0.1
INS_DD78911D062D,REQ_F844FCCD4909,5,650.0,v0.1
INS_DD78911D062D,REQ_1A836BC41DC0,6,1830.0,v0.1
INS_DD78911D062D,REQ_5749DD84FC18,7,320.0,v0.1
INS_DD78911D062D,REQ_23525532F2C1,8,850.0,v0.1
INS_DD78911D062D,REQ_CD9EAE107BCA,9,470.0,v0.1
INS_DD78911D062D,REQ_17C2AFCDEDDC,10,30000.0,v0.1
INS_DD78911D062D,REQ_0BF2B9942B68,11,30000.0,v0.1
INS_DD78911D062D,REQ_2F0310AE8F2B,12,22900.0,v0.1
INS_DD78911D062D,REQ_4F77A935B1EB,13,710.0,v0.1
INS_DD78911D062D,REQ_809691E45A83,14,16170.000000000002,v0.1
INS_DD78911D062D,REQ_9A89A556D06C,15,15530.0,v0.1
INS_DD78911D062D,REQ_3936EFF04C82,16,1050.0,v0.1
INS_DD78911D062D,REQ_89C8886692C4,17,2860.0,v0.1
INS_DD78911D062D,REQ_075BF961B146,18,3060.0,v0.1
INS_DD78911D062D,REQ_CF11892A36F8,19,26850.0,v0.1
INS_DD78911D062D,REQ_0C44E34ADF26,20,23540.0,v0.1
INS_DD78911D062D,REQ_64EC2D014A59,21,2570.0,v0.1
INS_DD78911D062D,REQ_2E33E3208605,22,250.0,v0.1
INS_DD78911D062D,REQ_9FF3A0648E44,23,4810.0,v0.1
INS_DD78911D062D,REQ_9D6BBDA98C05,24,23090.0,v0.1
INS_DD78911D062D,REQ_B4059917BE86,25,4250.0,v0.1
INS_96D616C410D0,REQ_DD2D7C303370,0,13060.0,v0.1
INS_96D616C410D0,REQ_DDB54E009D9B,1,30000.0,v0.1
INS_96D616C410D0,REQ_6787FA31942D,2,190.0,v0.1
INS_96D616C410D0,REQ_7BEB95AE0BF4,3,1550.0,v0.1
INS_96D616C410D0,REQ_920A7E5F3D9B,4,2230.0,v0.1
INS_96D616C410D0,REQ_80D2BAE0EC76,5,800.0,v0.1
INS_96D616C410D0,REQ_7BF55EBB7B9A,6,8050.0,v0.1
INS_96D616C410D0,REQ_52D1906C9279,7,3440.0,v0.1
INS_96D616C410D0,REQ_080533B6E9C7,8,2670.0,v0.1
INS_96D616C410D0,REQ_A0D3AAA4E0BA,9,80.0,v0.1
INS_96D616C410D0,REQ_70947BF807A8,10,810.0,v0.1
INS_96D616C410D0,REQ_7EAC8C91C176,11,730.0,v0.1
INS_96D616C410D0,REQ_8BB93D8F8E28,12,30000.0,v0.1
INS_96D616C410D0,REQ_323DC6B9DDA6,13,1570.0,v0.1
INS_069B1192D2EA,REQ_767E7A0EF68F,0,4250.0,v0.1
INS_069B1192D2EA,REQ_3395C40FF298,1,4270.0,v0.1
INS_069B1192D2EA,REQ_C5FBC7172473,2,1019.9999999999999,v0.1
INS_069B1192D2EA,REQ_778E5487D294,3,6830.0,v0.1
INS_069B1192D2EA,REQ_088AC2762DD4,4,15410.0,v0.1
INS_069B1192D2EA,REQ_D73C960F2A3D,5,600.0,v0.1
INS_069B1192D2EA,REQ_2C94A23922DB,6,630.0,v0.1
INS_069B1192D2EA,REQ_A9713FBE0F43,7,910.0,v0.1
INS_069B1192D2EA,REQ_744BA22AF772,8,2550.0,v0.1
INS_069B1192D2EA,REQ_6C7C706FBA77,9,950.0,v0.1
INS_069B1192D2EA,REQ_FEDF0F02D964,10,800.0,v0.1
INS_069B1192D2EA,REQ_AB947473BF80,11,450.0,v0.1
INS_069B1192D2EA,REQ_0C39726BF1BD,12,160.0,v0.1
INS_069B1192D2EA,REQ_9D2A3EA9F0EF,13,950.0,v0.1
INS_069B1192D2EA,REQ_F9FFB4A76E36,14,2680.0,v0.1
INS_069B1192D2EA,REQ_F2118825F801,15,900.0,v0.1
INS_069B1192D2EA,REQ_B326E21DF26B,16,420.0,v0.1
INS_069B1192D2EA,REQ_1BE35CE21CC5,17,230.0,v0.1
INS_069B1192D2EA,REQ_5DBA8AC4FF55,18,680.0,v0.1
INS_069B1192D2EA,REQ_AF0BCB67791C,19,9660.0,v0.1
INS_7A0DFEE967F4,REQ_2C916D45E99B,0,80.0,v0.1
INS_7A0DFEE967F4,REQ_DF983F7575E5,1,140.0,v0.1
INS_7A0DFEE967F4,REQ_38E5F7F81A4F,2,30000.0,v0.1
INS_7A0DFEE967F4,REQ_73706963B396,3,13140.0,v0.1
INS_7A0DFEE967F4,REQ_8CB3B3306FC2,4,1100.0,v0.1
INS_7A0DFEE967F4,REQ_3925F4DD08D0,5,350.0,v0.1
INS_7A0DFEE967F4,REQ_F3B0B3B940DF,6,8700.0,v0.1
INS_7A0DFEE967F4,REQ_3F393DED38EB,7,200.0,v0.1
INS_7A0DFEE967F4,REQ_5C0D9C158986,8,30000.0,v0.1
INS_7A0DFEE967F4,REQ_0118BB4443EB,9,1860.0000000000002,v0.1
INS_7A0DFEE967F4,REQ_04E234A54553,10,30000.0,v0.1
INS_7A0DFEE967F4,REQ_6517C13C31E9,11,17410.0,v0.1
INS_7A0DFEE967F4,REQ_C6AD8010DC47,12,14919.999999999998,v0.1
INS_7A0DFEE967F4,REQ_21658A8EBBC8,13,1400.0,v0.1
INS_7A0DFEE967F4,REQ_2AC1D31BA895,14,23720.0,v0.1
INS_7A0DFEE967F4,REQ_0A02FB8B58FB,15,100.0,v0.1
INS_7A0DFEE967F4,REQ_3CFBF1D6195C,16,350.0,v0.1
INS_7A0DFEE967F4,REQ_A9D9A7D9304A,17,30000.0,v0.1
INS_7A0DFEE967F4,REQ_4D13BB1B1AD6,18,14219.999999999998,v0.1
INS_790DEDDA9032,REQ_997559E4E8F6,0,1540.0,v0.1
INS_790DEDDA9032,REQ_F0F5A02876B8,1,16220.0,v0.1
INS_790DEDDA9032,REQ_6C837F2B3AEC,2,5860.0,v0.1
INS_790DEDDA9032,REQ_F4A9F926FA74,3,30000.0,v0.1
INS_790DEDDA9032,REQ_528B975CC58C,4,80.0,v0.1
INS_790DEDDA9032,REQ_C9582520AF4D,5,11310.0,v0.1
INS_790DEDDA9032,REQ_C87BF2BEE378,6,7359.999999999999,v0.1
INS_790DEDDA9032,REQ_38E963CC47D7,7,250.0,v0.1
INS_790DEDDA9032,REQ_BE4ED3384901,8,3740.0,v0.1
INS_790DEDDA9032,REQ_19974D89DC1F,9,30000.0,v0.1
INS_790DEDDA9032,REQ_320A9AF3B643,10,2470.0,v0.1
INS_790DEDDA9032,REQ_41904A4D3ED1,11,20730.0,v0.1
INS_790DEDDA9032,REQ_F97DA4525313,12,3070.0,v0.1
INS_790DEDDA9032,REQ_8D7CEF4DC04E,13,420.0,v0.1
INS_790DEDDA9032,REQ_101AD9448644,14,450.0,v0.1
INS_790DEDDA9032,REQ_7A70DF4BC158,15,5820.0,v0.1
INS_790DEDDA9032,REQ_F2B7B161F780,16,26960.0,v0.1
INS_790DEDDA9032,REQ_692F730F2A4A,17,1960.0000000000002,v0.1
INS_790DEDDA9032,REQ_0646E0F36E16,18,100.0,v0.1
INS_790DEDDA9032,REQ_2A67EBC5D97A,19,22140.0,v0.1
INS_790DEDDA9032,REQ_8C6BD0751973,20,3740.0,v0.1
INS_790DEDDA9032,REQ_D558F309A3AC,21,100.0,v0.1
INS_790DEDDA9032,REQ_C688CC05431F,22,28650.0,v0.1
INS_790DEDDA9032,REQ_CA1B6AC467CA,23,30000.0,v0.1
INS_790DEDDA9032,REQ_9FBC23F38F6E,24,22325.0,v0.1
INS_790DEDDA9032,REQ_C2EFD7886F3A,25,450.0,v0.1
INS_790DEDDA9032,REQ_B2E9E03867D3,26,23030.0,v0.1
INS_790DEDDA9032,REQ_35CA3AE5E7BF,27,80.0,v0.1
INS_790DEDDA9032,REQ_C90615CEA8CB,28,10140.0,v0.1
INS_790DEDDA9032,REQ_3C256BEB32BA,29,8250.0,v0.1
INS_790DEDDA9032,REQ_0AF568EE5F63,30,7400.0,v0.1
INS_790DEDDA9032,REQ_FF7342DF1C41,31,13090.0,v0.1
INS_790DEDDA9032,REQ_D363E93C6CF4,32,550.0,v0.1
INS_790DEDDA9032,REQ_8B3572F212C7,33,100.0,v0.1
INS_790DEDDA9032,REQ_6C07F7078969,34,8810.0,v0.1
INS_790DEDDA9032,REQ_D5F27ACB211F,35,7700.0,v0.1
INS_790DEDDA9032,REQ_1C9DA336D244,36,710.0,v0.1
INS_790DEDDA9032,REQ_EA3669AA6074,37,5740.0,v0.1
INS_790DEDDA9032,REQ_C00AE3B8C27D,38,100.0,v0.1
INS_790DEDDA9032,REQ_DEC24B0D960D,39,1440.0,v0.1
INS_6C98EE00B28C,REQ_5A1B321E359C,0,850.0,v0.1
INS_6C98EE00B28C,REQ_9D20E59AEEFA,1,8720.0,v0.1
INS_6C98EE00B28C,REQ_8C7E3A8413FF,2,3110.0,v0.1
INS_6C98EE00B28C,REQ_15CE59A382EE,3,30000.0,v0.1
INS_6C98EE00B28C,REQ_9DD5773541AB,4,30000.0,v0.1
INS_6C98EE00B28C,REQ_6ABF4E9EA3F4,5,890.0,v0.1
INS_6C98EE00B28C,REQ_713E9C4B03C3,6,30000.0,v0.1
INS_6C98EE00B28C,REQ_EDAAD4BDB0A3,7,30000.0,v0.1
INS_6C98EE00B28C,REQ_BF291B5B70AA,8,3480.0,v0.1
INS_6C98EE00B28C,REQ_BEE986DE2DBD,9,30000.0,v0.1
INS_6C98EE00B28C,REQ_6A2299D9F99C,10,30000.0,v0.1
INS_6C98EE00B28C,REQ_8DCA56023301,11,700.0,v0.1
INS_6C98EE00B28C,REQ_85B3D8E07CE4,12,30000.0,v0.1
INS_6C98EE00B28C,REQ_59991129D8DE,13,9050.0,v0.1
INS_6C98EE00B28C,REQ_ABBC5141EF00,14,30000.0,v0.1
INS_6C98EE00B28C,REQ_45D633EFD289,15,1780.0,v0.1
INS_6C98EE00B28C,REQ_357C0EBB7C55,16,3110.0,v0.1
INS_6C98EE00B28C,REQ_98D1624C2D86,17,30000.0,v0.1
INS_6C98EE00B28C,REQ_F7E22DEF3253,18,30000.0,v0.1
INS_6C98EE00B28C,REQ_85F9351ABB24,19,1190.0,v0.1
INS_6C98EE00B28C,REQ_F70CBFB2E451,20,1600.0,v0.1
INS_6C98EE00B28C,REQ_4EF17689986F,21,6800.0,v0.1
INS_6C98EE00B28C,REQ_76760DDA482F,22,30000.0,v0.1
INS_6C98EE00B28C,REQ_8276FF2639DC,23,1850.0,v0.1
INS_6C98EE00B28C,REQ_EFA9925942C8,24,2680.0,v0.1
INS_6C98EE00B28C,REQ_2EE859299503,25,30000.0,v0.1
INS_58A2C9171660,REQ_6F62FF5FFFFA,0,11270.0,v0.1
INS_58A2C9171660,REQ_B0DB739B1B2C,1,10070.0,v0.1
INS_58A2C9171660,REQ_D8E4BE8FCEE2,2,13630.0,v0.1
INS_58A2C9171660,REQ_672872653816,3,1460.0,v0.1
INS_58A2C9171660,REQ_FDDD71B3933F,4,30000.0,v0.1
INS_58A2C9171660,REQ_B174347B404E,5,10500.0,v0.1
INS_58A2C9171660,REQ_90E42D3FBA72,6,30000.0,v0.1
INS_58A2C9171660,REQ_ED7BE70F6C43,7,30000.0,v0.1
INS_58A2C9171660,REQ_C12E36BE3790,8,220.00000000000003,v0.1
INS_58A2C9171660,REQ_1374821FA509,9,30000.0,v0.1
INS_58A2C9171660,REQ_D5D48A8BAD84,10,25640.0,v0.1
INS_58A2C9171660,REQ_1C6C4437AA19,11,590.0,v0.1
INS_58A2C9171660,REQ_ED558EDFB2BF,12,1100.0,v0.1
INS_58A2C9171660,REQ_8114BBAAE31F,13,30000.0,v0.1
INS_58A2C9171660,REQ_49A935C756F4,14,6060.0,v0.1
INS_58A2C9171660,REQ_FE3BB5211481,15,27960.0,v0.1
INS_58A2C9171660,REQ_FDB5B602498D,16,1700.0,v0.1
INS_58A2C9171660,REQ_AE59B50F73FE,17,30000.0,v0.1
INS_6DFB92C69C59,REQ_5B0DB25AEC6B,0,14530.0,v0.1
INS_6DFB92C69C59,REQ_F7A4F41339A5,1,30000.0,v0.1
INS_6DFB92C69C59,REQ_E8F9B5593C16,2,21120.0,v0.1
INS_6DFB92C69C59,REQ_CED353E3D546,3,30000.0,v0.1
INS_6DFB92C69C59,REQ_BDE5534B8D8E,4,1700.0,v0.1
INS_6DFB92C69C59,REQ_F5B35C7E5DD7,5,30000.0,v0.1
INS_6DFB92C69C59,REQ_507147B6E973,6,1430.0,v0.1
INS_6DFB92C69C59,REQ_092383A4AC98,7,830.0000000000001,v0.1
INS_6DFB92C69C59,REQ_B7DB9BDF9466,8,960.0,v0.1
INS_6DFB92C69C59,REQ_1828AA87B289,9,9575.0,v0.1
INS_6DFB92C69C59,REQ_721A3BAAF13A,10,22830.0,v0.1
INS_6DFB92C69C59,REQ_598B562AE11F,11,30000.0,v0.1
INS_6DFB92C69C59,REQ_31D57124716C,12,13210.0,v0.1
INS_6DFB92C69C59,REQ_30D5468DDF0D,13,16770.0,v0.1
INS_6DFB92C69C59,REQ_6D5676E0FC3A,14,12475.0,v0.1
INS_6DFB92C69C59,REQ_24275EF27998,15,30000.0,v0.1
INS_6DFB92C69C59,REQ_F5230CF77050,16,30000.0,v0.1
INS_6DFB92C69C59,REQ_D09B69B898A0,17,500.0,v0.1
INS_6DFB92C69C59,REQ_FF50557F72D9,18,16050.0,v0.1
INS_6DFB92C69C59,REQ_0A891FA83227,19,600.0,v0.1
INS_826904AA8CC2,REQ_976097F93969,0,9850.0,v0.1
INS_826904AA8CC2,REQ_D6BB0B912F1E,1,890.0,v0.1
INS_826904AA8CC2,REQ_3426FBAE6B54,2,7140.0,v0.1
INS_826904AA8CC2,REQ_2D4C758C72D5,3,550.0,v0.1
INS_826904AA8CC2,REQ_2E8C7869A15C,4,30000.0,v0.1
INS_826904AA8CC2,REQ_7CEB7A619967,5,21700.0,v0.1
INS_826904AA8CC2,REQ_EDB4DB7F94AD,6,30000.0,v0.1
INS_826904AA8CC2,REQ_DD34A244CDA7,7,459.99999999999994,v0.1
INS_826904AA8CC2,REQ_5D4DB328DDE5,8,30000.0,v0.1
INS_826904AA8CC2,REQ_19FB7147E155,9,5660.0,v0.1
INS_826904AA8CC2,REQ_5910F8B30198,10,1510.0,v0.1
INS_826904AA8CC2,REQ_504D475441C4,11,9410.0,v0.1
INS_826904AA8CC2,REQ_F3C0E05A73E3,12,9930.0,v0.1
INS_826904AA8CC2,REQ_2870C1E89A7C,13,2290.0,v0.1
INS_450C5A15308D,REQ_5A9A9F68104B,0,30000.0,v0.1
INS_450C5A15308D,REQ_DB6FB7705577,1,11290.0,v0.1
INS_450C5A15308D,REQ_AEC1D6EBA813,2,710.0,v0.1
INS_450C5A15308D,REQ_C4F52D7F1DB2,3,15050.0,v0.1
INS_450C5A15308D,REQ_9A78E2AAEB64,4,7530.0,v0.1
INS_450C5A15308D,REQ_50160CC1FD08,5,490.00000000000006,v0.1
INS_450C5A15308D,REQ_9406715B73DF,6,440.00000000000006,v0.1
INS_450C5A15308D,REQ_7611F0F3D948,7,13980.000000000002,v0.1
INS_450C5A15308D,REQ_3EE46C85E854,8,350.0,v0.1
INS_450C5A15308D,REQ_27FC207529CA,9,23140.0,v0.1
INS_450C5A15308D,REQ_DA6F60815A2E,10,25080.0,v0.1
INS_450C5A15308D,REQ_4987927250E6,11,2240.0,v0.1
INS_450C5A15308D,REQ_0E282533281A,12,1839.9999999999998,v0.1
INS_564A63ECC1CF,REQ_F9F03FBBD3F2,0,200.0,v0.1
INS_564A63ECC1CF,REQ_885D7C8F1608,1,280.0,v0.1
INS_564A63ECC1CF,REQ_E7E943B90838,2,30000.0,v0.1
INS_564A63ECC1CF,REQ_8F3F91DE13A8,3,3070.0,v0.1
INS_564A63ECC1CF,REQ_D6C7CF7A540F,4,690.0,v0.1
INS_564A63ECC1CF,REQ_868733E89AC7,5,30000.0,v0.1
INS_564A63ECC1CF,REQ_414E631D8B38,6,8560.0,v0.1
INS_564A63ECC1CF,REQ_F2DA614F3B29,7,30000.0,v0.1
INS_564A63ECC1CF,REQ_F3DFA74D663F,8,14000.0,v0.1
INS_564A63ECC1CF,REQ_E75FC257691E,9,3160.0,v0.1
INS_564A63ECC1CF,REQ_45019E85892E,10,250.0,v0.1
INS_BB998B9055AF,REQ_ED031E4D9C2D,0,3450.0,v0.1
INS_BB998B9055AF,REQ_3F5AF0A9C5F0,1,4490.0,v0.1
INS_BB998B9055AF,REQ_0F676B0DC6C8,2,30000.0,v0.1
INS_BB998B9055AF,REQ_AEB6E1CE270C,3,6910.0,v0.1
INS_BB998B9055AF,REQ_D09F215C828D,4,620.0,v0.1
INS_BB998B9055AF,REQ_5C46BC0A8866,5,12030.0,v0.1
INS_BB998B9055AF,REQ_5E559E182C3F,6,1620.0,v0.1
INS_BB998B9055AF,REQ_0D59FD89B73D,7,12240.0,v0.1
INS_BB998B9055AF,REQ_15F7777718A8,8,910.0,v0.1
INS_BB998B9055AF,REQ_D4DACAF06AB4,9,7040.0,v0.1
INS_BB998B9055AF,REQ_2497F8244177,10,3290.0,v0.1
INS_BB998B9055AF,REQ_2A9E043EAA78,11,22220.0,v0.1
INS_BB998B9055AF,REQ_6F5CCABEC128,12,5500.0,v0.1
INS_BB998B9055AF,REQ_62FF3485CD75,13,25260.0,v0.1
INS_BB998B9055AF,REQ_068EA07A83AB,14,30000.0,v0.1
INS_E5699B2784AF,REQ_6D444160AC98,0,20140.0,v0.1
INS_E5699B2784AF,REQ_CDD82B34C55C,1,2029.9999999999998,v0.1
INS_E5699B2784AF,REQ_FBA4A49AA3B7,2,4260.0,v0.1
INS_E5699B2784AF,REQ_77E1B4A81E31,3,30000.0,v0.1
INS_E5699B2784AF,REQ_7BF693F7A8D7,4,1460.0,v0.1
INS_E5699B2784AF,REQ_C7296CADEBA2,5,1050.0,v0.1
INS_E5699B2784AF,REQ_D71C13F9A946,6,30000.0,v0.1
INS_E5699B2784AF,REQ_3D9567925B59,7,1800.0,v0.1
INS_E5699B2784AF,REQ_6AA4E4AF7131,8,3530.0,v0.1
INS_E5699B2784AF,REQ_03120AE81182,9,2280.0,v0.1
INS_E5699B2784AF,REQ_0BF4FDBEDE87,10,17660.0,v0.1
INS_E5699B2784AF,REQ_5772E744F046,11,23880.0,v0.1
INS_E5699B2784AF,REQ_B19E86D56B8C,12,30000.0,v0.1
INS_E5699B2784AF,REQ_8CF941093495,13,30000.0,v0.1
INS_E5699B2784AF,REQ_1D288F052BD4,14,2800.0,v0.1
INS_E5699B2784AF,REQ_655631435BDB,15,11870.0,v0.1
INS_E5699B2784AF,REQ_1D804F22D71B,16,30000.0,v0.1
INS_E5699B2784AF,REQ_BF48C34F6F45,17,1600.0,v0.1
INS_E5699B2784AF,REQ_3A5299372AD5,18,1210.0,v0.1
INS_E5699B2784AF,REQ_BB1998B8D17B,19,2750.0,v0.1
INS_E5699B2784AF,REQ_D0F89F03FFEA,20,24360.0,v0.1
INS_E5699B2784AF,REQ_F248302D8CD6,21,1180.0,v0.1
INS_40851B5C396E,REQ_1122E372081D,0,18830.0,v0.1
INS_40851B5C396E,REQ_E7FDFEC089D6,1,360.0,v0.1
INS_40851B5C396E,REQ_3139C16097FB,2,11830.0,v0.1
INS_40851B5C396E,REQ_743669F97C7C,3,8450.0,v0.1
INS_40851B5C396E,REQ_74946FF9CDFB,4,3700.0,v0.1
INS_40851B5C396E,REQ_4756961CD89C,5,3720.0,v0.1
INS_40851B5C396E,REQ_3013A1519436,6,1620.0,v0.1
INS_40851B5C396E,REQ_FDF07FFCED91,7,2320.0,v0.1
INS_40851B5C396E,REQ_1C5835E7D51A,8,1140.0,v0.1
INS_40851B5C396E,REQ_E7D6A29D49B2,9,2800.0,v0.1
INS_4C1772CE7255,REQ_725ACAF24939,0,30000.0,v0.1
INS_4C1772CE7255,REQ_C6B6CEDEAAEE,1,30000.0,v0.1
INS_4C1772CE7255,REQ_A7B945D73A87,2,30000.0,v0.1
INS_4C1772CE7255,REQ_BAD5094FC616,3,30000.0,v0.1
INS_4C1772CE7255,REQ_F26378D02269,4,30000.0,v0.1
INS_4C1772CE7255,REQ_3C110A7451AA,5,30000.0,v0.1
INS_4C1772CE7255,REQ_46E51E8D1FD6,6,30000.0,v0.1
INS_4C1772CE7255,REQ_83460775ABB9,7,30000.0,v0.1
INS_DF7C13DC4226,REQ_E72D4D79EFB4,0,8940.0,v0.1
INS_DF7C13DC4226,REQ_C45C14637CE8,1,9130.0,v0.1
INS_DF7C13DC4226,REQ_2B3C12A9F8A5,2,30000.0,v0.1
INS_DF7C13DC4226,REQ_B49F3C07AB6E,3,9740.0,v0.1
INS_DF7C13DC4226,REQ_DEFCF33777E9,4,30000.0,v0.1
INS_DF7C13DC4226,REQ_C4FAF012E22D,5,840.0,v0.1
INS_DF7C13DC4226,REQ_C1093933FC10,6,23300.0,v0.1
INS_DF7C13DC4226,REQ_DDEB460BCD32,7,1630.0,v0.1
INS_DF7C13DC4226,REQ_2D0463638B68,8,15260.0,v0.1
INS_DF7C13DC4226,REQ_4443412D35C5,9,7360.0,v0.1
INS_DF7C13DC4226,REQ_CB8F627FC9F0,10,2710.0,v0.1
INS_DF7C13DC4226,REQ_D75A61837C24,11,30000.0,v0.1
INS_DF7C13DC4226,REQ_5566BAAFABCB,12,11420.0,v0.1
INS_DF7C13DC4226,REQ_911747EB6570,13,400.0,v0.1
INS_DF7C13DC4226,REQ_3948A6195D01,14,14140.0,v0.1
INS_DF7C13DC4226,REQ_7B0DD199F18A,15,1420.0,v0.1
INS_DF7C13DC4226,REQ_63936FE418FD,16,1820.0,v0.1
INS_DF7C13DC4226,REQ_EA8E97D9DF37,17,7300.0,v0.1
INS_DF7C13DC4226,REQ_68C6F02A58A3,18,1370.0,v0.1
INS_DF7C13DC4226,REQ_C2011FEDAD89,19,1180.0,v0.1
INS_DF7C13DC4226,REQ_23C4554A7407,20,8039.999999999999,v0.1
INS_DF7C13DC4226,REQ_DD2D446C381C,21,30000.0,v0.1
INS_DF7C13DC4226,REQ_14DB7E4EFF6D,22,1180.0,v0.1
INS_DF7C13DC4226,REQ_EBF4267F1CC1,23,450.0,v0.1
INS_DF7C13DC4226,REQ_8F7931882691,24,3160.0,v0.1
INS_DF7C13DC4226,REQ_77C46242238B,25,4010.0,v0.1
INS_DF7C13DC4226,REQ_156DE3042AB4,26,21090.0,v0.1
INS_DF7C13DC4226,REQ_BECE5B77B2FC,27,250.0,v0.1
INS_DF7C13DC4226,REQ_00D6AE04B353,28,2900.0,v0.1
INS_DF7C13DC4226,REQ_8C91A671E2C7,29,1550.0,v0.1
INS_DF7C13DC4226,REQ_538428BF3184,30,30000.0,v0.1
INS_DF7C13DC4226,REQ_4FD695384C49,31,1510.0,v0.1
INS_DF7C13DC4226,REQ_DB82A3E4E873,32,1450.0,v0.1
INS_DF7C13DC4226,REQ_DBC62A8FDA1F,33,550.0,v0.1
INS_DF7C13DC4226,REQ_9B9FDA10C9FF,34,15470.0,v0.1
INS_DF7C13DC4226,REQ_4A4F5FCD9C49,35,2700.0,v0.1
INS_DF7C13DC4226,REQ_A3C28D695FC8,36,12200.0,v0.1
INS_DF7C13DC4226,REQ_EF77562F7DBE,37,30000.0,v0.1
INS_DF7C13DC4226,REQ_CBF58E72451A,38,3500.0,v0.1
INS_DF7C13DC4226,REQ_DF86241EB7C1,39,650.0,v0.1
INS_DF7C13DC4226,REQ_FEC4B1FAA800,40,1550.0,v0.1
INS_DF7C13DC4226,REQ_5705B6D1A130,41,2570.0,v0.1
INS_DF7C13DC4226,REQ_E39028F7DDAD,42,4780.0,v0.1
INS_DF7C13DC4226,REQ_2F117AA7E076,43,25830.0,v0.1
INS_DF7C13DC4226,REQ_99979941C50E,44,27340.0,v0.1
INS_DF7C13DC4226,REQ_BFDC6BC4B44D,45,16760.0,v0.1
INS_DF7C13DC4226,REQ_0A50EA03C5B3,46,1130.0,v0.1
INS_DF7C13DC4226,REQ_AA494EFDF59D,47,30000.0,v0.1
INS_DF7C13DC4226,REQ_0A23061C7D9F,48,1780.0,v0.1
INS_DF7C13DC4226,REQ_101375A18329,49,24850.0,v0.1
INS_DF7C13DC4226,REQ_CDAF135E6912,50,1190.0,v0.1
INS_DF7C13DC4226,REQ_A7A53B2FC674,51,1200.0,v0.1
INS_DF7C13DC4226,REQ_47888D8FE99D,52,29875.0,v0.1
INS_DF7C13DC4226,REQ_332894686B8E,53,2380.0,v0.1
INS_C205727629D5,REQ_F088477FB019,0,18200.0,v0.1
INS_C205727629D5,REQ_D788C477022F,1,1960.0000000000002,v0.1
INS_C205727629D5,REQ_6EE2FD4B9471,2,400.0,v0.1
INS_C205727629D5,REQ_3F3F42196730,3,30000.0,v0.1
INS_C205727629D5,REQ_E663FBD4746E,4,9410.0,v0.1
INS_C205727629D5,REQ_D3B6BB78E724,5,30000.0,v0.1
INS_C205727629D5,REQ_979272F6402B,6,1740.0,v0.1
INS_C205727629D5,REQ_3AB32729D662,7,730.0,v0.1
INS_C205727629D5,REQ_476DADE8ADBB,8,30000.0,v0.1
INS_C205727629D5,REQ_8171E518F6C7,9,2250.0,v0.1
INS_C205727629D5,REQ_27E0A190E2BC,10,8020.0,v0.1
INS_C205727629D5,REQ_47914282B4CC,11,30000.0,v0.1
INS_C205727629D5,REQ_3A8EF4435D02,12,919.9999999999999,v0.1
INS_C205727629D5,REQ_FFEFB0123607,13,3500.0,v0.1
INS_C205727629D5,REQ_8805679C39A8,14,2170.0,v0.1
INS_C205727629D5,REQ_842EB539BDE2,15,7900.0,v0.1
INS_C205727629D5,REQ_6F9C9CDD6992,16,960.0,v0.1
INS_C205727629D5,REQ_C2FE8CF19728,17,7810.0,v0.1
INS_C205727629D5,REQ_3E1658CEFDD7,18,30000.0,v0.1
INS_C205727629D5,REQ_665E28556FEB,19,30000.0,v0.1
INS_C205727629D5,REQ_35FBD7D61C2F,20,600.0,v0.1
INS_C205727629D5,REQ_D84799C3F0D9,21,30000.0,v0.1
INS_C205727629D5,REQ_CC5DBC2E3243,22,2300.0,v0.1
INS_C205727629D5,REQ_7B67E2EC1024,23,14390.0,v0.1
INS_C205727629D5,REQ_372EE3EEEF34,24,1000.0,v0.1
INS_C205727629D5,REQ_79E11EAE0445,25,26190.0,v0.1
INS_C205727629D5,REQ_2608B0DB3552,26,1400.0,v0.1
INS_C205727629D5,REQ_FBDEE5D480EC,27,14580.0,v0.1
INS_C205727629D5,REQ_AFEDDA861D77,28,350.0,v0.1
INS_C205727629D5,REQ_E5E48704ECCD,29,610.0,v0.1
INS_C205727629D5,REQ_0C45BF5F46CB,30,30000.0,v0.1
INS_C205727629D5,REQ_2400298D8BA1,31,330.0,v0.1
INS_C205727629D5,REQ_AA9A757E9173,32,30000.0,v0.1
INS_C205727629D5,REQ_2A1884AD9095,33,1010.0,v0.1
INS_C205727629D5,REQ_0E837ED6AF5A,34,710.0,v0.1
INS_C205727629D5,REQ_83D300AB74F9,35,30000.0,v0.1
INS_C205727629D5,REQ_AFDF5F77CE7E,36,2550.0,v0.1
INS_C205727629D5,REQ_1C49182C263D,37,8620.0,v0.1
INS_C205727629D5,REQ_123C309AED98,38,8020.0,v0.1
INS_C205727629D5,REQ_849A1DE7BF07,39,10850.0,v0.1
INS_C205727629D5,REQ_0BABCCE44C40,40,640.0,v0.1
INS_C205727629D5,REQ_F95CF899401D,41,30000.0,v0.1
INS_C205727629D5,REQ_6AD8C686E7F7,42,30000.0,v0.1
INS_C205727629D5,REQ_E5E622A79347,43,1130.0,v0.1
INS_C205727629D5,REQ_A1A087EE1608,44,1910.0000000000002,v0.1
INS_C205727629D5,REQ_62C01A1DF705,45,30000.0,v0.1
INS_C205727629D5,REQ_FE58B11762DD,46,450.0,v0.1
INS_C205727629D5,REQ_1D06D307DAC5,47,21400.0,v0.1
INS_C205727629D5,REQ_7E214F3515F5,48,8009.999999999999,v0.1
INS_C205727629D5,REQ_CAACB8BDCB6D,49,30000.0,v0.1
INS_175972B65B0E,REQ_A266B370CC76,0,30000.0,v0.1
INS_175972B65B0E,REQ_DD9FCEF3DB82,1,12410.0,v0.1
INS_175972B65B0E,REQ_795B4F58C8A2,2,7670.0,v0.1
INS_175972B65B0E,REQ_9B792ED83DB4,3,2160.0,v0.1
INS_175972B65B0E,REQ_4CD7B5DF35B2,4,400.0,v0.1
INS_175972B65B0E,REQ_D51181EC4ABE,5,1900.0,v0.1
INS_175972B65B0E,REQ_611F26F0EA34,6,11130.0,v0.1
INS_175972B65B0E,REQ_756CC06BCD55,7,1520.0,v0.1
INS_175972B65B0E,REQ_E6912FCE5823,8,17750.0,v0.1
INS_175972B65B0E,REQ_5C6D15B968E4,9,3730.0,v0.1
INS_175972B65B0E,REQ_A9404664AC9B,10,1250.0,v0.1
INS_175972B65B0E,REQ_9FE6107D4621,11,3329.9999999999995,v0.1
INS_175972B65B0E,REQ_DB19FA7868F8,12,1060.0,v0.1
INS_175972B65B0E,REQ_E9E84362F2CC,13,4450.0,v0.1
INS_175972B65B0E,REQ_8716862032C3,14,2550.0,v0.1
INS_175972B65B0E,REQ_0834BFDA1073,15,30900.0,v0.1
INS_175972B65B0E,REQ_387EA495D200,16,1019.9999999999999,v0.1
INS_175972B65B0E,REQ_1ABF5EAA6EE0,17,10150.0,v0.1
INS_175972B65B0E,REQ_0D270EF9C7DF,18,790.0,v0.1
INS_5E93F7DF50AD,REQ_4FEDCFFDAF08,0,150.0,v0.1
INS_5E93F7DF50AD,REQ_E30BD6A5C6CA,1,14800.0,v0.1
INS_5E93F7DF50AD,REQ_62B396703873,2,540.0,v0.1
INS_5E93F7DF50AD,REQ_4FD89A49D4F2,3,30000.0,v0.1
INS_5E93F7DF50AD,REQ_F137F734B4B4,4,1620.0,v0.1
INS_5E93F7DF50AD,REQ_4ACCB702C758,5,7960.0,v0.1
INS_5E93F7DF50AD,REQ_1C76079DFBF8,6,10850.0,v0.1
INS_5E93F7DF50AD,REQ_1FDC51B35B2B,7,3629.9999999999995,v0.1
INS_5E93F7DF50AD,REQ_35CBCAD7AD96,8,7280.0,v0.1
INS_5E93F7DF50AD,REQ_33A75344AE55,9,660.0,v0.1
INS_5E93F7DF50AD,REQ_E3E02CB42152,10,6809.999999999999,v0.1
INS_2D358EA48C72,REQ_14B277B44EF8,0,630.0,v0.1
INS_2D358EA48C72,REQ_A14C59C3DA2A,1,340.0,v0.1
INS_2D358EA48C72,REQ_5038B05DF01A,2,4910.0,v0.1
INS_2D358EA48C72,REQ_A58D67F358F8,3,11550.0,v0.1
INS_2D358EA48C72,REQ_430912A986F8,4,12750.0,v0.1
INS_2D358EA48C72,REQ_3F5BB1D20E5D,5,17420.0,v0.1
INS_2D358EA48C72,REQ_B21A86E02228,6,430.0,v0.1
INS_2D358EA48C72,REQ_D757029806BA,7,30000.0,v0.1
INS_2D358EA48C72,REQ_9A4C26196AFA,8,630.0,v0.1
INS_081160044BF5,REQ_9406715B73DF,0,440.00000000000006,v0.1
INS_081160044BF5,REQ_3EE46C85E854,1,350.0,v0.1
INS_081160044BF5,REQ_2D7DF292F6A6,2,5140.0,v0.1
INS_081160044BF5,REQ_35769EEF7E5F,3,30000.0,v0.1
INS_081160044BF5,REQ_DD19EDBFB0C1,4,4970.0,v0.1
INS_081160044BF5,REQ_4ACED8586FC2,5,600.0,v0.1
INS_081160044BF5,REQ_EC5BA3A811DF,6,10970.0,v0.1
INS_081160044BF5,REQ_206EA3FABFA2,7,11600.0,v0.1
INS_081160044BF5,REQ_607E7C590B6A,8,3700.0,v0.1
INS_081160044BF5,REQ_0214F402CE67,9,30000.0,v0.1
INS_081160044BF5,REQ_1D1F272838EC,10,1320.0,v0.1
INS_081160044BF5,REQ_F1644652E3CA,11,11760.0,v0.1
INS_081160044BF5,REQ_A84E9A6BA66C,12,7340.0,v0.1
INS_081160044BF5,REQ_759A71A35EBC,13,5780.0,v0.1
INS_081160044BF5,REQ_E365E0D2353A,14,2150.0,v0.1
INS_081160044BF5,REQ_13ECD68ACBA5,15,550.0,v0.1
INS_081160044BF5,REQ_4F1BE0394EA1,16,760.0,v0.1
INS_081160044BF5,REQ_0682A92D0ACE,17,8300.0,v0.1
INS_081160044BF5,REQ_6A60DB1DEDA6,18,30000.0,v0.1
INS_081160044BF5,REQ_519B37D8AAA1,19,5030.0,v0.1
INS_081160044BF5,REQ_5C582CDE8990,20,4040.0,v0.1
INS_081160044BF5,REQ_3BA6E66783BA,21,30000.0,v0.1
INS_081160044BF5,REQ_03CB04AD80D0,22,12800.0,v0.1
INS_081160044BF5,REQ_6674FBD8B1CA,23,6220.0,v0.1
INS_081160044BF5,REQ_5B87CFE753B5,24,30000.0,v0.1
INS_081160044BF5,REQ_722093F84ECA,25,250.0,v0.1
INS_081160044BF5,REQ_50160CC1FD08,26,490.00000000000006,v0.1
INS_081160044BF5,REQ_39276FD15E22,27,1450.0,v0.1
INS_081160044BF5,REQ_D964563C8282,28,30000.0,v0.1
INS_081160044BF5,REQ_5A9A9F68104B,29,30000.0,v0.1
INS_081160044BF5,REQ_66D14450D01C,30,550.0,v0.1
INS_081160044BF5,REQ_EB351B3B4177,31,2460.0,v0.1
INS_081160044BF5,REQ_60963E379959,32,2890.0,v0.1
INS_081160044BF5,REQ_30B74F9E21B0,33,10780.0,v0.1
INS_081160044BF5,REQ_DF7E7D072C2A,34,1690.0,v0.1
INS_081160044BF5,REQ_C13483B8B066,35,10300.0,v0.1
INS_081160044BF5,REQ_44B84EBFAD83,36,30000.0,v0.1
INS_081160044BF5,REQ_4411636DD7EB,37,24250.0,v0.1
INS_081160044BF5,REQ_ADF541D8DBFF,38,840.0,v0.1
INS_081160044BF5,REQ_789765C15041,39,30000.0,v0.1
INS_081160044BF5,REQ_CEBA4E79C1F5,40,30000.0,v0.1
INS_081160044BF5,REQ_93F25571AFA3,41,740.0,v0.1
INS_081160044BF5,REQ_AEC1D6EBA813,42,710.0,v0.1
INS_081160044BF5,REQ_31CD2B273778,43,370.0,v0.1
INS_081160044BF5,REQ_0E282533281A,44,1839.9999999999998,v0.1
INS_081160044BF5,REQ_4371F407B87B,45,25150.0,v0.1
INS_081160044BF5,REQ_1C17D6358C20,46,229.99999999999997,v0.1
INS_081160044BF5,REQ_DA6F60815A2E,47,25080.0,v0.1
INS_081160044BF5,REQ_D670BD2D0CAA,48,4090.0,v0.1
INS_081160044BF5,REQ_87A0CD1F39C8,49,30000.0,v0.1
INS_081160044BF5,REQ_7B989D723C97,50,8980.0,v0.1
INS_081160044BF5,REQ_7129D8CF936B,51,1310.0,v0.1
INS_081160044BF5,REQ_4039044FDC5E,52,10270.0,v0.1
INS_545406420F9F,REQ_28C9A8141C4D,0,300.0,v0.1
INS_545406420F9F,REQ_DD6A1855E900,1,7020.0,v0.1
INS_545406420F9F,REQ_753375A03C43,2,350.0,v0.1
INS_545406420F9F,REQ_92BA907C1996,3,27130.0,v0.1
INS_545406420F9F,REQ_BC3B797480C3,4,11680.0,v0.1
INS_545406420F9F,REQ_5A82D9BA9A74,5,100.0,v0.1
INS_545406420F9F,REQ_8AF7F5A08D66,6,30000.0,v0.1
INS_545406420F9F,REQ_D5C7F39CF355,7,1360.0,v0.1
INS_545406420F9F,REQ_1BA32EF55725,8,4520.0,v0.1
INS_545406420F9F,REQ_034E55488B3C,9,660.0,v0.1
INS_545406420F9F,REQ_CC449CB9A916,10,12600.0,v0.1
INS_545406420F9F,REQ_1E8033A3979D,11,30000.0,v0.1
INS_AF869747CD96,REQ_3BE9AD36BFAC,0,1430.0,v0.1
INS_AF869747CD96,REQ_79A9EB9CB7F0,1,8860.0,v0.1
INS_AF869747CD96,REQ_6157D0B06081,2,1700.0,v0.1
INS_AF869747CD96,REQ_7456D3782E24,3,8500.0,v0.1
INS_AF869747CD96,REQ_E1AE480B5AA7,4,30000.0,v0.1
INS_AF869747CD96,REQ_232D9D03EDE8,5,6800.0,v0.1
INS_AF869747CD96,REQ_41D8755B193A,6,1150.0,v0.1
INS_AF869747CD96,REQ_77B3AA8B0835,7,9350.0,v0.1
INS_AF869747CD96,REQ_BE4E0572983A,8,1330.0,v0.1
INS_AF869747CD96,REQ_C8B0ABAFE967,9,30000.0,v0.1
INS_AF869747CD96,REQ_8F5CAB8B65E6,10,30000.0,v0.1
INS_AF869747CD96,REQ_405ABAE5A531,11,9260.0,v0.1
INS_AF869747CD96,REQ_FC8E7276C85D,12,5290.0,v0.1
INS_519BECFEA16E,REQ_DBA4E7252854,0,9400.0,v0.1
INS_519BECFEA16E,REQ_BC4F48241900,1,30000.0,v0.1
INS_519BECFEA16E,REQ_7F35A3B51B46,2,14420.0,v0.1
INS_519BECFEA16E,REQ_7C94B21AD1E4,3,30000.0,v0.1
INS_519BECFEA16E,REQ_C4C88F09234B,4,15140.0,v0.1
INS_519BECFEA16E,REQ_53FCCA9803C4,5,11710.0,v0.1
INS_519BECFEA16E,REQ_3418D62F8989,6,30000.0,v0.1
INS_519BECFEA16E,REQ_9BEEBE911F18,7,26490.0,v0.1
INS_519BECFEA16E,REQ_50A2F45747C0,8,9160.0,v0.1
INS_519BECFEA16E,REQ_7868BDF12EC9,9,3560.0,v0.1
INS_519BECFEA16E,REQ_23597F191A8D,10,11100.0,v0.1
INS_958C21D06C87,REQ_831AF97172D7,0,30000.0,v0.1
INS_958C21D06C87,REQ_EDB1CD59014B,1,5500.0,v0.1
INS_958C21D06C87,REQ_22D20183BF36,2,480.0,v0.1
INS_958C21D06C87,REQ_7992844C52ED,3,2610.0,v0.1
INS_958C21D06C87,REQ_3D77D4D950D6,4,3850.0,v0.1
INS_958C21D06C87,REQ_456183782830,5,3720.0,v0.1
INS_958C21D06C87,REQ_9AF288DB60EC,6,5660.0,v0.1
INS_958C21D06C87,REQ_0026DF0F3379,7,1280.0,v0.1
INS_958C21D06C87,REQ_5AD1573008E6,8,30000.0,v0.1
INS_958C21D06C87,REQ_69DC9E04B3AB,9,390.0,v0.1
INS_958C21D06C87,REQ_03DA1D8BCBE5,10,1520.0,v0.1
INS_958C21D06C87,REQ_58A3CA630F02,11,930.0,v0.1
INS_958C21D06C87,REQ_6CD49BFFC293,12,14310.0,v0.1
INS_CB34F1ED3D38,REQ_75AB6204EF53,0,390.0,v0.1
INS_CB34F1ED3D38,REQ_6C087EA6F86F,1,30000.0,v0.1
INS_CB34F1ED3D38,REQ_43CCF80E4E99,2,30000.0,v0.1
INS_CB34F1ED3D38,REQ_B884FFFCE234,3,30000.0,v0.1
INS_CB34F1ED3D38,REQ_B928B17119AE,4,6080.0,v0.1
INS_CB34F1ED3D38,REQ_BA4765F3E68D,5,30000.0,v0.1
INS_CB34F1ED3D38,REQ_4CC2DA46AECF,6,30000.0,v0.1
INS_CB34F1ED3D38,REQ_CECF7A168639,7,30000.0,v0.1
INS_CB34F1ED3D38,REQ_8BEBDFC315FC,8,15350.0,v0.1
INS_CB34F1ED3D38,REQ_9137C155DD72,9,13460.0,v0.1
INS_CB34F1ED3D38,REQ_0C29D1C7632C,10,30000.0,v0.1
INS_CB34F1ED3D38,REQ_AF8CDDA4D5E0,11,30000.0,v0.1
INS_CB34F1ED3D38,REQ_C21D9002E4B1,12,22540.0,v0.1
INS_CB34F1ED3D38,REQ_CB81322F5C84,13,6800.0,v0.1
INS_CB34F1ED3D38,REQ_89498E831993,14,30000.0,v0.1
INS_CB34F1ED3D38,REQ_05AC31DD7CD8,15,9310.0,v0.1
INS_CB34F1ED3D38,REQ_48C9BCADCABD,16,30000.0,v0.1
INS_CB34F1ED3D38,REQ_2A92DFD89864,17,17760.0,v0.1
INS_CB34F1ED3D38,REQ_A673DE68CE58,18,26980.0,v0.1
INS_CB34F1ED3D38,REQ_BC1B952684D8,19,30000.0,v0.1
INS_8587877A55C1,REQ_F6D705542F1C,0,13680.0,v0.1
INS_8587877A55C1,REQ_C86E98612EAD,1,30000.0,v0.1
INS_8587877A55C1,REQ_5128C36DC078,2,17060.0,v0.1
INS_8587877A55C1,REQ_8B90D2883DEA,3,30000.0,v0.1
INS_8587877A55C1,REQ_75F10E935EE1,4,30000.0,v0.1
INS_8587877A55C1,REQ_DED8AA21E0B6,5,29790.0,v0.1
INS_8587877A55C1,REQ_E50524A96B19,6,20540.0,v0.1
INS_8587877A55C1,REQ_0391EBB527B6,7,30000.0,v0.1
INS_8587877A55C1,REQ_0B9FFD6545E3,8,18720.0,v0.1
INS_8587877A55C1,REQ_C86DE41EA334,9,29460.0,v0.1
INS_8587877A55C1,REQ_BD3278D236A9,10,12460.0,v0.1
INS_8587877A55C1,REQ_2D6D358E8DCC,11,30000.0,v0.1
INS_B12CADBF7BCF,REQ_954A75AB5024,0,24600.0,v0.1
INS_B12CADBF7BCF,REQ_4E3E62F8B00C,1,300.0,v0.1
INS_B12CADBF7BCF,REQ_709968869BE6,2,450.0,v0.1
INS_B12CADBF7BCF,REQ_F98D43DCE127,3,1900.0,v0.1
INS_B12CADBF7BCF,REQ_8EF368867EF7,4,5230.0,v0.1
INS_B12CADBF7BCF,REQ_89477ED66E8B,5,2200.0,v0.1
INS_B12CADBF7BCF,REQ_6DBA718640F8,6,26250.0,v0.1
INS_B12CADBF7BCF,REQ_F4E6FED2E6BC,7,17750.0,v0.1
INS_B12CADBF7BCF,REQ_B0487470B0A3,8,16480.0,v0.1
INS_B12CADBF7BCF,REQ_E62B25A2D725,9,1300.0,v0.1
INS_B12CADBF7BCF,REQ_F18B35FADBC5,10,30000.0,v0.1
INS_B12CADBF7BCF,REQ_938E284B3F28,11,7080.0,v0.1
INS_B12CADBF7BCF,REQ_A67B3AC6B30C,12,24630.0,v0.1
INS_B12CADBF7BCF,REQ_2FD20CED6F16,13,30000.0,v0.1
INS_B12CADBF7BCF,REQ_51CC28A820A3,14,290.0,v0.1
INS_B12CADBF7BCF,REQ_DBC250EDB4DE,15,1010.0,v0.1
INS_B12CADBF7BCF,REQ_67174D544507,16,8630.0,v0.1
INS_B12CADBF7BCF,REQ_0A7382E15FD3,17,30000.0,v0.1
INS_B12CADBF7BCF,REQ_871FE5E985A5,18,1520.0,v0.1
INS_B12CADBF7BCF,REQ_83825C7424CF,19,3710.0,v0.1
INS_B12CADBF7BCF,REQ_4F0721DEE7D6,20,490.0,v0.1
INS_B12CADBF7BCF,REQ_DDAACD217D12,21,22100.0,v0.1
INS_B12CADBF7BCF,REQ_C6420D4E3537,22,11950.0,v0.1
INS_B12CADBF7BCF,REQ_7576380ECFA1,23,30000.0,v0.1
INS_B12CADBF7BCF,REQ_E7AAA68503E8,24,21800.0,v0.1
INS_B12CADBF7BCF,REQ_2DA1A6632A02,25,1470.0,v0.1
INS_E57703510F67,REQ_D082289A740A,0,1550.0,v0.1
INS_E57703510F67,REQ_DA39C335CF46,1,140.0,v0.1
INS_E57703510F67,REQ_5BB7630FE59B,2,1900.0,v0.1
INS_E57703510F67,REQ_56FF26936F69,3,7750.0,v0.1
INS_E57703510F67,REQ_C46EB55C3863,4,30000.0,v0.1
INS_E57703510F67,REQ_5A2D78231B92,5,500.0,v0.1
INS_E57703510F67,REQ_256C39E1F539,6,30000.0,v0.1
INS_E57703510F67,REQ_6D4B12C27E2C,7,30000.0,v0.1
INS_E57703510F67,REQ_CDCB4890FE38,8,800.0,v0.1
INS_E57703510F67,REQ_D88053DAC1AF,9,1480.0,v0.1
INS_E57703510F67,REQ_240975CB2AFB,10,2870.0,v0.1
INS_E57703510F67,REQ_C97EC54616FE,11,30000.0,v0.1
INS_E57703510F67,REQ_C7CAC5B043A1,12,4780.0,v0.1
INS_E57703510F67,REQ_41DE3F2E79C7,13,30000.0,v0.1
INS_E57703510F67,REQ_52381F61C474,14,15850.0,v0.1
INS_E57703510F67,REQ_4FC865CCE654,15,150.0,v0.1
INS_E57703510F67,REQ_20B9B1623E1B,16,26190.0,v0.1
INS_E57703510F67,REQ_E10651E2920A,17,30000.0,v0.1
INS_E57703510F67,REQ_39710B033C9B,18,2580.0,v0.1
INS_E57703510F67,REQ_2D92DED237B1,19,270.0,v0.1
INS_E57703510F67,REQ_BE0D8928C6CE,20,30000.0,v0.1
INS_E57703510F67,REQ_54E88BDABC5D,21,7950.0,v0.1
INS_E57703510F67,REQ_82C7CB1AFA40,22,480.0,v0.1
INS_E57703510F67,REQ_E504DF3A03E8,23,30000.0,v0.1
INS_E57703510F67,REQ_7DABF8D2CC0E,24,1100.0,v0.1
INS_E57703510F67,REQ_4062B2987BBB,25,30000.0,v0.1
INS_E57703510F67,REQ_E8FB24254713,26,3710.0,v0.1
INS_E57703510F67,REQ_98401D1FA462,27,1800.0,v0.1
INS_E57703510F67,REQ_C76472E125F6,28,18340.0,v0.1
INS_E57703510F67,REQ_BEB6C0FE7157,29,690.0,v0.1
INS_E57703510F67,REQ_71CA2990027D,30,30000.0,v0.1
INS_E57703510F67,REQ_0776A790E732,31,3760.0,v0.1
INS_E57703510F67,REQ_08837D8333CD,32,6950.0,v0.1
INS_E57703510F67,REQ_0D1E3A6260F4,33,600.0,v0.1
INS_E57703510F67,REQ_92CF9352C510,34,19790.0,v0.1
INS_E57703510F67,REQ_A278EFD5DB89,35,990.0,v0.1
INS_E57703510F67,REQ_59181EE7C340,36,400.0,v0.1
INS_E57703510F67,REQ_E34FE875170F,37,500.0,v0.1
INS_E57703510F67,REQ_7E9344CB1715,38,30000.0,v0.1
INS_E57703510F67,REQ_6CD4ED03A44D,39,2100.0,v0.1
INS_E57703510F67,REQ_AB8D2A162F4B,40,2850.0,v0.1
INS_E57703510F67,REQ_D1FFA7CE569E,41,3530.0,v0.1
INS_E57703510F67,REQ_B0988AFEED77,42,130.0,v0.1
INS_E57703510F67,REQ_4508536AC8AE,43,2320.0,v0.1
INS_E57703510F67,REQ_AD923901604A,44,6600.0,v0.1
INS_E57703510F67,REQ_E719922852C7,45,10490.0,v0.1
INS_E57703510F67,REQ_779FC4E8F5A3,46,250.0,v0.1
INS_E57703510F67,REQ_7AA836D3F5BA,47,1060.0,v0.1
INS_E57703510F67,REQ_6951307933BF,48,10520.0,v0.1
INS_E57703510F67,REQ_A54EC414C339,49,1400.0,v0.1
INS_E57703510F67,REQ_197294D6DEA0,50,30000.0,v0.1
INS_E57703510F67,REQ_71E7E2E0B7F0,51,280.0,v0.1
INS_E57703510F67,REQ_C62734E77C21,52,950.0,v0.1
INS_E57703510F67,REQ_0F27753A3802,53,30000.0,v0.1
INS_4E597C76E80D,REQ_3278862F47F6,0,15330.000000000002,v0.1
INS_4E597C76E80D,REQ_ACD27A133CE7,1,530.0,v0.1
INS_4E597C76E80D,REQ_7150FF9687EA,2,2360.0,v0.1
INS_4E597C76E80D,REQ_6777524C5F9E,3,30000.0,v0.1
INS_4E597C76E80D,REQ_0A681F8EC45A,4,1100.0,v0.1
INS_4E597C76E80D,REQ_49D8C1FFD068,5,480.0,v0.1
INS_4E597C76E80D,REQ_0DAD255D55D4,6,30000.0,v0.1
INS_4E597C76E80D,REQ_2872475F390F,7,9120.0,v0.1
INS_4E597C76E80D,REQ_C68D7503DA6D,8,17860.0,v0.1
INS_4E597C76E80D,REQ_830810CF0CD3,9,170.0,v0.1
INS_C18B412FE6FD,REQ_F7720CFF59F2,0,2510.0,v0.1
INS_C18B412FE6FD,REQ_025973CC3FA0,1,2250.0,v0.1
INS_C18B412FE6FD,REQ_D2043102BEB9,2,400.0,v0.1
INS_C18B412FE6FD,REQ_E5350E5F0435,3,4350.0,v0.1
INS_C18B412FE6FD,REQ_7E4272E8EE67,4,550.0,v0.1
INS_C18B412FE6FD,REQ_D183A035DEB6,5,8770.0,v0.1
INS_C18B412FE6FD,REQ_996853688AD7,6,30000.0,v0.1
INS_C18B412FE6FD,REQ_BA782D87CA9E,7,5090.0,v0.1
INS_C18B412FE6FD,REQ_E59100442001,8,6120.0,v0.1
INS_C85673058725,REQ_6E9D165F1D9C,0,1570.0,v0.1
INS_C85673058725,REQ_5E33A30BD039,1,4060.0,v0.1
INS_C85673058725,REQ_9858C6B74A3F,2,970.0,v0.1
INS_C85673058725,REQ_CF064E858579,3,11400.0,v0.1
INS_C85673058725,REQ_C2EA16D04553,4,30000.0,v0.1
INS_C85673058725,REQ_A3953CCBFAFE,5,2000.0,v0.1
INS_C85673058725,REQ_4F1FF01691BC,6,16090.0,v0.1
INS_C85673058725,REQ_1E4D8A81DB04,7,580.0,v0.1
INS_C85673058725,REQ_57ED52F96485,8,6390.0,v0.1
INS_C85673058725,REQ_B40D98129F86,9,4230.0,v0.1
INS_C85673058725,REQ_1A3DBCD923B4,10,4970.0,v0.1
INS_C85673058725,REQ_2F3E28119956,11,15400.0,v0.1
INS_C85673058725,REQ_146A5E298845,12,2450.0,v0.1
INS_C85673058725,REQ_1BFF54238B3A,13,30000.0,v0.1
INS_C85673058725,REQ_FD805D738084,14,1560.0,v0.1
INS_C85673058725,REQ_504C7832718D,15,12500.0,v0.1
INS_C85673058725,REQ_7F31234A41DC,16,1320.0,v0.1
INS_C85673058725,REQ_AC32E48818F3,17,1000.0,v0.1
INS_C85673058725,REQ_958B257A820B,18,2760.0,v0.1
INS_C85673058725,REQ_6E849F4814E2,19,1320.0,v0.1
INS_7D706553FD8E,REQ_AC9172A4F424,0,8750.0,v0.1
INS_7D706553FD8E,REQ_4FF9A82F1E2D,1,409.99999999999994,v0.1
INS_7D706553FD8E,REQ_13268E9B1808,2,28590.0,v0.1
INS_7D706553FD8E,REQ_F60A7CCE4F34,3,9930.0,v0.1
INS_7D706553FD8E,REQ_5E63F88EB100,4,30000.0,v0.1
INS_7D706553FD8E,REQ_9D3C60E292AA,5,9660.0,v0.1
INS_7D706553FD8E,REQ_8E3D4F0D5363,6,10830.0,v0.1
INS_7D706553FD8E,REQ_EBB57A372956,7,6980.0,v0.1
INS_7D706553FD8E,REQ_461D9868612A,8,27100.0,v0.1
INS_7D706553FD8E,REQ_1536A79B1A40,9,17760.0,v0.1
INS_7D706553FD8E,REQ_016F191EF3EB,10,23950.0,v0.1
INS_7D706553FD8E,REQ_8C00875DD0ED,11,1330.0,v0.1
INS_7D706553FD8E,REQ_5DB4AE3A49C3,12,8890.0,v0.1
INS_7D706553FD8E,REQ_2AEC55AAF780,13,880.0,v0.1
INS_7D706553FD8E,REQ_4405EDEC3837,14,30000.0,v0.1
INS_7D706553FD8E,REQ_0585A63F5D8F,15,560.0,v0.1
INS_7D706553FD8E,REQ_EDB7925E26D5,16,1380.0,v0.1
INS_7D706553FD8E,REQ_A0706A148C46,17,200.0,v0.1
INS_7D706553FD8E,REQ_445D0883A223,18,30000.0,v0.1
INS_7D706553FD8E,REQ_E8C8D27FDC36,19,9150.0,v0.1
INS_7D706553FD8E,REQ_B1CA0A9C4758,20,509.99999999999994,v0.1
INS_7D706553FD8E,REQ_1E6409D092FB,21,320.0,v0.1
INS_7D706553FD8E,REQ_71EA7B67D8C7,22,30000.0,v0.1
INS_7D706553FD8E,REQ_65B56FF360B6,23,450.0,v0.1
INS_7D706553FD8E,REQ_CC67F1804610,24,1600.0,v0.1
INS_7D706553FD8E,REQ_D68F4ECC44AD,25,5470.0,v0.1
INS_7D706553FD8E,REQ_78D10E8C4807,26,5060.0,v0.1
INS_7D706553FD8E,REQ_708B5A5D5C22,27,1210.0,v0.1
INS_7D706553FD8E,REQ_7514CE6F48A3,28,350.0,v0.1
INS_7D706553FD8E,REQ_37247793D955,29,20710.0,v0.1
INS_7D706553FD8E,REQ_2C179BC72BA8,30,22690.0,v0.1
INS_7D706553FD8E,REQ_9D4E183ACF53,31,1450.0,v0.1
INS_7D706553FD8E,REQ_33C2C612A12F,32,4300.0,v0.1
INS_7D706553FD8E,REQ_E66382F20142,33,8040.0,v0.1
INS_7D706553FD8E,REQ_B4B45BE9AE0E,34,919.9999999999999,v0.1
INS_7D706553FD8E,REQ_DDD9A6A40A7D,35,160.0,v0.1
INS_7D706553FD8E,REQ_407430148980,36,990.0,v0.1
INS_7D706553FD8E,REQ_9417A982DC8B,37,30000.0,v0.1
INS_7D706553FD8E,REQ_5D20CE7DEA46,38,850.0,v0.1
INS_7D706553FD8E,REQ_93EB95D3BF37,39,19010.0,v0.1
INS_7D706553FD8E,REQ_98876F339FEF,40,8400.0,v0.1
INS_7D706553FD8E,REQ_AB876C096C9E,41,990.0,v0.1
INS_7D706553FD8E,REQ_8CF8D3DC5D4F,42,25210.0,v0.1
INS_7D706553FD8E,REQ_4DEE818A8A19,43,20590.0,v0.1
INS_7D706553FD8E,REQ_95CDB6A1DEC5,44,30000.0,v0.1
INS_7D706553FD8E,REQ_10EFEE50264D,45,30000.0,v0.1
INS_7D706553FD8E,REQ_2045C8304F6C,46,30000.0,v0.1
INS_7D706553FD8E,REQ_BE457C8BA936,47,480.0,v0.1
INS_7D706553FD8E,REQ_A8106AA4BC2E,48,25000.0,v0.1
INS_7D706553FD8E,REQ_9362DA4FF829,49,30000.0,v0.1
INS_7D706553FD8E,REQ_42EFE2840429,50,540.0,v0.1
INS_7D706553FD8E,REQ_81E108DAD6A9,51,5120.0,v0.1
INS_7D706553FD8E,REQ_C71F7D974E5B,52,27480.0,v0.1
INS_30251DF181B7,REQ_DC5CC5C6C1F9,0,1240.0,v0.1
INS_30251DF181B7,REQ_E88DD36BC00C,1,12900.0,v0.1
INS_30251DF181B7,REQ_C1F1B9A579B6,2,30000.0,v0.1
INS_30251DF181B7,REQ_F0400934433E,3,1360.0,v0.1
INS_30251DF181B7,REQ_58416028DD69,4,5460.0,v0.1
INS_30251DF181B7,REQ_00AA1C4C92E4,5,7140.000000000001,v0.1
INS_30251DF181B7,REQ_B546331E8938,6,3580.0,v0.1
INS_30251DF181B7,REQ_0FB44AABE7CC,7,1870.0,v0.1
INS_30251DF181B7,REQ_F8B27784A548,8,200.0,v0.1
INS_30251DF181B7,REQ_4A2452F2D77D,9,18200.0,v0.1
INS_30251DF181B7,REQ_E3A28FC8105C,10,30000.0,v0.1
INS_30251DF181B7,REQ_DDF0FB6AC992,11,3340.0,v0.1
INS_EF8F491B8230,REQ_CC91CE37531E,0,1150.0,v0.1
INS_EF8F491B8230,REQ_9E7ADAB1F330,1,950.0,v0.1
INS_EF8F491B8230,REQ_2E27C3D89D5B,2,850.0,v0.1
INS_EF8F491B8230,REQ_EFBC537FB075,3,600.0,v0.1
INS_EF8F491B8230,REQ_70E07747DD68,4,850.0,v0.1
INS_EF8F491B8230,REQ_DF4FEF42398B,5,30000.0,v0.1
INS_EF8F491B8230,REQ_9F05FE00A178,6,750.0,v0.1
INS_EF8F491B8230,REQ_3102746EC6FA,7,30000.0,v0.1
INS_EF8F491B8230,REQ_E66ACCFF6F45,8,420.0,v0.1
INS_EF8F491B8230,REQ_B41F27655313,9,3570.0000000000005,v0.1
INS_1B7BD308E87A,REQ_E25E2DD074FB,0,17740.0,v0.1
INS_1B7BD308E87A,REQ_04EF78E78706,1,20060.0,v0.1
INS_1B7BD308E87A,REQ_5F446DF542CF,2,24970.0,v0.1
INS_1B7BD308E87A,REQ_4BE0C09F6875,3,20790.0,v0.1
INS_C801EED722BB,REQ_0DA24294D1D0,0,3410.0,v0.1
INS_C801EED722BB,REQ_E5CDFFBE6A07,1,1700.0,v0.1
INS_C801EED722BB,REQ_6A8E47878158,2,3840.0,v0.1
INS_C801EED722BB,REQ_9F3F03F8CB28,3,7959.999999999999,v0.1
INS_C801EED722BB,REQ_F8664C28DC60,4,3800.0,v0.1
INS_C801EED722BB,REQ_B39EB2C0F634,5,1940.0,v0.1
INS_C801EED722BB,REQ_99D44BF35E3E,6,7800.0,v0.1
INS_C801EED722BB,REQ_5C69C893AA15,7,150.0,v0.1
INS_C801EED722BB,REQ_D04D974E0AD3,8,1700.0,v0.1
INS_C801EED722BB,REQ_3479B12D31B3,9,1500.0,v0.1
INS_C801EED722BB,REQ_D3B44B6F0094,10,9810.0,v0.1
INS_C801EED722BB,REQ_E0172E43265D,11,3830.0,v0.1
INS_792A9CBD9BEB,REQ_34A60E985C46,0,30000.0,v0.1
INS_792A9CBD9BEB,REQ_FD2FA9AA2162,1,7400.0,v0.1
INS_792A9CBD9BEB,REQ_2F4739F1CFBE,2,140.0,v0.1
INS_792A9CBD9BEB,REQ_B5CA52F8B039,3,27250.0,v0.1
INS_792A9CBD9BEB,REQ_3F05402CC61E,4,980.0000000000001,v0.1
INS_792A9CBD9BEB,REQ_FB270174F79A,5,540.0,v0.1
INS_792A9CBD9BEB,REQ_397221414F4E,6,640.0,v0.1
INS_792A9CBD9BEB,REQ_98FB1DE41F79,7,500.0,v0.1
INS_792A9CBD9BEB,REQ_E1546AA10FF1,8,1000.0,v0.1
INS_792A9CBD9BEB,REQ_B73DF6DE0F5B,9,21240.0,v0.1
INS_792A9CBD9BEB,REQ_B00E947630DE,10,30000.0,v0.1
INS_792A9CBD9BEB,REQ_EF6C2CEACD30,11,350.0,v0.1
INS_792A9CBD9BEB,REQ_2A9417EC0108,12,380.0,v0.1
INS_792A9CBD9BEB,REQ_92EFF08FCFEA,13,11840.0,v0.1
INS_464BECFD2F22,REQ_3B346797EA93,0,3900.0,v0.1
INS_464BECFD2F22,REQ_A23E47A1C578,1,30000.0,v0.1
INS_464BECFD2F22,REQ_3D3A400C7451,2,11820.0,v0.1
INS_464BECFD2F22,REQ_C2D201E8BAB9,3,150.0,v0.1
INS_464BECFD2F22,REQ_34CE9711FE96,4,4890.0,v0.1
INS_464BECFD2F22,REQ_A95F4B7BFBC2,5,14630.0,v0.1
INS_464BECFD2F22,REQ_1C208B5F06A3,6,14760.0,v0.1
INS_464BECFD2F22,REQ_36A2A7D850B4,7,1880.0,v0.1
INS_464BECFD2F22,REQ_3829FE192DCC,8,250.0,v0.1
INS_464BECFD2F22,REQ_4D9F94F7B99E,9,2250.0,v0.1
INS_464BECFD2F22,REQ_8BB7A0517888,10,6520.0,v0.1
INS_464BECFD2F22,REQ_2D80EE5685EB,11,19860.0,v0.1
INS_464BECFD2F22,REQ_60928DD4F1F4,12,11500.0,v0.1
INS_464BECFD2F22,REQ_C1BE57E93AFE,13,900.0,v0.1
INS_51CD4C76FED5,REQ_C5D3597F95B2,0,4310.0,v0.1
INS_51CD4C76FED5,REQ_FDED3822362E,1,5720.0,v0.1
INS_51CD4C76FED5,REQ_F55AB1F845B0,2,500.0,v0.1
INS_51CD4C76FED5,REQ_388C2966634B,3,520.0,v0.1
INS_51CD4C76FED5,REQ_01A32ED7D779,4,110.00000000000001,v0.1
INS_51CD4C76FED5,REQ_6A0A3F7C5156,5,9160.0,v0.1
INS_51CD4C76FED5,REQ_4FA46EB7FB52,6,1450.0,v0.1
INS_51CD4C76FED5,REQ_84B58BBA7CBC,7,3750.0,v0.1
INS_E2FB89D0463C,REQ_A1E7A9085F1E,0,509.99999999999994,v0.1
INS_E2FB89D0463C,REQ_F94A7C94B024,1,17590.0,v0.1
INS_E2FB89D0463C,REQ_0CBE0AE0F6E7,2,700.0,v0.1
INS_E2FB89D0463C,REQ_8A70C8718005,3,30000.0,v0.1
INS_E2FB89D0463C,REQ_FF220CE71746,4,8750.0,v0.1
INS_E2FB89D0463C,REQ_500454E16C06,5,30000.0,v0.1
INS_E2FB89D0463C,REQ_DA84C89578D1,6,840.0,v0.1
INS_E2FB89D0463C,REQ_27FAC6083CE1,7,940.0,v0.1
INS_E2FB89D0463C,REQ_020EBAF00BC6,8,30000.0,v0.1
INS_4CF7671ED0EF,REQ_0CB3B66E45CD,0,8860.0,v0.1
INS_4CF7671ED0EF,REQ_ACA476CA2F41,1,30000.0,v0.1
INS_4CF7671ED0EF,REQ_3B64E14BDFE4,2,1350.0,v0.1
INS_4CF7671ED0EF,REQ_CA12A32F6C8C,3,5030.0,v0.1
INS_4CF7671ED0EF,REQ_6A0A3F7C5156,4,9160.0,v0.1
INS_4CF7671ED0EF,REQ_A5A6BCA7419B,5,700.0,v0.1
INS_4CF7671ED0EF,REQ_AFA7CEA48434,6,6190.0,v0.1
INS_4CF7671ED0EF,REQ_4805E950C971,7,900.0,v0.1
INS_4CF7671ED0EF,REQ_E64956A59FDA,8,7570.0,v0.1
INS_4CF7671ED0EF,REQ_BEB9C5D75740,9,11280.0,v0.1
INS_4CF7671ED0EF,REQ_933DC062F327,10,3880.0,v0.1
INS_4CF7671ED0EF,REQ_6A740663991D,11,23210.0,v0.1
INS_4CF7671ED0EF,REQ_05542A5FF46E,12,250.0,v0.1
INS_4CF7671ED0EF,REQ_66238CAFE1D2,13,1970.0,v0.1
INS_4CF7671ED0EF,REQ_E123FD66B4BC,14,1430.0,v0.1
INS_4CF7671ED0EF,REQ_F83406B12AD5,15,880.0,v0.1
INS_4CF7671ED0EF,REQ_5E33A30BD039,16,4060.0,v0.1
INS_4CF7671ED0EF,REQ_35721FBF7932,17,16920.0,v0.1
INS_4CF7671ED0EF,REQ_A63279357873,18,2930.0,v0.1
INS_84FDE2242ED3,REQ_A93B773F5CEF,0,1410.0,v0.1
INS_84FDE2242ED3,REQ_FD774F9E998C,1,30000.0,v0.1
INS_84FDE2242ED3,REQ_E466DB32427B,2,1640.0,v0.1
INS_84FDE2242ED3,REQ_C9C43E4A4268,3,970.0,v0.1
INS_84FDE2242ED3,REQ_EE4FDD9BED32,4,1939.9999999999998,v0.1
INS_84FDE2242ED3,REQ_4A21D6558B6F,5,880.0,v0.1
INS_84FDE2242ED3,REQ_E8D9D067834C,6,22360.0,v0.1
INS_84FDE2242ED3,REQ_10F9F137725F,7,6900.0,v0.1
INS_84FDE2242ED3,REQ_1402AB2E2CC9,8,400.0,v0.1
INS_84FDE2242ED3,REQ_9239EFA85E63,9,10030.0,v0.1
INS_84FDE2242ED3,REQ_0A695B8D8FD1,10,3750.0,v0.1
INS_84FDE2242ED3,REQ_A2921E498821,11,30000.0,v0.1
INS_C37F6A577DD3,REQ_568B9C5A84F2,0,2910.0,v0.1
INS_C37F6A577DD3,REQ_50CFB51888D4,1,4340.0,v0.1
INS_C37F6A577DD3,REQ_87B02B52FD80,2,12190.0,v0.1
INS_C37F6A577DD3,REQ_B6E38F98EF84,3,4000.0,v0.1
INS_C37F6A577DD3,REQ_219C8EC97AB8,4,240.0,v0.1
INS_C37F6A577DD3,REQ_6281802D758E,5,1180.0,v0.1
INS_C37F6A577DD3,REQ_AB5570D3441A,6,1160.0,v0.1
INS_C37F6A577DD3,REQ_EE95A0FE5C17,7,3370.0000000000005,v0.1
INS_C37F6A577DD3,REQ_50DC9F453801,8,3040.0,v0.1
INS_DD7FB26593A5,REQ_56D3033D6650,0,200.0,v0.1
INS_DD7FB26593A5,REQ_2EB8E4563957,1,1250.0,v0.1
INS_DD7FB26593A5,REQ_F6025E12B8FD,2,750.0,v0.1
INS_DD7FB26593A5,REQ_769391012066,3,30210.000000000004,v0.1
INS_DD7FB26593A5,REQ_B27FF6D3A1D9,4,30000.0,v0.1
INS_DD7FB26593A5,REQ_5DE765047FD5,5,700.0,v0.1
INS_DD7FB26593A5,REQ_B0AD356D70BB,6,30000.0,v0.1
INS_DD7FB26593A5,REQ_6FEA4EDEFB21,7,270.0,v0.1
INS_DD7FB26593A5,REQ_900BBD7B15EE,8,310.0,v0.1
INS_DD7FB26593A5,REQ_ED8C14DD4C81,9,80.0,v0.1
INS_DD7FB26593A5,REQ_4FC66F4A3F0D,10,30000.0,v0.1
INS_AF59E9E2D986,REQ_C4B52F7DF2E5,0,9760.0,v0.1
INS_AF59E9E2D986,REQ_DE5D616960CF,1,2760.0,v0.1
INS_AF59E9E2D986,REQ_D763A16CE9D5,2,2800.0,v0.1
INS_AF59E9E2D986,REQ_9EB2080D1439,3,450.0,v0.1
INS_AF59E9E2D986,REQ_5A19BCB62F60,4,24120.0,v0.1
INS_AF59E9E2D986,REQ_B55046A4AF29,5,6670.0,v0.1
INS_AF59E9E2D986,REQ_54F1698CDB81,6,100.0,v0.1
INS_AF59E9E2D986,REQ_FC15A30D7C41,7,200.0,v0.1
INS_AF59E9E2D986,REQ_9B992C0E6230,8,2210.0,v0.1
INS_AF59E9E2D986,REQ_876FBD6ED478,9,30000.0,v0.1
INS_AF59E9E2D986,REQ_5F1B6242C3DD,10,2150.0,v0.1
INS_AF59E9E2D986,REQ_6DB96277A703,11,140.0,v0.1
INS_AF59E9E2D986,REQ_E7570921FD30,12,3850.0,v0.1
INS_AF59E9E2D986,REQ_E938686ABE45,13,100.0,v0.1
INS_AF59E9E2D986,REQ_3CADB1F5F626,14,2040.0,v0.1
INS_E4BFEF5F7267,REQ_CEFF5D192F7D,0,980.0000000000001,v0.1
INS_E4BFEF5F7267,REQ_6193D66A4AAD,1,640.0,v0.1
INS_E4BFEF5F7267,REQ_297314F5108F,2,25990.0,v0.1
INS_E4BFEF5F7267,REQ_A36748C59723,3,1930.0,v0.1
INS_E4BFEF5F7267,REQ_21B1A18825BD,4,260.0,v0.1
INS_E4BFEF5F7267,REQ_7B0A7548F4DD,5,3700.0,v0.1
INS_E4BFEF5F7267,REQ_989E86407D4E,6,620.0,v0.1
INS_E4BFEF5F7267,REQ_F84E42E4B7E4,7,10940.0,v0.1
INS_E4BFEF5F7267,REQ_AB9D4AD0EBF0,8,1600.0,v0.1
INS_E4BFEF5F7267,REQ_F975D2F1071E,9,7040.000000000001,v0.1
INS_E4BFEF5F7267,REQ_6E8A1F5B14C2,10,3550.0,v0.1
INS_E4BFEF5F7267,REQ_7857EDD675A4,11,120.0,v0.1
INS_E4BFEF5F7267,REQ_EA562476F1F5,12,350.0,v0.1
INS_E4BFEF5F7267,REQ_4C27A098C904,13,2870.0,v0.1
INS_E4BFEF5F7267,REQ_00DC44ACF4EE,14,4360.0,v0.1
INS_E4BFEF5F7267,REQ_C6907C15F0C3,15,26330.0,v0.1
INS_E4BFEF5F7267,REQ_3337B7832CF6,16,750.0,v0.1
INS_E4BFEF5F7267,REQ_8BC252EA7C86,17,13400.0,v0.1
INS_E4BFEF5F7267,REQ_5AA983E98266,18,4460.0,v0.1
INS_E4BFEF5F7267,REQ_F98297B98CC0,19,1700.0,v0.1
INS_E4BFEF5F7267,REQ_8B3185B1460E,20,18140.0,v0.1
INS_E4BFEF5F7267,REQ_6D5DC669AC8B,21,2310.0,v0.1
INS_E4BFEF5F7267,REQ_A96B56A02BFB,22,24110.0,v0.1
INS_E4BFEF5F7267,REQ_8CF3249EBF50,23,1140.0,v0.1
INS_E4BFEF5F7267,REQ_652FC748F9B9,24,6400.0,v0.1
INS_E4BFEF5F7267,REQ_7068169FBC08,25,14650.0,v0.1
INS_E4BFEF5F7267,REQ_343149A8EC58,26,30000.0,v0.1
INS_E4BFEF5F7267,REQ_F41AA1D45D61,27,1190.0,v0.1
INS_E4BFEF5F7267,REQ_BA617193CDA3,28,2530.0,v0.1
INS_E4BFEF5F7267,REQ_DF71142DEEEC,29,1400.0,v0.1
INS_E4BFEF5F7267,REQ_B0291121ABCD,30,4070.0000000000005,v0.1
INS_E4BFEF5F7267,REQ_D0519C096851,31,170.0,v0.1
INS_E4BFEF5F7267,REQ_7DD34FB3A17B,32,2200.0,v0.1
INS_E4BFEF5F7267,REQ_F13ED1209503,33,3229.9999999999995,v0.1
INS_E4BFEF5F7267,REQ_8C955B4F70EC,34,3390.0,v0.1
INS_E4BFEF5F7267,REQ_4D21D5428C65,35,15920.0,v0.1
INS_E4BFEF5F7267,REQ_B5390BBAB484,36,2350.0,v0.1
INS_E4BFEF5F7267,REQ_48F0C1318694,37,30000.0,v0.1
INS_E4BFEF5F7267,REQ_61B8F05887FC,38,30000.0,v0.1
INS_E4BFEF5F7267,REQ_8917864D1C73,39,30000.0,v0.1
INS_D8A12EEC3F72,REQ_6B0E71FC6641,0,28810.0,v0.1
INS_D8A12EEC3F72,REQ_B557D014AC5F,1,20210.0,v0.1
INS_D8A12EEC3F72,REQ_0D5067BB4DA0,2,370.0,v0.1
INS_D8A12EEC3F72,REQ_7261391FB2B8,3,30000.0,v0.1
INS_D8A12EEC3F72,REQ_9155AC901C5C,4,28510.0,v0.1
INS_D8A12EEC3F72,REQ_FDF24275777A,5,9000.0,v0.1
INS_D8A12EEC3F72,REQ_F1C707AFF7B5,6,1500.0,v0.1
INS_D8A12EEC3F72,REQ_996BC854ECA8,7,2260.0,v0.1
INS_D8A12EEC3F72,REQ_64B6A329A3BB,8,1320.0,v0.1
INS_D8A12EEC3F72,REQ_211CD4F86418,9,1060.0,v0.1
INS_D8A12EEC3F72,REQ_6727C700C8E7,10,14475.0,v0.1
INS_D8A12EEC3F72,REQ_154427FAB4BE,11,520.0,v0.1
INS_D8A12EEC3F72,REQ_B676804BBCD9,12,2430.0,v0.1
INS_5B58DF24FFA0,REQ_9767582154D0,0,4970.0,v0.1
INS_5B58DF24FFA0,REQ_B577CF199162,1,1400.0,v0.1
INS_5B58DF24FFA0,REQ_4D0453926181,2,250.0,v0.1
INS_5B58DF24FFA0,REQ_61CA0ADD8E1C,3,1810.0,v0.1
INS_5B58DF24FFA0,REQ_1635E3D83375,4,6750.0,v0.1
INS_5B58DF24FFA0,REQ_A648A041E2F6,5,370.0,v0.1
INS_5B58DF24FFA0,REQ_B21FE2387414,6,590.0,v0.1
INS_5B58DF24FFA0,REQ_26F407B9ADC6,7,2570.0,v0.1
INS_5B58DF24FFA0,REQ_CFB862F16221,8,500.0,v0.1
INS_5B58DF24FFA0,REQ_BE4B62F93D61,9,8470.0,v0.1
INS_4B18BB924218,REQ_7E491C7F3202,0,30000.0,v0.1
INS_4B18BB924218,REQ_FCE7DD662FDA,1,120.0,v0.1
INS_4B18BB924218,REQ_0B92C0DE5EE6,2,920.0,v0.1
INS_4B18BB924218,REQ_B676804BBCD9,3,2430.0,v0.1
INS_4B18BB924218,REQ_3CEA749516F8,4,13540.0,v0.1
INS_4B18BB924218,REQ_E11232C83C78,5,950.0,v0.1
INS_4B18BB924218,REQ_722CFA8E932C,6,1580.0,v0.1
INS_4B18BB924218,REQ_FE2DD524AB81,7,23990.0,v0.1
INS_4B18BB924218,REQ_84300F1F6754,8,1640.0,v0.1
INS_4B18BB924218,REQ_76AFAD80C5E8,9,30000.0,v0.1
INS_4B18BB924218,REQ_CF687D4FE35D,10,17890.0,v0.1
INS_4B18BB924218,REQ_2DCBB6B84C64,11,770.0,v0.1
INS_4B18BB924218,REQ_60ECAA0AFCF7,12,30000.0,v0.1
INS_4B18BB924218,REQ_2FBB47696E22,13,4910.0,v0.1
INS_4B18BB924218,REQ_09E62CF51BA0,14,540.0,v0.1
INS_4B18BB924218,REQ_7261391FB2B8,15,30000.0,v0.1
INS_4B18BB924218,REQ_CCB8D1280AA1,16,25580.0,v0.1
INS_4B18BB924218,REQ_893A3BB0F7DB,17,230.0,v0.1
INS_2C22C79BF4C5,REQ_9D72BAB2070C,0,1280.0,v0.1
INS_2C22C79BF4C5,REQ_909C1DF7594C,1,1400.0,v0.1
INS_2C22C79BF4C5,REQ_2F68EF24CE01,2,150.0,v0.1
INS_2C22C79BF4C5,REQ_C10F9CA54D67,3,1019.9999999999999,v0.1
INS_2C22C79BF4C5,REQ_FA3E1E354E81,4,30000.0,v0.1
INS_2C22C79BF4C5,REQ_BB61EEDD08FD,5,1930.0,v0.1
INS_2C22C79BF4C5,REQ_3FB690CDB5A4,6,30000.0,v0.1
INS_2C22C79BF4C5,REQ_7AF669DEE49F,7,17100.0,v0.1
INS_371C0EA6638A,REQ_93EB95D3BF37,0,19010.0,v0.1
INS_371C0EA6638A,REQ_17532EA14446,1,600.0,v0.1
INS_371C0EA6638A,REQ_EC47B420D09D,2,28680.0,v0.1
INS_371C0EA6638A,REQ_3018215447D7,3,680.0,v0.1
INS_371C0EA6638A,REQ_13268E9B1808,4,28590.0,v0.1
INS_371C0EA6638A,REQ_65B56FF360B6,5,450.0,v0.1
INS_371C0EA6638A,REQ_5DB4AE3A49C3,6,8890.0,v0.1
INS_371C0EA6638A,REQ_43D17450228A,7,1330.0,v0.1
INS_371C0EA6638A,REQ_71EA7B67D8C7,8,30000.0,v0.1
INS_371C0EA6638A,REQ_150A42335EAC,9,14640.0,v0.1
INS_371C0EA6638A,REQ_FC63F3F737E6,10,28940.0,v0.1
INS_371C0EA6638A,REQ_3FE4A0EB50B7,11,29150.0,v0.1
INS_371C0EA6638A,REQ_C71F7D974E5B,12,27480.0,v0.1
INS_371C0EA6638A,REQ_4405EDEC3837,13,30000.0,v0.1
INS_371C0EA6638A,REQ_9D4E183ACF53,14,1450.0,v0.1
INS_371C0EA6638A,REQ_E8C8D27FDC36,15,9150.0,v0.1
INS_371C0EA6638A,REQ_8B27D90F9EE4,16,20860.0,v0.1
INS_371C0EA6638A,REQ_8EC63DF9FDB2,17,440.0,v0.1
INS_371C0EA6638A,REQ_016F191EF3EB,18,23950.0,v0.1
INS_371C0EA6638A,REQ_F60A7CCE4F34,19,9930.0,v0.1
INS_371C0EA6638A,REQ_2045C8304F6C,20,30000.0,v0.1
INS_371C0EA6638A,REQ_9E1A9BFCF469,21,1090.0,v0.1
INS_371C0EA6638A,REQ_2C179BC72BA8,22,22690.0,v0.1
INS_371C0EA6638A,REQ_8E3D4F0D5363,23,10830.0,v0.1
INS_371C0EA6638A,REQ_95DD957F9D9B,24,27750.0,v0.1
INS_371C0EA6638A,REQ_D9A0734D29A8,25,9630.0,v0.1
INS_371C0EA6638A,REQ_2AEC55AAF780,26,880.0,v0.1
INS_371C0EA6638A,REQ_B8B23206C8F3,27,29770.0,v0.1
INS_371C0EA6638A,REQ_461D9868612A,28,27100.0,v0.1
INS_371C0EA6638A,REQ_619FAFCDA569,29,16960.0,v0.1
INS_371C0EA6638A,REQ_78D10E8C4807,30,5060.0,v0.1
INS_371C0EA6638A,REQ_DDD9A6A40A7D,31,160.0,v0.1
INS_371C0EA6638A,REQ_42EFE2840429,32,540.0,v0.1
INS_371C0EA6638A,REQ_5C5A5D0FCE4D,33,960.0,v0.1
INS_371C0EA6638A,REQ_CAF0B69DAA90,34,30000.0,v0.1
INS_371C0EA6638A,REQ_81B83C42F326,35,1270.0,v0.1
INS_371C0EA6638A,REQ_0E81BD04C6DC,36,19240.0,v0.1
INS_371C0EA6638A,REQ_B1CA0A9C4758,37,509.99999999999994,v0.1
INS_371C0EA6638A,REQ_454C6239212E,38,210.0,v0.1
INS_371C0EA6638A,REQ_AC9172A4F424,39,8750.0,v0.1
INS_371C0EA6638A,REQ_596239391EE5,40,1720.0,v0.1
INS_371C0EA6638A,REQ_597B26ECABD1,41,950.0,v0.1
INS_371C0EA6638A,REQ_95EF0D729B51,42,7250.0,v0.1
INS_371C0EA6638A,REQ_DF62D2DB35DC,43,30000.0,v0.1
INS_371C0EA6638A,REQ_7514CE6F48A3,44,350.0,v0.1
INS_371C0EA6638A,REQ_969DD40745D2,45,8840.0,v0.1
INS_371C0EA6638A,REQ_1FD30B122716,46,30000.0,v0.1
INS_371C0EA6638A,REQ_9D3C60E292AA,47,9660.0,v0.1
INS_371C0EA6638A,REQ_0585A63F5D8F,48,560.0,v0.1
INS_371C0EA6638A,REQ_10EFEE50264D,49,30000.0,v0.1
INS_371C0EA6638A,REQ_1536A79B1A40,50,17760.0,v0.1
INS_371C0EA6638A,REQ_33C2C612A12F,51,4300.0,v0.1
INS_371C0EA6638A,REQ_9417A982DC8B,52,30000.0,v0.1
INS_371C0EA6638A,REQ_CC67F1804610,53,1600.0,v0.1
INS_371C0EA6638A,REQ_81E108DAD6A9,54,5120.0,v0.1
INS_371C0EA6638A,REQ_A0706A148C46,55,200.0,v0.1
INS_371C0EA6638A,REQ_7B6E78055ED3,56,13520.0,v0.1
INS_CF2867AD0D66,REQ_C6B4FBC27481,0,8640.0,v0.1
INS_CF2867AD0D66,REQ_26E71F703D42,1,30000.0,v0.1
INS_CF2867AD0D66,REQ_AD26CA534E14,2,9620.0,v0.1
INS_CF2867AD0D66,REQ_5B0401CFCF4C,3,3570.0,v0.1
INS_CF2867AD0D66,REQ_82DBF159345F,4,310.0,v0.1
INS_CF2867AD0D66,REQ_2A4818989E49,5,690.0,v0.1
INS_CF2867AD0D66,REQ_71FF9689FC0E,6,3640.0,v0.1
INS_CF2867AD0D66,REQ_625B33BF8112,7,10530.0,v0.1
INS_CF2867AD0D66,REQ_BF4A39A9FC1F,8,3700.0,v0.1
INS_36A783E7038C,REQ_2FCB0AC38526,0,5260.0,v0.1
INS_36A783E7038C,REQ_98C7BAA7FCF7,1,470.0,v0.1
INS_36A783E7038C,REQ_B2AF89FC329C,2,30000.0,v0.1
INS_36A783E7038C,REQ_C750E6E59DD0,3,2160.0,v0.1
INS_36A783E7038C,REQ_6966ED46932B,4,80.0,v0.1
INS_36A783E7038C,REQ_BBE144F49F9C,5,1350.0,v0.1
INS_36A783E7038C,REQ_4E2EF82A2693,6,30000.0,v0.1
INS_36A783E7038C,REQ_A5A5B583FFBD,7,1010.0,v0.1
INS_36A783E7038C,REQ_E3382358B097,8,300.0,v0.1
INS_36A783E7038C,REQ_E3DD0FB15365,9,580.0,v0.1
INS_36A783E7038C,REQ_60B0B7E01B80,10,30000.0,v0.1
INS_19309C8951C0,REQ_023A9B296507,0,3110.0,v0.1
INS_19309C8951C0,REQ_0D4CA0407307,1,450.0,v0.1
INS_19309C8951C0,REQ_F03C5F5B7AD2,2,820.0,v0.1
INS_19309C8951C0,REQ_F6A27E778FCF,3,12770.0,v0.1
INS_19309C8951C0,REQ_01AB1C53E2C5,4,5200.0,v0.1
INS_19309C8951C0,REQ_E81CD13A29CF,5,28460.0,v0.1
INS_19309C8951C0,REQ_181277DEDB26,6,10570.0,v0.1
INS_19309C8951C0,REQ_B7EF69C5B230,7,16010.000000000002,v0.1
INS_19309C8951C0,REQ_CD8061B03D3C,8,180.0,v0.1
INS_19309C8951C0,REQ_1ACEB1ED52AC,9,6230.0,v0.1
INS_19309C8951C0,REQ_73FEF92C2C65,10,1380.0,v0.1
INS_19309C8951C0,REQ_423BD2C326C3,11,6110.0,v0.1
INS_C96BEB653428,REQ_F791E0F401EA,0,819.9999999999999,v0.1
INS_C96BEB653428,REQ_8D77D791A7DC,1,1750.0,v0.1
INS_C96BEB653428,REQ_2F5E2A88E7D6,2,2900.0,v0.1
INS_C96BEB653428,REQ_2D46086813AE,3,3120.0,v0.1
INS_C96BEB653428,REQ_3221235CEB1B,4,30000.0,v0.1
INS_C96BEB653428,REQ_A8FCB08CF170,5,1150.0,v0.1
INS_C96BEB653428,REQ_CCD94892FC60,6,30000.0,v0.1
INS_C96BEB653428,REQ_A5A4AFC45E59,7,2200.0,v0.1
INS_C96BEB653428,REQ_206FAFA57FBB,8,2260.0,v0.1
INS_C96BEB653428,REQ_99E7FFE4A2C0,9,5300.0,v0.1
INS_C96BEB653428,REQ_655CA4DC128A,10,22810.0,v0.1
INS_C96BEB653428,REQ_C22057ED128B,11,870.0,v0.1
INS_C96BEB653428,REQ_BD4BF1C20B18,12,100.0,v0.1
INS_C96BEB653428,REQ_C5A4CB19CB3B,13,21950.0,v0.1
INS_C96BEB653428,REQ_B201E6B5AC83,14,1700.0,v0.1
INS_C96BEB653428,REQ_D97F97F7DE4F,15,530.0,v0.1
INS_C96BEB653428,REQ_855DBDF05722,16,8700.0,v0.1
INS_C96BEB653428,REQ_23B96D954004,17,4730.0,v0.1
INS_C96BEB653428,REQ_EF36897F90FA,18,800.0,v0.1
INS_C96BEB653428,REQ_779141642080,19,17980.0,v0.1
INS_C96BEB653428,REQ_2569F6493706,20,1050.0,v0.1
INS_C96BEB653428,REQ_07A752F2ACBB,21,3720.0,v0.1
INS_C96BEB653428,REQ_42F18B6DF629,22,840.0,v0.1
INS_C96BEB653428,REQ_A250E598585F,23,240.0,v0.1
INS_C96BEB653428,REQ_E19CEF824B18,24,20670.0,v0.1
INS_C96BEB653428,REQ_417688E303B6,25,8170.0,v0.1
INS_C96BEB653428,REQ_329C12477630,26,900.0,v0.1
INS_C96BEB653428,REQ_BC054F09CF7A,27,1240.0,v0.1
INS_99225D9775AC,REQ_CBEF3F32F8D0,0,330.0,v0.1
INS_99225D9775AC,REQ_ADD218600D8E,1,8750.0,v0.1
INS_99225D9775AC,REQ_7067FB7340DC,2,220.0,v0.1
INS_99225D9775AC,REQ_F38E26960C84,3,850.0,v0.1
INS_99225D9775AC,REQ_55095312FF29,4,19000.0,v0.1
INS_99225D9775AC,REQ_EC7FF3E0978D,5,1410.0,v0.1
INS_99225D9775AC,REQ_6609657C26EF,6,22450.0,v0.1
INS_99225D9775AC,REQ_9F263754B316,7,5800.0,v0.1
INS_99225D9775AC,REQ_12956AF783BE,8,5640.0,v0.1
INS_99225D9775AC,REQ_65CA6AE60DAB,9,30000.0,v0.1
INS_99225D9775AC,REQ_81508440D749,10,30000.0,v0.1
INS_99225D9775AC,REQ_B05187FA8B63,11,2440.0,v0.1
INS_99225D9775AC,REQ_FB56E5D11EF1,12,30000.0,v0.1
INS_99225D9775AC,REQ_797938F7139F,13,780.0,v0.1
INS_99225D9775AC,REQ_B7BDA63E7520,14,30000.0,v0.1
INS_99225D9775AC,REQ_CDA7B8C42C88,15,22820.0,v0.1
INS_99225D9775AC,REQ_8D7E5155F807,16,1000.0,v0.1
INS_99225D9775AC,REQ_A7978C9312CB,17,6630.0,v0.1
INS_99225D9775AC,REQ_CD16D5B8B6AF,18,370.0,v0.1
INS_99225D9775AC,REQ_2A51ED3F69FC,19,459.99999999999994,v0.1
INS_99225D9775AC,REQ_2892672F4321,20,2590.0,v0.1
INS_99225D9775AC,REQ_F36AF1777A0F,21,30000.0,v0.1
INS_99225D9775AC,REQ_E8EB5781B624,22,1300.0,v0.1
INS_99225D9775AC,REQ_B06715DCB749,23,8250.0,v0.1
INS_99225D9775AC,REQ_489F1CA27C28,24,30000.0,v0.1
INS_99225D9775AC,REQ_1D804F22D71B,25,30000.0,v0.1
INS_99225D9775AC,REQ_5A9CFDCB8DBB,26,740.0,v0.1
INS_99225D9775AC,REQ_655631435BDB,27,11870.0,v0.1
INS_99225D9775AC,REQ_E1B7C0DA2ACA,28,15690.0,v0.1
INS_99225D9775AC,REQ_1B682CC8C6B0,29,650.0,v0.1
INS_99225D9775AC,REQ_401AC6624647,30,13710.0,v0.1
INS_99225D9775AC,REQ_0678E0510806,31,10120.0,v0.1
INS_99225D9775AC,REQ_A0FFD31F9BAB,32,1270.0,v0.1
INS_99225D9775AC,REQ_9231D2256ED5,33,3650.0,v0.1
INS_99225D9775AC,REQ_232D9D03EDE8,34,6800.0,v0.1
INS_99225D9775AC,REQ_BE154B1D8941,35,690.0,v0.1
INS_99225D9775AC,REQ_CC5D04205E34,36,30000.0,v0.1
INS_99225D9775AC,REQ_04D1EBC7099A,37,30000.0,v0.1
INS_99225D9775AC,REQ_E8EB1734DE90,38,3000.0,v0.1
INS_99225D9775AC,REQ_4505E0EF7003,39,140.0,v0.1
INS_99225D9775AC,REQ_FAFBBF9DF26E,40,8040.0,v0.1
INS_99225D9775AC,REQ_3AB97046F3D8,41,920.0,v0.1
INS_99225D9775AC,REQ_08C8851B5DA3,42,4480.0,v0.1
INS_4A6BFD5480DA,REQ_2A1884AD9095,0,1010.0,v0.1
INS_4A6BFD5480DA,REQ_A1A087EE1608,1,1910.0000000000002,v0.1
INS_4A6BFD5480DA,REQ_5D34DF5FA952,2,500.0,v0.1
INS_4A6BFD5480DA,REQ_AFDF5F77CE7E,3,2550.0,v0.1
INS_4A6BFD5480DA,REQ_CC5DBC2E3243,4,2300.0,v0.1
INS_4A6BFD5480DA,REQ_123C309AED98,5,8020.0,v0.1
INS_4A6BFD5480DA,REQ_30174A4577D6,6,24670.0,v0.1
INS_4A6BFD5480DA,REQ_F23D6808C9CD,7,150.0,v0.1
INS_4A6BFD5480DA,REQ_1F88ADC53F80,8,10200.0,v0.1
INS_4A6BFD5480DA,REQ_D788C477022F,9,1960.0000000000002,v0.1
INS_4A6BFD5480DA,REQ_ECB721C3E597,10,670.0,v0.1
INS_4D212E43B85E,REQ_F62EDD0DABF2,0,880.0000000000001,v0.1
INS_4D212E43B85E,REQ_E9C7E6604683,1,740.0,v0.1
INS_4D212E43B85E,REQ_B201E6B5AC83,2,1700.0,v0.1
INS_4D212E43B85E,REQ_2D46086813AE,3,3120.0,v0.1
INS_4D212E43B85E,REQ_4D514BBE4F64,4,1080.0,v0.1
INS_4D212E43B85E,REQ_2FC148A1E91F,5,250.0,v0.1
INS_4D212E43B85E,REQ_754A847340B6,6,300.0,v0.1
INS_4D212E43B85E,REQ_EE1259C27CFB,7,2800.0,v0.1
INS_4D212E43B85E,REQ_28356334F3CA,8,5170.0,v0.1
INS_4D212E43B85E,REQ_F03619A10BC8,9,6970.0,v0.1
INS_4D212E43B85E,REQ_B57B6DBE4F79,10,1100.0,v0.1
INS_4D212E43B85E,REQ_ACF65DFBB97B,11,4640.0,v0.1
INS_4D212E43B85E,REQ_5C3B1E8D15E8,12,15750.0,v0.1
INS_4D212E43B85E,REQ_6870D1AEAE62,13,300.0,v0.1
INS_4D212E43B85E,REQ_0608DAB9CB74,14,22880.0,v0.1
INS_4D212E43B85E,REQ_743072F0DD02,15,1670.0,v0.1
INS_4D212E43B85E,REQ_6EB6E305E595,16,800.0,v0.1
INS_4D212E43B85E,REQ_DBD6D1CDA2DD,17,11550.0,v0.1
INS_4D212E43B85E,REQ_AA296532AD74,18,7240.0,v0.1
INS_4D212E43B85E,REQ_3234730ED51A,19,1050.0,v0.1
INS_4D212E43B85E,REQ_A8B42AA784EF,20,7250.0,v0.1
INS_4D212E43B85E,REQ_86FC443C953B,21,4280.0,v0.1
INS_4D212E43B85E,REQ_D7E84A8CB4E1,22,1750.0,v0.1
INS_4D212E43B85E,REQ_532C55C6833E,23,360.0,v0.1
INS_4D212E43B85E,REQ_C82EA029DE3C,24,25950.0,v0.1
INS_63129E945378,REQ_AC9172A4F424,0,8750.0,v0.1
INS_63129E945378,REQ_2C179BC72BA8,1,22690.0,v0.1
INS_63129E945378,REQ_C71F7D974E5B,2,27480.0,v0.1
INS_63129E945378,REQ_95CDB6A1DEC5,3,30000.0,v0.1
INS_63129E945378,REQ_7CC86299D9BD,4,6540.0,v0.1
INS_63129E945378,REQ_448FAC8A46B4,5,30000.0,v0.1
INS_63129E945378,REQ_E8C8D27FDC36,6,9150.0,v0.1
INS_63129E945378,REQ_E45E2EC4F8BD,7,610.0,v0.1
INS_63129E945378,REQ_B0384C308513,8,7800.0,v0.1
INS_63129E945378,REQ_C07F2BCAF684,9,27440.0,v0.1
INS_63129E945378,REQ_8715F4B63889,10,30000.0,v0.1
INS_63129E945378,REQ_EDB7925E26D5,11,1380.0,v0.1
INS_63129E945378,REQ_98F9B05BE909,12,30000.0,v0.1
INS_63129E945378,REQ_EC47B420D09D,13,28680.0,v0.1
INS_63129E945378,REQ_2AEC55AAF780,14,880.0,v0.1
INS_63129E945378,REQ_454C6239212E,15,210.0,v0.1
INS_63129E945378,REQ_6CAD0FF9972F,16,19950.0,v0.1
INS_63129E945378,REQ_43D17450228A,17,1330.0,v0.1
INS_63129E945378,REQ_77DCCAB6157B,18,7580.0,v0.1
INS_1ED8C67D3C92,REQ_5CB3314F49C3,0,30000.0,v0.1
INS_1ED8C67D3C92,REQ_EBCCFA1E6A7F,1,17640.0,v0.1
INS_1ED8C67D3C92,REQ_ECEB0B1438B0,2,26630.0,v0.1
INS_1ED8C67D3C92,REQ_7601CFF91624,3,30000.0,v0.1
INS_1ED8C67D3C92,REQ_A3B267051658,4,22480.0,v0.1
INS_1ED8C67D3C92,REQ_9EF709420473,5,21920.0,v0.1
INS_1ED8C67D3C92,REQ_D41663ABDA7E,6,18930.0,v0.1
INS_1ED8C67D3C92,REQ_E74EE37E0E0B,7,13730.0,v0.1
INS_1ED8C67D3C92,REQ_7316E36FB9C5,8,12310.0,v0.1
INS_1ED8C67D3C92,REQ_8495F52429CF,9,30000.0,v0.1
INS_1ED8C67D3C92,REQ_F79786BE1AE9,10,30000.0,v0.1
INS_1ED8C67D3C92,REQ_456881F0BC67,11,30000.0,v0.1
INS_1ED8C67D3C92,REQ_1FBD7665CEF8,12,30000.0,v0.1
INS_1ED8C67D3C92,REQ_0305DEE325F4,13,27480.0,v0.1
INS_1ED8C67D3C92,REQ_058AB67159C6,14,30000.0,v0.1
INS_1ED8C67D3C92,REQ_290207E6E90E,15,20590.0,v0.1
INS_E839B4D3B55B,REQ_0551DF9652E8,0,22130.0,v0.1
INS_E839B4D3B55B,REQ_673A9079B7D1,1,30000.0,v0.1
INS_E839B4D3B55B,REQ_755ABEB262E1,2,550.0,v0.1
INS_E839B4D3B55B,REQ_5910F8B30198,3,1510.0,v0.1
INS_E839B4D3B55B,REQ_EB39532344D7,4,800.0,v0.1
INS_E839B4D3B55B,REQ_EDB4DB7F94AD,5,30000.0,v0.1
INS_E839B4D3B55B,REQ_0105059E8DD3,6,9300.0,v0.1
INS_E839B4D3B55B,REQ_7365F21B65DA,7,24970.0,v0.1
INS_E839B4D3B55B,REQ_D284E417C683,8,21440.0,v0.1
INS_E839B4D3B55B,REQ_7ABFB3597E97,9,16520.0,v0.1
INS_CAA1ACAD7E42,REQ_A683694C8366,0,30000.0,v0.1
INS_CAA1ACAD7E42,REQ_B2B151895B58,1,30000.0,v0.1
INS_CAA1ACAD7E42,REQ_A095E3AC1D21,2,30000.0,v0.1
INS_CAA1ACAD7E42,REQ_24B4F438D94F,3,30000.0,v0.1
INS_CAA1ACAD7E42,REQ_BC3AE572C21A,4,30000.0,v0.1
INS_CAA1ACAD7E42,REQ_18D05FE184DB,5,30000.0,v0.1
INS_CAA1ACAD7E42,REQ_B65209DD6FB1,6,30000.0,v0.1
INS_CAA1ACAD7E42,REQ_3D137029DB76,7,30000.0,v0.1
INS_ECA4CE523A76,REQ_7068169FBC08,0,14650.0,v0.1
INS_ECA4CE523A76,REQ_343149A8EC58,1,30000.0,v0.1
INS_ECA4CE523A76,REQ_3F951CAFB9B4,2,23600.0,v0.1
INS_ECA4CE523A76,REQ_61B8F05887FC,3,30000.0,v0.1
INS_ECA4CE523A76,REQ_F1DB6D8DEDFB,4,4320.0,v0.1
INS_ECA4CE523A76,REQ_8E128E13FD03,5,20770.0,v0.1
INS_ECA4CE523A76,REQ_3C16E9840B38,6,10640.0,v0.1
INS_ECA4CE523A76,REQ_232CCACAA735,7,300.0,v0.1
INS_2B2B3DE1BAB5,REQ_7A49574E69C8,0,30000.0,v0.1
INS_2B2B3DE1BAB5,REQ_907A0379C16E,1,700.0,v0.1
INS_2B2B3DE1BAB5,REQ_2DD8CBFFB219,2,30000.0,v0.1
INS_2B2B3DE1BAB5,REQ_8637059E5BE3,3,700.0,v0.1
INS_2B2B3DE1BAB5,REQ_5A1B321E359C,4,850.0,v0.1
INS_2B2B3DE1BAB5,REQ_85B3D8E07CE4,5,30000.0,v0.1
INS_2B2B3DE1BAB5,REQ_713E9C4B03C3,6,30000.0,v0.1
INS_2B2B3DE1BAB5,REQ_6A2299D9F99C,7,30000.0,v0.1
INS_D2D565BF0CA4,REQ_62AFFF35CC7C,0,1890.0,v0.1
INS_D2D565BF0CA4,REQ_88ED4BDA5ADE,1,19980.0,v0.1
INS_D2D565BF0CA4,REQ_382A6958BEDC,2,490.0,v0.1
INS_D2D565BF0CA4,REQ_AE19DC635F58,3,240.0,v0.1
INS_D2D565BF0CA4,REQ_225D78F5E75A,4,2380.0,v0.1
INS_D2D565BF0CA4,REQ_C5D74A1D553A,5,7500.0,v0.1
INS_D2D565BF0CA4,REQ_9785E0234933,6,5250.0,v0.1
INS_D2D565BF0CA4,REQ_85C9392CCA6F,7,3480.0,v0.1
INS_D2D565BF0CA4,REQ_035CE1D073FC,8,1080.0,v0.1
INS_D2D565BF0CA4,REQ_77D128EE40BF,9,1050.0,v0.1
INS_D2D565BF0CA4,REQ_EE9F961160F0,10,4900.0,v0.1
INS_F59F32512CD8,REQ_D7C981DEE0E7,0,7309.999999999999,v0.1
INS_F59F32512CD8,REQ_C21D9002E4B1,1,22540.0,v0.1
INS_F59F32512CD8,REQ_8F909F86C457,2,17800.0,v0.1
INS_F59F32512CD8,REQ_919DD27012C6,3,30000.0,v0.1
INS_F59F32512CD8,REQ_75AB6204EF53,4,390.0,v0.1
INS_F59F32512CD8,REQ_05AC31DD7CD8,5,9310.0,v0.1
INS_F59F32512CD8,REQ_0C29D1C7632C,6,30000.0,v0.1
INS_F59F32512CD8,REQ_9137C155DD72,7,13460.0,v0.1
INS_846C4C9F0C71,REQ_49B4B41E1CC8,0,330.0,v0.1
INS_846C4C9F0C71,REQ_C61925C25828,1,26160.0,v0.1
INS_846C4C9F0C71,REQ_4CFE7070C24B,2,2750.0,v0.1
INS_846C4C9F0C71,REQ_D842DE317F7A,3,1280.0,v0.1
INS_846C4C9F0C71,REQ_24E6A31CE150,4,22170.0,v0.1
INS_846C4C9F0C71,REQ_E3A7DA182272,5,320.0,v0.1
INS_846C4C9F0C71,REQ_D7D2076403FD,6,17650.0,v0.1
INS_846C4C9F0C71,REQ_3AF8D5287CF5,7,4880.0,v0.1
INS_846C4C9F0C71,REQ_0E97BAA62BE5,8,30000.0,v0.1
INS_846C4C9F0C71,REQ_A35C295642E3,9,1150.0,v0.1
INS_846C4C9F0C71,REQ_F4C4763D02EB,10,409.99999999999994,v0.1
INS_846C4C9F0C71,REQ_FA38C13ABDE5,11,740.0,v0.1
INS_846C4C9F0C71,REQ_B83872CB8E9E,12,3200.0,v0.1
INS_846C4C9F0C71,REQ_55CD954B5D3F,13,13360.0,v0.1
INS_846C4C9F0C71,REQ_126BDBA33585,14,600.0,v0.1
INS_846C4C9F0C71,REQ_CAC1EC056EE7,15,22250.0,v0.1
INS_846C4C9F0C71,REQ_13A2B7C746F6,16,18560.0,v0.1
INS_846C4C9F0C71,REQ_E2243EA20648,17,900.0,v0.1
INS_846C4C9F0C71,REQ_1FEA949E3287,18,1030.0,v0.1
INS_846C4C9F0C71,REQ_6A7A23178C66,19,900.0,v0.1
INS_846C4C9F0C71,REQ_DB9F739E997C,20,2620.0,v0.1
INS_846C4C9F0C71,REQ_42B6B948A603,21,3720.0,v0.1
INS_846C4C9F0C71,REQ_EA4B2B7CA528,22,680.0,v0.1
INS_846C4C9F0C71,REQ_026B22660C55,23,250.0,v0.1
INS_846C4C9F0C71,REQ_EBF2026A9EBF,24,1200.0,v0.1
INS_846C4C9F0C71,REQ_EB1A55F36527,25,400.0,v0.1
INS_846C4C9F0C71,REQ_F74760C272CC,26,30000.0,v0.1
INS_846C4C9F0C71,REQ_F4CA547CD4D2,27,22010.0,v0.1
INS_846C4C9F0C71,REQ_D9357740C166,28,450.0,v0.1
INS_846C4C9F0C71,REQ_79EABE9951C1,29,10000.0,v0.1
INS_846C4C9F0C71,REQ_EF330410B77D,30,240.0,v0.1
INS_846C4C9F0C71,REQ_AB2C19D27623,31,300.0,v0.1
INS_846C4C9F0C71,REQ_5616D8F7F091,32,950.0,v0.1
INS_846C4C9F0C71,REQ_4CDC0443EDE7,33,7080.0,v0.1
INS_846C4C9F0C71,REQ_7CAA9AA22AC6,34,2010.0000000000002,v0.1
INS_846C4C9F0C71,REQ_95484C482C7E,35,1020.0,v0.1
INS_846C4C9F0C71,REQ_905C89D640CA,36,750.0,v0.1
INS_846C4C9F0C71,REQ_F498DB9AA186,37,990.0,v0.1
INS_846C4C9F0C71,REQ_6484203FA368,38,940.0,v0.1
INS_846C4C9F0C71,REQ_4264EDF2ABDA,39,6950.0,v0.1
INS_846C4C9F0C71,REQ_896346B92833,40,30000.0,v0.1
INS_846C4C9F0C71,REQ_1415F154523D,41,10830.0,v0.1
INS_846C4C9F0C71,REQ_4EA908B53671,42,440.0,v0.1
INS_846C4C9F0C71,REQ_B6646618FDB7,43,200.0,v0.1
INS_846C4C9F0C71,REQ_67B0C7EBBD12,44,12290.0,v0.1
INS_846C4C9F0C71,REQ_C1141AF81658,45,1450.0,v0.1
INS_846C4C9F0C71,REQ_417C6D72317E,46,660.0,v0.1
INS_846C4C9F0C71,REQ_FE20F116D41A,47,930.0,v0.1
INS_846C4C9F0C71,REQ_590357C9F2CA,48,27670.0,v0.1
INS_846C4C9F0C71,REQ_C6DE767A77A2,49,6350.0,v0.1
INS_846C4C9F0C71,REQ_E5F63E0A0B9D,50,1840.0,v0.1
INS_846C4C9F0C71,REQ_DB40E149ED2A,51,5550.0,v0.1
INS_846C4C9F0C71,REQ_914338094BBF,52,1000.0,v0.1
INS_846C4C9F0C71,REQ_9F3E9BCB88B7,53,30000.0,v0.1
INS_846C4C9F0C71,REQ_8617AFC3AD75,54,12920.0,v0.1
INS_846C4C9F0C71,REQ_94A3873A6770,55,30000.0,v0.1
INS_846C4C9F0C71,REQ_8CBD357ED03A,56,17230.0,v0.1
INS_846C4C9F0C71,REQ_3275AF5E6930,57,1780.0,v0.1
INS_846C4C9F0C71,REQ_4001F7959D20,58,30000.0,v0.1
INS_CC904CAAEB9D,REQ_ADF541D8DBFF,0,840.0,v0.1
INS_CC904CAAEB9D,REQ_7E1916286D72,1,4800.0,v0.1
INS_CC904CAAEB9D,REQ_B4E0D95527C2,2,1860.0,v0.1
INS_CC904CAAEB9D,REQ_3EE46C85E854,3,350.0,v0.1
INS_CC904CAAEB9D,REQ_519B37D8AAA1,4,5030.0,v0.1
INS_CC904CAAEB9D,REQ_60963E379959,5,2890.0,v0.1
INS_CC904CAAEB9D,REQ_5F28BA2DC869,6,190.0,v0.1
INS_CC904CAAEB9D,REQ_1958FBCC6120,7,30000.0,v0.1
INS_CC904CAAEB9D,REQ_EB351B3B4177,8,2460.0,v0.1
INS_CC904CAAEB9D,REQ_13ECD68ACBA5,9,550.0,v0.1
INS_CC904CAAEB9D,REQ_93F25571AFA3,10,740.0,v0.1
INS_CC904CAAEB9D,REQ_1C17D6358C20,11,229.99999999999997,v0.1
INS_CC904CAAEB9D,REQ_E365E0D2353A,12,2150.0,v0.1
INS_CC904CAAEB9D,REQ_902EA59ADF2F,13,11420.0,v0.1
INS_CC904CAAEB9D,REQ_607E7C590B6A,14,3700.0,v0.1
INS_CC904CAAEB9D,REQ_4411636DD7EB,15,24250.0,v0.1
INS_CC904CAAEB9D,REQ_6A60DB1DEDA6,16,30000.0,v0.1
INS_CC904CAAEB9D,REQ_08E9E45903F2,17,4430.0,v0.1
INS_CC904CAAEB9D,REQ_8305B3A25D11,18,3260.0,v0.1
INS_CC904CAAEB9D,REQ_757CABCDC760,19,510.0,v0.1
INS_CC904CAAEB9D,REQ_DA632DFC38D5,20,5400.0,v0.1
INS_CC904CAAEB9D,REQ_87DAC04A19FC,21,540.0,v0.1
INS_CC904CAAEB9D,REQ_4371F407B87B,22,25150.0,v0.1
INS_CC904CAAEB9D,REQ_30B74F9E21B0,23,10780.0,v0.1
INS_CC904CAAEB9D,REQ_3C2C5F1A2265,24,950.0,v0.1
INS_CC904CAAEB9D,REQ_384A09579A17,25,15270.0,v0.1
INS_CC904CAAEB9D,REQ_A84E9A6BA66C,26,7340.0,v0.1
INS_CC904CAAEB9D,REQ_62E15A5D4E10,27,23800.0,v0.1
INS_CC904CAAEB9D,REQ_298E01E7E034,28,8260.0,v0.1
INS_CC904CAAEB9D,REQ_DF7E7D072C2A,29,1690.0,v0.1
INS_CC904CAAEB9D,REQ_9A78E2AAEB64,30,7530.0,v0.1
INS_CC904CAAEB9D,REQ_169449095CD6,31,350.0,v0.1
INS_CC904CAAEB9D,REQ_C4F52D7F1DB2,32,15050.0,v0.1
INS_CC904CAAEB9D,REQ_4ACED8586FC2,33,600.0,v0.1
INS_CC904CAAEB9D,REQ_AEC45C5D6E75,34,1350.0,v0.1
INS_CC904CAAEB9D,REQ_39276FD15E22,35,1450.0,v0.1
INS_CC904CAAEB9D,REQ_722093F84ECA,36,250.0,v0.1
INS_CC904CAAEB9D,REQ_87A0CD1F39C8,37,30000.0,v0.1
INS_CC904CAAEB9D,REQ_7611F0F3D948,38,13980.000000000002,v0.1
INS_8AFB18B906A9,REQ_7D985712D4CC,0,250.0,v0.1
INS_8AFB18B906A9,REQ_ABF94B26E6AA,1,800.0,v0.1
INS_8AFB18B906A9,REQ_06D8E7A0AA87,2,18400.0,v0.1
INS_8AFB18B906A9,REQ_105D84F935CD,3,6430.0,v0.1
INS_8AFB18B906A9,REQ_E43316FB7A52,4,4250.0,v0.1
INS_8AFB18B906A9,REQ_42592BAEE504,5,1150.0,v0.1
INS_8AFB18B906A9,REQ_F5518AB0F222,6,750.0,v0.1
INS_8AFB18B906A9,REQ_EC8CCF9BDC11,7,450.0,v0.1
INS_8AFB18B906A9,REQ_39C42B1119AB,8,6570.0,v0.1
INS_8AFB18B906A9,REQ_329C12477630,9,900.0,v0.1
INS_8AFB18B906A9,REQ_1FA4E90BC3FB,10,30000.0,v0.1
INS_8AFB18B906A9,REQ_83BDD1D1AF8D,11,819.9999999999999,v0.1
INS_8AFB18B906A9,REQ_A2CE2FC211C9,12,1550.0,v0.1
INS_8AFB18B906A9,REQ_1DEF4872433B,13,2440.0,v0.1
INS_8AFB18B906A9,REQ_9EE15A6916AC,14,4530.0,v0.1
INS_8AFB18B906A9,REQ_23EE053D7A1D,15,1880.0,v0.1
INS_6A7A374AB53D,REQ_34BEBEEF0FF3,0,12630.0,v0.1
INS_6A7A374AB53D,REQ_6BC60292F003,1,3390.0,v0.1
INS_6A7A374AB53D,REQ_CDCB4890FE38,2,800.0,v0.1
INS_6A7A374AB53D,REQ_E1465E6D5B0F,3,160.0,v0.1
INS_6A7A374AB53D,REQ_07A4FCDDBCA7,4,490.00000000000006,v0.1
INS_6A7A374AB53D,REQ_4FC865CCE654,5,150.0,v0.1
INS_6A7A374AB53D,REQ_197294D6DEA0,6,30000.0,v0.1
INS_6A7A374AB53D,REQ_3EE50D993CFC,7,520.0,v0.1
INS_6A7A374AB53D,REQ_C46EB55C3863,8,30000.0,v0.1
INS_6A7A374AB53D,REQ_6D4B12C27E2C,9,30000.0,v0.1
INS_6A7A374AB53D,REQ_A52EA8EC4495,10,30000.0,v0.1
INS_6A7A374AB53D,REQ_7762CA625C89,11,6430.0,v0.1
INS_6A7A374AB53D,REQ_6F81B43C4875,12,280.0,v0.1
INS_6A7A374AB53D,REQ_A59E122D5C05,13,5000.0,v0.1
INS_6A7A374AB53D,REQ_C30882FEAF2A,14,3550.0,v0.1
INS_6A7A374AB53D,REQ_0EF2DC41CCFB,15,390.0,v0.1
INS_6A7A374AB53D,REQ_92F0F9ACC47C,16,760.0,v0.1
INS_6A7A374AB53D,REQ_A3B9D5951F97,17,7980.0,v0.1
INS_6A7A374AB53D,REQ_ECD09C4ACF7B,18,409.99999999999994,v0.1
INS_6A7A374AB53D,REQ_D5D91096E1D4,19,16260.000000000002,v0.1
INS_D595F4BF1E5C,REQ_5E382D1B88BF,0,2690.0,v0.1
INS_D595F4BF1E5C,REQ_44244FE2405B,1,7090.0,v0.1
INS_D595F4BF1E5C,REQ_160F751B2982,2,2820.0,v0.1
INS_D595F4BF1E5C,REQ_BB4D13F4D604,3,700.0,v0.1
INS_D595F4BF1E5C,REQ_F43C68CD870B,4,1300.0,v0.1
INS_D595F4BF1E5C,REQ_4AFCACF449CE,5,23680.0,v0.1
INS_D595F4BF1E5C,REQ_5D5D0ECB4C66,6,250.0,v0.1
INS_D595F4BF1E5C,REQ_8DE1ACE7EE05,7,9850.0,v0.1
INS_D595F4BF1E5C,REQ_78908539C3D7,8,1040.0,v0.1
INS_D595F4BF1E5C,REQ_A3803C9F2D34,9,300.0,v0.1
INS_D595F4BF1E5C,REQ_E0695270B149,10,6350.0,v0.1
INS_FAD42755D97B,REQ_895E7DF735BD,0,14200.0,v0.1
INS_FAD42755D97B,REQ_43CCF80E4E99,1,30000.0,v0.1
INS_FAD42755D97B,REQ_48C9BCADCABD,2,30000.0,v0.1
INS_FAD42755D97B,REQ_AA4AFAE13C6E,3,9800.0,v0.1
INS_FAD42755D97B,REQ_9137C155DD72,4,13460.0,v0.1
INS_FAD42755D97B,REQ_8BEBDFC315FC,5,15350.0,v0.1
INS_FAD42755D97B,REQ_2A92DFD89864,6,17760.0,v0.1
INS_FAD42755D97B,REQ_788FAF911A5E,7,550.0,v0.1
INS_FAD42755D97B,REQ_AF8CDDA4D5E0,8,30000.0,v0.1
INS_FAD42755D97B,REQ_919DD27012C6,9,30000.0,v0.1
INS_FAD42755D97B,REQ_89498E831993,10,30000.0,v0.1
INS_FAD42755D97B,REQ_0CC67604B2B7,11,24350.0,v0.1
INS_8C13C3472D21,REQ_92FD4E7D779C,0,520.0,v0.1
INS_8C13C3472D21,REQ_BB1998B8D17B,1,2750.0,v0.1
INS_8C13C3472D21,REQ_CC5D04205E34,2,30000.0,v0.1
INS_8C13C3472D21,REQ_489F1CA27C28,3,30000.0,v0.1
INS_8C13C3472D21,REQ_F248302D8CD6,4,1180.0,v0.1
INS_8C13C3472D21,REQ_352A42B99106,5,590.0,v0.1
INS_8C13C3472D21,REQ_3A5299372AD5,6,1210.0,v0.1
INS_8C13C3472D21,REQ_3AB97046F3D8,7,920.0,v0.1
INS_8C13C3472D21,REQ_FAFBBF9DF26E,8,8040.0,v0.1
INS_8C13C3472D21,REQ_59D52A24064D,9,15570.0,v0.1
INS_8C13C3472D21,REQ_627077CE64FD,10,1420.0,v0.1
INS_8C13C3472D21,REQ_D0E1E13941CC,11,1120.0,v0.1
INS_8C13C3472D21,REQ_7010CFC6043A,12,4440.0,v0.1
INS_8C13C3472D21,REQ_BE154B1D8941,13,690.0,v0.1
INS_8C13C3472D21,REQ_655631435BDB,14,11870.0,v0.1
INS_8C13C3472D21,REQ_8EEA3C768916,15,30000.0,v0.1
INS_8C13C3472D21,REQ_1AE586F859A7,16,410.0,v0.1
INS_8C13C3472D21,REQ_E8A15C01DF42,17,2480.0,v0.1
INS_8C13C3472D21,REQ_EF8623F815FB,18,750.0,v0.1
INS_8C13C3472D21,REQ_8CF941093495,19,30000.0,v0.1
INS_8C13C3472D21,REQ_55095312FF29,20,19000.0,v0.1
INS_8C13C3472D21,REQ_7B3A5C7A59B5,21,1850.0,v0.1
INS_8C13C3472D21,REQ_145229B67590,22,8600.0,v0.1
INS_8C13C3472D21,REQ_20B1D3B5A5B9,23,2800.0,v0.1
INS_8C13C3472D21,REQ_D60B409F9CB2,24,150.0,v0.1
INS_8C13C3472D21,REQ_83B23F5A4F2E,25,869.9999999999999,v0.1
INS_8C13C3472D21,REQ_41D8755B193A,26,1150.0,v0.1
INS_8C13C3472D21,REQ_5AD277C9C966,27,500.0,v0.1
INS_8C13C3472D21,REQ_6D258F7FB867,28,2210.0,v0.1
INS_9884B0F5DF05,REQ_77B38D6BFF99,0,2540.0,v0.1
INS_9884B0F5DF05,REQ_7EFF91EA8EDB,1,830.0,v0.1
INS_9884B0F5DF05,REQ_22799D15C6EF,2,2810.0,v0.1
INS_9884B0F5DF05,REQ_0776563B4918,3,5010.0,v0.1
INS_9884B0F5DF05,REQ_35A4F08531BE,4,15770.0,v0.1
INS_9884B0F5DF05,REQ_A424277F866C,5,6710.0,v0.1
INS_9884B0F5DF05,REQ_563348E6718F,6,90.0,v0.1
INS_9884B0F5DF05,REQ_1A296FFFD0CB,7,17560.0,v0.1
INS_9884B0F5DF05,REQ_FB1DE32C2282,8,4050.0,v0.1
INS_9884B0F5DF05,REQ_275A80C5EBFB,9,2700.0,v0.1
INS_E14CC77510FD,REQ_8E9DB1706A4E,0,23620.0,v0.1
INS_E14CC77510FD,REQ_196C069B16DC,1,170.0,v0.1
INS_E14CC77510FD,REQ_1067DF4899A1,2,80.0,v0.1
INS_E14CC77510FD,REQ_772CC179ACAA,3,30000.0,v0.1
INS_E14CC77510FD,REQ_56DBBE7869CD,4,880.0,v0.1
INS_E14CC77510FD,REQ_267C8994F02B,5,100.0,v0.1
INS_E14CC77510FD,REQ_9B2A1891DD70,6,400.0,v0.1
INS_E14CC77510FD,REQ_C276CE35D51B,7,9860.0,v0.1
INS_E14CC77510FD,REQ_D3969CCFB3E6,8,800.0,v0.1
INS_E14CC77510FD,REQ_E691FF10BB50,9,490.0,v0.1
INS_E14CC77510FD,REQ_79D023AE4CD2,10,160.0,v0.1
INS_E14CC77510FD,REQ_AAFD08F3E4FD,11,730.0,v0.1
INS_E14CC77510FD,REQ_9FA96F59246C,12,2650.0,v0.1
INS_E14CC77510FD,REQ_B6A8C2DC9502,13,100.0,v0.1
INS_E14CC77510FD,REQ_7DCC1704E8AD,14,200.0,v0.1
INS_E14CC77510FD,REQ_3C1B28185BAA,15,3740.0,v0.1
INS_E14CC77510FD,REQ_D2E663D95771,16,10100.0,v0.1
INS_E14CC77510FD,REQ_F5AF38344B02,17,20120.0,v0.1
INS_E14CC77510FD,REQ_ADE163834A13,18,1370.0,v0.1
INS_E14CC77510FD,REQ_E91ED6604B46,19,1600.0,v0.1
INS_E14CC77510FD,REQ_F3ED5CBED83D,20,180.0,v0.1
INS_E14CC77510FD,REQ_6097DBAA14BF,21,340.0,v0.1
INS_E14CC77510FD,REQ_FA8F91601F21,22,740.0,v0.1
INS_E14CC77510FD,REQ_9921E63C0F43,23,10420.0,v0.1
INS_E14CC77510FD,REQ_8128A1C18604,24,4820.0,v0.1
INS_E14CC77510FD,REQ_64AF5A74048E,25,420.0,v0.1
INS_E14CC77510FD,REQ_0970388D810A,26,7120.0,v0.1
INS_E14CC77510FD,REQ_CC43ADD71524,27,29150.0,v0.1
INS_E14CC77510FD,REQ_019E939168C9,28,26170.0,v0.1
INS_3B4CEB6F8801,REQ_DE9D1DC8364C,0,240.0,v0.1
INS_3B4CEB6F8801,REQ_D9FC84A7229C,1,920.0,v0.1
INS_3B4CEB6F8801,REQ_6B13ED7A4E0F,2,16940.0,v0.1
INS_3B4CEB6F8801,REQ_55FD51605663,3,1560.0,v0.1
INS_3B4CEB6F8801,REQ_956F58BFDB89,4,80.0,v0.1
INS_3B4CEB6F8801,REQ_AFA38D4309E8,5,1390.0,v0.1
INS_3B4CEB6F8801,REQ_9A6EE00A89B5,6,920.0,v0.1
INS_3B4CEB6F8801,REQ_EB0A69100AD6,7,18050.0,v0.1
INS_3B4CEB6F8801,REQ_D036D4D11B64,8,3490.0,v0.1
INS_3B4CEB6F8801,REQ_65291910B0B6,9,1700.0,v0.1
INS_3B4CEB6F8801,REQ_53E23D626FDA,10,1660.0000000000002,v0.1
INS_89A7EA82BB12,REQ_180E490E2CD8,0,30000.0,v0.1
INS_89A7EA82BB12,REQ_B2616FCCFD75,1,31140.0,v0.1
INS_89A7EA82BB12,REQ_7394D29338AA,2,7700.0,v0.1
INS_89A7EA82BB12,REQ_E741384E8C8A,3,450.0,v0.1
INS_89A7EA82BB12,REQ_DBC250EDB4DE,4,1010.0,v0.1
INS_89A7EA82BB12,REQ_709968869BE6,5,450.0,v0.1
INS_89A7EA82BB12,REQ_0977D0DAB197,6,840.0,v0.1
INS_89A7EA82BB12,REQ_D5C6DBBABF56,7,1100.0,v0.1
INS_89A7EA82BB12,REQ_9172B9AA895E,8,5440.0,v0.1
INS_3876521B570C,REQ_71D19C8CC09B,0,20290.0,v0.1
INS_3876521B570C,REQ_60343256CFE1,1,1300.0,v0.1
INS_3876521B570C,REQ_764F264B838C,2,360.0,v0.1
INS_3876521B570C,REQ_2D7A2CC1069A,3,7600.0,v0.1
INS_3876521B570C,REQ_EC735DEE3C25,4,11020.0,v0.1
INS_3876521B570C,REQ_13AB4E50A776,5,990.0,v0.1
INS_3876521B570C,REQ_C63CCFC2D1E4,6,22650.0,v0.1
INS_3876521B570C,REQ_137E564E98DF,7,6080.0,v0.1
INS_4C29E59BF6C0,REQ_D8883DD8EF5A,0,860.0,v0.1
INS_4C29E59BF6C0,REQ_46461EE48A15,1,11310.0,v0.1
INS_4C29E59BF6C0,REQ_BBACFF1AE265,2,14680.0,v0.1
INS_4C29E59BF6C0,REQ_BF75ED5149F7,3,10075.0,v0.1
INS_4C29E59BF6C0,REQ_C4E1295F6126,4,11040.0,v0.1
INS_4C29E59BF6C0,REQ_DE8AA58152DC,5,2280.0,v0.1
INS_4C29E59BF6C0,REQ_E0F9B52FB897,6,30560.0,v0.1
INS_4C29E59BF6C0,REQ_9D6A42C49944,7,30000.0,v0.1
INS_4C29E59BF6C0,REQ_913885279596,8,30000.0,v0.1
INS_4C29E59BF6C0,REQ_F36AAA2BF231,9,2010.0,v0.1
INS_4C29E59BF6C0,REQ_3E64ACFA86AC,10,3160.0,v0.1
INS_A61F5D2A6EB4,REQ_FBD128B9DABE,0,1270.0,v0.1
INS_A61F5D2A6EB4,REQ_18FAD51095E7,1,590.0,v0.1
INS_A61F5D2A6EB4,REQ_F0896F9AB159,2,30000.0,v0.1
INS_A61F5D2A6EB4,REQ_A0C56E8AF81B,3,800.0,v0.1
INS_A61F5D2A6EB4,REQ_1A01BCBDC6F1,4,750.0,v0.1
INS_A61F5D2A6EB4,REQ_23BE2B4DA581,5,30000.0,v0.1
INS_A61F5D2A6EB4,REQ_44D2EE82B5A1,6,300.0,v0.1
INS_A61F5D2A6EB4,REQ_521DBEBEAC37,7,860.0,v0.1
INS_A61F5D2A6EB4,REQ_28F91C4FDE7C,8,1150.0,v0.1
INS_A61F5D2A6EB4,REQ_320424CC45C9,9,1120.0,v0.1
INS_A61F5D2A6EB4,REQ_7288EB6D13DE,10,3710.0,v0.1
INS_A61F5D2A6EB4,REQ_8C5A0EB1C37E,11,10810.0,v0.1
INS_A61F5D2A6EB4,REQ_A73884ED6A2B,12,3750.0,v0.1
INS_A61F5D2A6EB4,REQ_B8178BDFA0E9,13,7980.0,v0.1
INS_DC15E0443456,REQ_7CF4E129CDDD,0,21490.0,v0.1
INS_DC15E0443456,REQ_727D34239145,1,2680.0,v0.1
INS_DC15E0443456,REQ_1B88325F3107,2,80.0,v0.1
INS_DC15E0443456,REQ_5EEE0A814B0D,3,440.00000000000006,v0.1
INS_DC15E0443456,REQ_1FCF87C6AAC9,4,7240.0,v0.1
INS_DC15E0443456,REQ_2966B9EE0EFB,5,8840.0,v0.1
INS_DC15E0443456,REQ_4444D2432E4F,6,10550.0,v0.1
INS_DC15E0443456,REQ_802C0CD8424A,7,30000.0,v0.1
INS_DC15E0443456,REQ_C2F2EAD59F0A,8,6650.0,v0.1
INS_DC15E0443456,REQ_500CFDC86693,9,30000.0,v0.1
INS_DC15E0443456,REQ_F64B591196A0,10,16460.0,v0.1
INS_DC15E0443456,REQ_033EC6B1CBC9,11,30000.0,v0.1
INS_DC15E0443456,REQ_41235A9BEED4,12,1280.0,v0.1
INS_DC15E0443456,REQ_2F965B2DC1F4,13,1630.0,v0.1
INS_DC15E0443456,REQ_DB035FB1C60A,14,23990.0,v0.1
INS_DC15E0443456,REQ_0AECB8D82235,15,21300.0,v0.1
INS_DC15E0443456,REQ_E5EC17A70EE4,16,15350.0,v0.1
INS_DC15E0443456,REQ_A517136BC806,17,260.0,v0.1
INS_DC15E0443456,REQ_7418D7EA7356,18,20570.0,v0.1
INS_DC15E0443456,REQ_450F2B2BB24E,19,4500.0,v0.1
INS_DC15E0443456,REQ_86E7FCCDA59F,20,26920.0,v0.1
INS_DC15E0443456,REQ_971381117570,21,10510.0,v0.1
INS_DC15E0443456,REQ_669B7FDFF536,22,30000.0,v0.1
INS_DC15E0443456,REQ_E7804D4E99D1,23,31950.0,v0.1
INS_DC15E0443456,REQ_1852489C5F39,24,1820.0,v0.1
INS_DC15E0443456,REQ_5275D987396B,25,1080.0,v0.1
INS_DC15E0443456,REQ_D8A60FCAACD9,26,17950.0,v0.1
INS_DC15E0443456,REQ_0316DE5D0E73,27,23550.0,v0.1
INS_DD4DF1D93B04,REQ_4FB6E6FB1916,0,750.0,v0.1
INS_DD4DF1D93B04,REQ_93E6823741A3,1,30000.0,v0.1
INS_DD4DF1D93B04,REQ_D1A298714683,2,450.0,v0.1
INS_DD4DF1D93B04,REQ_892421659135,3,5420.0,v0.1
INS_DD4DF1D93B04,REQ_A9D94E5B2A95,4,1110.0,v0.1
INS_DD4DF1D93B04,REQ_3AB434A200C7,5,2240.0,v0.1
INS_DD4DF1D93B04,REQ_CB1669F37CC7,6,6170.0,v0.1
INS_DD4DF1D93B04,REQ_4B90E8A902A4,7,4000.0,v0.1
INS_DD4DF1D93B04,REQ_BAD99186A3AD,8,5100.0,v0.1
INS_DD4DF1D93B04,REQ_D81ABCF935A4,9,750.0,v0.1
INS_DD4DF1D93B04,REQ_F3902515A29D,10,1910.0,v0.1
INS_DD4DF1D93B04,REQ_7170FB228435,11,30000.0,v0.1
INS_DD4DF1D93B04,REQ_B19ABFD95BCE,12,1440.0,v0.1
INS_DD4DF1D93B04,REQ_30CEEAB359BC,13,2700.0,v0.1
INS_DD4DF1D93B04,REQ_EA71619AB13B,14,22330.0,v0.1
INS_DD4DF1D93B04,REQ_A39FB736C57D,15,2300.0,v0.1
INS_DD4DF1D93B04,REQ_13594580A057,16,1180.0,v0.1
INS_DD4DF1D93B04,REQ_6069A08C38A9,17,1130.0,v0.1
INS_DD4DF1D93B04,REQ_21BA45C4BA69,18,190.0,v0.1
INS_DD4DF1D93B04,REQ_DF741546A8C3,19,2140.0,v0.1
INS_DD4DF1D93B04,REQ_B9736F7E06E1,20,16830.0,v0.1
INS_3CBCA682FD86,REQ_B6B0059181B8,0,20540.0,v0.1
INS_3CBCA682FD86,REQ_C5ED70CD37D5,1,610.0,v0.1
INS_3CBCA682FD86,REQ_DBB0BAF02B58,2,80.0,v0.1
INS_3CBCA682FD86,REQ_DD6C4E9023E4,3,630.0,v0.1
INS_3CBCA682FD86,REQ_E712108D2ECD,4,3300.0,v0.1
INS_3CBCA682FD86,REQ_1EA373B6328F,5,2630.0,v0.1
INS_3CBCA682FD86,REQ_72E6C325CFE1,6,6850.0,v0.1
INS_3CBCA682FD86,REQ_4F9B2172FA67,7,30000.0,v0.1
INS_3CBCA682FD86,REQ_8540673066ED,8,30000.0,v0.1
INS_3CBCA682FD86,REQ_6DDCAA74120E,9,29260.0,v0.1
INS_3CBCA682FD86,REQ_B64F65CC1B0B,10,1180.0,v0.1
INS_3CBCA682FD86,REQ_5B093649BAF8,11,8880.0,v0.1
INS_3CBCA682FD86,REQ_5B12061159C3,12,100.0,v0.1
INS_3CBCA682FD86,REQ_55865FBB8C68,13,250.0,v0.1
INS_3CBCA682FD86,REQ_423063F459B2,14,1400.0,v0.1
INS_3CBCA682FD86,REQ_54D7CB77EEAF,15,1970.0,v0.1
INS_3CBCA682FD86,REQ_92DB6AEA59DE,16,26850.0,v0.1
INS_3CBCA682FD86,REQ_6235730B9E2A,17,2080.0,v0.1
INS_3CBCA682FD86,REQ_43F3BC8DED09,18,7750.0,v0.1
INS_3CBCA682FD86,REQ_24A4B41AF979,19,3250.0,v0.1
INS_3CBCA682FD86,REQ_6A26E795956F,20,1700.0,v0.1
INS_3CBCA682FD86,REQ_9D32BFF8D2FF,21,30000.0,v0.1
INS_3CBCA682FD86,REQ_9E113262CDBE,22,650.0,v0.1
INS_3CBCA682FD86,REQ_943DA25C6885,23,6780.0,v0.1
INS_3CBCA682FD86,REQ_6EAD428E0420,24,22870.0,v0.1
INS_3CBCA682FD86,REQ_E2FB2D4EDB1E,25,16149.999999999998,v0.1
INS_3CBCA682FD86,REQ_F0C75B875600,26,1450.0,v0.1
INS_3CBCA682FD86,REQ_1DC74487E6E3,27,6680.0,v0.1
INS_3CBCA682FD86,REQ_FCF1274D225B,28,1540.0,v0.1
INS_3CBCA682FD86,REQ_C1FF0A56E783,29,30000.0,v0.1
INS_3CBCA682FD86,REQ_60646E2AF258,30,860.0,v0.1
INS_3CBCA682FD86,REQ_C7E12D600ED3,31,350.0,v0.1
INS_3CBCA682FD86,REQ_6DB20FCEA481,32,13200.0,v0.1
INS_3CBCA682FD86,REQ_D536B8A3F250,33,1770.0,v0.1
INS_3CBCA682FD86,REQ_FB0AA356C5FF,34,2860.0,v0.1
INS_3CBCA682FD86,REQ_62230C9A36D1,35,720.0,v0.1
INS_3CBCA682FD86,REQ_1FDBE47E8387,36,640.0,v0.1
INS_CBA557A928CC,REQ_5455FE6BCC81,0,480.0,v0.1
INS_CBA557A928CC,REQ_BA99C840FEA2,1,270.0,v0.1
INS_CBA557A928CC,REQ_F57268278C27,2,360.0,v0.1
INS_CBA557A928CC,REQ_87F60BA022C4,3,280.0,v0.1
INS_CBA557A928CC,REQ_0D93DDAA6874,4,10050.0,v0.1
INS_CBA557A928CC,REQ_8C4797CDE380,5,260.0,v0.1
INS_CBA557A928CC,REQ_E2431A3E2733,6,1250.0,v0.1
INS_CBA557A928CC,REQ_60871B3EF8FD,7,200.0,v0.1
INS_CBA557A928CC,REQ_372BF2DC87F1,8,220.0,v0.1
INS_CBA557A928CC,REQ_56F0D2E58964,9,1690.0,v0.1
INS_CBA557A928CC,REQ_59169D1C42EB,10,600.0,v0.1
INS_CBA557A928CC,REQ_A5AEC04C86C9,11,360.0,v0.1
INS_CBA557A928CC,REQ_78E5CC497448,12,250.0,v0.1
INS_CBA557A928CC,REQ_B16C86A5736F,13,1420.0,v0.1
INS_CBA557A928CC,REQ_FB6F53CC7461,14,26350.0,v0.1
INS_CBA557A928CC,REQ_3A0EAE16218A,15,5330.0,v0.1
INS_CBA557A928CC,REQ_DD2BB99A8ACC,16,7400.0,v0.1
INS_CBA557A928CC,REQ_CE309AD2C6CC,17,30000.0,v0.1
INS_CBA557A928CC,REQ_642E228A08E4,18,13230.0,v0.1
INS_CBA557A928CC,REQ_2CA191175619,19,190.0,v0.1
INS_CBA557A928CC,REQ_49313FAA0FFE,20,600.0,v0.1
INS_CBA557A928CC,REQ_BED90CB5A9E4,21,30000.0,v0.1
INS_CBA557A928CC,REQ_9996C632F0DB,22,18940.0,v0.1
INS_CBA557A928CC,REQ_54A399306166,23,15760.0,v0.1
INS_CBA557A928CC,REQ_9B6237117D87,24,240.0,v0.1
INS_CBA557A928CC,REQ_814F02C341E2,25,180.0,v0.1
INS_CBA557A928CC,REQ_13B27C41AADF,26,610.0,v0.1
INS_CBA557A928CC,REQ_2D2060EB710C,27,15930.0,v0.1
INS_CBA557A928CC,REQ_6B7CA34C65E0,28,9650.0,v0.1
INS_CBA557A928CC,REQ_3A1039C4A0F6,29,11340.0,v0.1
INS_DCE36EAE7357,REQ_A9F09F52F2C0,0,15500.0,v0.1
INS_DCE36EAE7357,REQ_6586EE6531C4,1,2360.0,v0.1
INS_DCE36EAE7357,REQ_2656E28FF997,2,28840.0,v0.1
INS_DCE36EAE7357,REQ_0306603EAA1D,3,1850.0,v0.1
INS_DCE36EAE7357,REQ_6F4978AB680E,4,24910.0,v0.1
INS_DCE36EAE7357,REQ_A0C352A12267,5,140.0,v0.1
INS_DCE36EAE7357,REQ_7ECE712727D4,6,13160.0,v0.1
INS_DCE36EAE7357,REQ_E4071BD36D70,7,7510.0,v0.1
INS_DCE36EAE7357,REQ_228103515259,8,1450.0,v0.1
INS_DCE36EAE7357,REQ_D6331D4EDB6E,9,3550.0,v0.1
INS_4CC589875F14,REQ_7E016E5750F9,0,7180.0,v0.1
INS_4CC589875F14,REQ_14BB8AD022C4,1,30000.0,v0.1
INS_4CC589875F14,REQ_2D08D6C69763,2,30000.0,v0.1
INS_4CC589875F14,REQ_98C7BAA7FCF7,3,470.0,v0.1
INS_4CC589875F14,REQ_5E04229BE43D,4,30000.0,v0.1
INS_4CC589875F14,REQ_5E1BDCEF6C02,5,30000.0,v0.1
INS_4CC589875F14,REQ_AE1214649622,6,25910.0,v0.1
INS_4CC589875F14,REQ_E3DD0FB15365,7,580.0,v0.1
INS_C0F289C39D45,REQ_B5C8E4C5A577,0,27780.0,v0.1
INS_C0F289C39D45,REQ_77152EB16AC8,1,30000.0,v0.1
INS_C0F289C39D45,REQ_0316DE5D0E73,2,23550.0,v0.1
INS_C0F289C39D45,REQ_1FCF87C6AAC9,3,7240.0,v0.1
INS_C0F289C39D45,REQ_25BB92F38F51,4,1450.0,v0.1
INS_C0F289C39D45,REQ_6568C701FAAD,5,28050.0,v0.1
INS_C0F289C39D45,REQ_95E77C6E68DD,6,13800.0,v0.1
INS_C0F289C39D45,REQ_E3DD3D755776,7,2200.0,v0.1
INS_C0F289C39D45,REQ_510378BE6CDD,8,790.0,v0.1
INS_C0F289C39D45,REQ_829E8C61F677,9,530.0,v0.1
INS_C0F289C39D45,REQ_D641B2E517DC,10,13510.0,v0.1
INS_C0F289C39D45,REQ_E4B306AE7F94,11,4110.0,v0.1
INS_C0F289C39D45,REQ_3616794B865B,12,10750.0,v0.1
INS_C0F289C39D45,REQ_624CAF4575E3,13,509.99999999999994,v0.1
INS_C0F289C39D45,REQ_660DF57E5C60,14,420.0,v0.1
INS_C0F289C39D45,REQ_688367AF0918,15,860.0,v0.1
INS_C0F289C39D45,REQ_3CF4F48D580D,16,14420.0,v0.1
INS_C0F289C39D45,REQ_C4BBA0EE78C2,17,2350.0,v0.1
INS_C0F289C39D45,REQ_59810E027B28,18,17680.0,v0.1
INS_C0F289C39D45,REQ_0AECB8D82235,19,21300.0,v0.1
INS_C0F289C39D45,REQ_8B8A86E0B8DF,20,19550.0,v0.1
INS_C0F289C39D45,REQ_E9A0100BC8A2,21,1960.0,v0.1
INS_C0F289C39D45,REQ_84F4D6D4603D,22,15750.0,v0.1
INS_C0F289C39D45,REQ_18FACE0D81FA,23,100.0,v0.1
INS_C0F289C39D45,REQ_291BA605C4FE,24,240.0,v0.1
INS_C0F289C39D45,REQ_5F8811F69C3B,25,16700.0,v0.1
INS_C0F289C39D45,REQ_D0297ED43C1C,26,12300.0,v0.1
INS_C0F289C39D45,REQ_07673F68EC0C,27,1850.0,v0.1
INS_C0F289C39D45,REQ_00F34930CFD8,28,650.0,v0.1
INS_C0F289C39D45,REQ_41C71B188DE8,29,30000.0,v0.1
INS_AEEAF1DEB90A,REQ_5655B2FCC17F,0,2950.0,v0.1
INS_AEEAF1DEB90A,REQ_DDE2FAA68256,1,650.0,v0.1
INS_AEEAF1DEB90A,REQ_DB944AA4C6F6,2,30000.0,v0.1
INS_AEEAF1DEB90A,REQ_DA69BB529473,3,630.0,v0.1
INS_AEEAF1DEB90A,REQ_1BA97A1F681E,4,740.0,v0.1
INS_AEEAF1DEB90A,REQ_2A3971318DC9,5,2770.0,v0.1
INS_AEEAF1DEB90A,REQ_7BD3CBE9B0F0,6,1630.0,v0.1
INS_AEEAF1DEB90A,REQ_FEA468620133,7,2700.0,v0.1
INS_AEEAF1DEB90A,REQ_D16FCB8A6CE4,8,1580.0,v0.1
INS_AEEAF1DEB90A,REQ_57467CE8FD03,9,8860.0,v0.1
INS_AEEAF1DEB90A,REQ_AF343D934D3D,10,3200.0,v0.1
INS_AEEAF1DEB90A,REQ_08267190904C,11,930.0,v0.1
INS_AEEAF1DEB90A,REQ_2A18E606D91D,12,509.99999999999994,v0.1
INS_AEEAF1DEB90A,REQ_8738B15560DA,13,25980.0,v0.1
INS_AEEAF1DEB90A,REQ_47D35A3B912A,14,3200.0,v0.1
INS_AEEAF1DEB90A,REQ_B770517539CD,15,2600.0,v0.1
INS_AEEAF1DEB90A,REQ_44278E18D819,16,30000.0,v0.1
INS_AEEAF1DEB90A,REQ_4A0659BDBF97,17,920.0,v0.1
INS_AEEAF1DEB90A,REQ_B6835A88EBC2,18,2190.0,v0.1
INS_AEEAF1DEB90A,REQ_A18F9F6B4EAE,19,490.00000000000006,v0.1
INS_AEEAF1DEB90A,REQ_80E9D0AE572F,20,15100.0,v0.1
INS_DEFB48DFC769,REQ_EC7FF3E0978D,0,1410.0,v0.1
INS_DEFB48DFC769,REQ_03120AE81182,1,2280.0,v0.1
INS_DEFB48DFC769,REQ_A593D5E6E22D,2,1860.0000000000002,v0.1
INS_DEFB48DFC769,REQ_A1A6938659A0,3,2500.0,v0.1
INS_DEFB48DFC769,REQ_3F4DA99AE1AD,4,4530.0,v0.1
INS_DEFB48DFC769,REQ_70728C7DBF33,5,6650.0,v0.1
INS_DEFB48DFC769,REQ_8D7E5155F807,6,1000.0,v0.1
INS_DEFB48DFC769,REQ_232D9D03EDE8,7,6800.0,v0.1
INS_DEFB48DFC769,REQ_B51083490D60,8,5500.0,v0.1
INS_DEFB48DFC769,REQ_EC37C7CEF3DB,9,1220.0,v0.1
INS_DEFB48DFC769,REQ_4885108EFB65,10,3170.0,v0.1
INS_DEFB48DFC769,REQ_71C25F130605,11,30000.0,v0.1
INS_DEFB48DFC769,REQ_DFE2F65DA3D5,12,10770.0,v0.1
INS_DEFB48DFC769,REQ_CDD82B34C55C,13,2029.9999999999998,v0.1
INS_DEFB48DFC769,REQ_FB618F876D45,14,600.0,v0.1
INS_DEFB48DFC769,REQ_7BF693F7A8D7,15,1460.0,v0.1
INS_DEFB48DFC769,REQ_942832EF6C79,16,30000.0,v0.1
INS_DEFB48DFC769,REQ_2BBE9580E21F,17,30000.0,v0.1
INS_DEFB48DFC769,REQ_6C3707A771DB,18,21500.0,v0.1
INS_DEFB48DFC769,REQ_77D4222B7231,19,30000.0,v0.1
INS_A7C33ABFF55D,REQ_4F66182C4C08,0,350.0,v0.1
INS_A7C33ABFF55D,REQ_E5350E5F0435,1,4350.0,v0.1
INS_A7C33ABFF55D,REQ_40C266D75202,2,600.0,v0.1
INS_A7C33ABFF55D,REQ_0ACB712D3C2C,3,30000.0,v0.1
INS_A7C33ABFF55D,REQ_97897F04509C,4,180.0,v0.1
INS_A7C33ABFF55D,REQ_7DB46DABE8FE,5,500.0,v0.1
INS_A7C33ABFF55D,REQ_060DED9167D1,6,130.0,v0.1
INS_A7C33ABFF55D,REQ_15EFFDFD6803,7,400.0,v0.1
INS_A7C33ABFF55D,REQ_90B860A21794,8,1660.0000000000002,v0.1
INS_A7C33ABFF55D,REQ_74CCB8E73748,9,6510.0,v0.1
INS_A7C33ABFF55D,REQ_23CA32F29062,10,740.0,v0.1
INS_A7C33ABFF55D,REQ_82878A56E57F,11,5930.0,v0.1
INS_A7C33ABFF55D,REQ_2095490305C9,12,4790.0,v0.1
INS_A7C33ABFF55D,REQ_EE651760FC15,13,260.0,v0.1
INS_A7C33ABFF55D,REQ_861BCF027464,14,270.0,v0.1
INS_A7C33ABFF55D,REQ_C524132ED151,15,2650.0,v0.1
INS_A7C33ABFF55D,REQ_8864FEF9D467,16,17650.0,v0.1
INS_01F76441950A,REQ_6563ED4C4A63,0,19650.0,v0.1
INS_01F76441950A,REQ_B0B841E26C3F,1,30000.0,v0.1
INS_01F76441950A,REQ_2427A7E4E801,2,3940.0,v0.1
INS_01F76441950A,REQ_AD26CA534E14,3,9620.0,v0.1
INS_01F76441950A,REQ_AC842A9D7EF0,4,330.0,v0.1
INS_01F76441950A,REQ_E741384E8C8A,5,450.0,v0.1
INS_01F76441950A,REQ_BFD24D937C26,6,22410.0,v0.1
INS_01F76441950A,REQ_877766EF9A31,7,12630.0,v0.1
INS_01F76441950A,REQ_C42BA79C108A,8,30000.0,v0.1
INS_01F76441950A,REQ_063BCD202DD0,9,30000.0,v0.1
INS_01F76441950A,REQ_BF4A39A9FC1F,10,3700.0,v0.1
INS_01F76441950A,REQ_3E6768DA0833,11,810.0,v0.1
INS_01F76441950A,REQ_8EF368867EF7,12,5230.0,v0.1
INS_01F76441950A,REQ_188215BCF7C6,13,1300.0,v0.1
INS_01F76441950A,REQ_B07B05BE08EF,14,3390.0,v0.1
INS_01F76441950A,REQ_564EB8A6F276,15,2320.0,v0.1
INS_CB7C7EA43275,REQ_5DDDFAE007CE,0,30000.0,v0.1
INS_CB7C7EA43275,REQ_CE6688EAAF11,1,30000.0,v0.1
INS_CB7C7EA43275,REQ_33E1A6788418,2,30000.0,v0.1
INS_CB7C7EA43275,REQ_8D4F7D426F20,3,6170.0,v0.1
INS_CB7C7EA43275,REQ_F7E253D0A958,4,30000.0,v0.1
INS_CB7C7EA43275,REQ_191A3E03E7DB,5,1800.0,v0.1
INS_CB7C7EA43275,REQ_5185AB28B1C3,6,25080.0,v0.1
INS_CB7C7EA43275,REQ_E711ACB22092,7,30000.0,v0.1
INS_CB7C7EA43275,REQ_67FDF48977B0,8,520.0,v0.1
INS_CB7C7EA43275,REQ_425BA2B48C5A,9,5590.0,v0.1
INS_CB7C7EA43275,REQ_76B8F5282EED,10,14700.0,v0.1
INS_CB7C7EA43275,REQ_A8A796745767,11,2340.0,v0.1
INS_CB7C7EA43275,REQ_86FEEDFC408F,12,21480.0,v0.1
INS_CB7C7EA43275,REQ_829A6AABFD5F,13,30000.0,v0.1
INS_CB7C7EA43275,REQ_EF4A623B7DD8,14,30000.0,v0.1
INS_CB7C7EA43275,REQ_BD50816629D5,15,30000.0,v0.1
INS_CB7C7EA43275,REQ_169C951EBFE8,16,18280.0,v0.1
INS_CB7C7EA43275,REQ_C7AE263E845F,17,26350.0,v0.1
INS_CB7C7EA43275,REQ_7C82D856E4DF,18,1500.0,v0.1
INS_CB7C7EA43275,REQ_0BF7A3446D4C,19,30000.0,v0.1
INS_CB7C7EA43275,REQ_BA871C8E953D,20,30000.0,v0.1
INS_CB7C7EA43275,REQ_D42A1DD1B1B3,21,4990.0,v0.1
INS_CB7C7EA43275,REQ_7191A28F7BB3,22,930.0000000000001,v0.1
INS_CB7C7EA43275,REQ_88351F3B8D32,23,30000.0,v0.1
INS_CB7C7EA43275,REQ_C2224BAB0D20,24,900.0,v0.1
INS_CB7C7EA43275,REQ_072D5D427A73,25,16440.0,v0.1
INS_CB7C7EA43275,REQ_66C3BF61C5CC,26,26720.0,v0.1
INS_648BFF2C59A4,REQ_68C2CBC3A388,0,3980.0,v0.1
INS_648BFF2C59A4,REQ_27649A1B76D3,1,869.9999999999999,v0.1
INS_648BFF2C59A4,REQ_6CE0C194FBA9,2,30000.0,v0.1
INS_648BFF2C59A4,REQ_870767C84CB9,3,15880.0,v0.1
INS_648BFF2C59A4,REQ_DD7EE5B3AD6A,4,740.0,v0.1
INS_648BFF2C59A4,REQ_F4F8D10706B9,5,2550.0,v0.1
INS_648BFF2C59A4,REQ_424E3E752929,6,1240.0,v0.1
INS_648BFF2C59A4,REQ_D4176D6AA960,7,11460.0,v0.1
INS_648BFF2C59A4,REQ_F072DE6E7298,8,9720.0,v0.1
INS_648BFF2C59A4,REQ_0DCDBC499A60,9,30000.0,v0.1
INS_648BFF2C59A4,REQ_BB391CC32CF2,10,7470.0,v0.1
INS_648BFF2C59A4,REQ_41B94C1B4E55,11,2570.0,v0.1
INS_648BFF2C59A4,REQ_312B0F75977C,12,4840.0,v0.1
INS_648BFF2C59A4,REQ_A93BB6C85C44,13,30000.0,v0.1
INS_648BFF2C59A4,REQ_951D9E0F2428,14,1760.0000000000002,v0.1
INS_648BFF2C59A4,REQ_4C69523414E0,15,360.0,v0.1
INS_648BFF2C59A4,REQ_1142802A5EBA,16,890.0,v0.1
INS_648BFF2C59A4,REQ_F684B79D7053,17,1030.0,v0.1
INS_648BFF2C59A4,REQ_E67CF03A7318,18,1620.0,v0.1
INS_648BFF2C59A4,REQ_0E7F2717E0E4,19,30000.0,v0.1
INS_648BFF2C59A4,REQ_C07A9F5FDDEF,20,500.0,v0.1
INS_648BFF2C59A4,REQ_733521C1020B,21,30000.0,v0.1
INS_648BFF2C59A4,REQ_7FA429D9F89D,22,11080.0,v0.1
INS_648BFF2C59A4,REQ_833D1232F3AF,23,2280.0,v0.1
INS_648BFF2C59A4,REQ_51FA3AD90825,24,30000.0,v0.1
INS_648BFF2C59A4,REQ_2EAD96D5AB19,25,21040.0,v0.1
INS_648BFF2C59A4,REQ_07284F4FF882,26,1120.0,v0.1
INS_648BFF2C59A4,REQ_547F0B03C863,27,560.0,v0.1
INS_648BFF2C59A4,REQ_892F6088E645,28,4520.0,v0.1
INS_648BFF2C59A4,REQ_E7A869084F25,29,750.0,v0.1
INS_648BFF2C59A4,REQ_D48EE4A053CF,30,340.0,v0.1
INS_648BFF2C59A4,REQ_57C3BA5E78F5,31,1580.0,v0.1
INS_648BFF2C59A4,REQ_61F0983241B1,32,800.0,v0.1
INS_648BFF2C59A4,REQ_72CF52DCDD57,33,30000.0,v0.1
INS_A926E6CF8BC0,REQ_162AE602DB3A,0,890.0,v0.1
INS_A926E6CF8BC0,REQ_B9681039FC4B,1,2060.0,v0.1
INS_A926E6CF8BC0,REQ_1F070E5FE9B3,2,2940.0,v0.1
INS_A926E6CF8BC0,REQ_655D47944819,3,11980.0,v0.1
INS_A926E6CF8BC0,REQ_B69FFA8D276A,4,11720.0,v0.1
INS_A926E6CF8BC0,REQ_DBBD00EA102E,5,170.0,v0.1
INS_A926E6CF8BC0,REQ_C1BF0997A8D4,6,620.0,v0.1
INS_A926E6CF8BC0,REQ_59C365B1B0F1,7,14700.0,v0.1
INS_A926E6CF8BC0,REQ_7F9A824B2BE2,8,13170.0,v0.1
INS_A926E6CF8BC0,REQ_0C586AA9C3D0,9,280.0,v0.1
INS_A926E6CF8BC0,REQ_46B7C34256AF,10,200.0,v0.1
INS_A926E6CF8BC0,REQ_894EF11359C2,11,11790.0,v0.1
INS_A926E6CF8BC0,REQ_3978E2F616E7,12,840.0,v0.1
INS_A926E6CF8BC0,REQ_774FD1E70EDE,13,9950.0,v0.1
INS_A926E6CF8BC0,REQ_9AE806AC1AAF,14,1150.0,v0.1
INS_A926E6CF8BC0,REQ_FCDB96FB740C,15,210.0,v0.1
INS_A926E6CF8BC0,REQ_1AEF39EAC9A4,16,1660.0000000000002,v0.1
INS_A926E6CF8BC0,REQ_CE6E84CFFA14,17,3240.0,v0.1
INS_A926E6CF8BC0,REQ_A602D32D935A,18,22680.0,v0.1
INS_A926E6CF8BC0,REQ_4B80BC7AD3A1,19,750.0,v0.1
INS_A926E6CF8BC0,REQ_8EA6948E30EF,20,750.0,v0.1
INS_A926E6CF8BC0,REQ_528FC3312BC9,21,450.0,v0.1
INS_A926E6CF8BC0,REQ_2BF261D11A88,22,30000.0,v0.1
INS_A926E6CF8BC0,REQ_7419FB7412F1,23,30000.0,v0.1
INS_A926E6CF8BC0,REQ_91A4A5D603B8,24,220.00000000000003,v0.1
INS_A926E6CF8BC0,REQ_3422EACB64FC,25,700.0,v0.1
INS_A926E6CF8BC0,REQ_257E7FB6F63A,26,3850.0,v0.1
INS_A926E6CF8BC0,REQ_6D2134A5D450,27,24710.0,v0.1
INS_A926E6CF8BC0,REQ_4C5A87048AA3,28,400.0,v0.1
INS_A926E6CF8BC0,REQ_502DB592CC2C,29,430.0,v0.1
INS_A926E6CF8BC0,REQ_E9D5418C39E1,30,2920.0,v0.1
INS_A926E6CF8BC0,REQ_E44CB1EF41DA,31,1350.0,v0.1
INS_A926E6CF8BC0,REQ_94F48D496EA9,32,750.0,v0.1
INS_A926E6CF8BC0,REQ_C81D85F74268,33,15790.0,v0.1
INS_A926E6CF8BC0,REQ_6BA91C7C71F1,34,2700.0,v0.1
INS_A926E6CF8BC0,REQ_280683F50CF3,35,1630.0,v0.1
INS_A926E6CF8BC0,REQ_BE125481E9D7,36,12570.0,v0.1
INS_A926E6CF8BC0,REQ_BCC3A4C371B8,37,27100.0,v0.1
INS_A926E6CF8BC0,REQ_73DAF694BE91,38,290.0,v0.1
INS_A926E6CF8BC0,REQ_59C75A2BD6CD,39,2640.0,v0.1
INS_A926E6CF8BC0,REQ_327BB1E94F14,40,290.0,v0.1
INS_A926E6CF8BC0,REQ_CA6C17AF5AF1,41,1760.0,v0.1
INS_A926E6CF8BC0,REQ_F0252AED1403,42,4700.0,v0.1
INS_A926E6CF8BC0,REQ_B2F7AB8D4277,43,1540.0,v0.1
INS_A926E6CF8BC0,REQ_E3B648F856A4,44,24320.0,v0.1
INS_A926E6CF8BC0,REQ_77C1727B77D5,45,690.0,v0.1
INS_A926E6CF8BC0,REQ_FBC5038D6BED,46,810.0,v0.1
INS_A926E6CF8BC0,REQ_63B5E8766DA6,47,390.0,v0.1
INS_A926E6CF8BC0,REQ_E894CD22D871,48,390.0,v0.1
INS_A926E6CF8BC0,REQ_83453FD31B47,49,22220.0,v0.1
INS_A926E6CF8BC0,REQ_6F54C4C6EA6B,50,1600.0,v0.1
INS_A926E6CF8BC0,REQ_1578CF0B6CB1,51,10970.0,v0.1
INS_A926E6CF8BC0,REQ_62372636344C,52,30000.0,v0.1
INS_9DD7A2A00CFD,REQ_25AFCBF8A2CD,0,1710.0000000000002,v0.1
INS_9DD7A2A00CFD,REQ_1C437C9C52BA,1,30000.0,v0.1
INS_9DD7A2A00CFD,REQ_E5D00C74E7DD,2,9830.0,v0.1
INS_9DD7A2A00CFD,REQ_49DD3FFFEBD1,3,3870.0000000000005,v0.1
INS_9DD7A2A00CFD,REQ_6A036AC2559A,4,30000.0,v0.1
INS_9DD7A2A00CFD,REQ_1A1385922354,5,160.0,v0.1
INS_9DD7A2A00CFD,REQ_EE9EF02672C0,6,30000.0,v0.1
INS_9DD7A2A00CFD,REQ_448746C26A18,7,650.0,v0.1
INS_9DD7A2A00CFD,REQ_39BEB574E3A9,8,30000.0,v0.1
INS_9DD7A2A00CFD,REQ_BF1D054EAD1D,9,8060.0,v0.1
INS_9DD7A2A00CFD,REQ_B884585FAAF2,10,920.0,v0.1
INS_9DD7A2A00CFD,REQ_240EB6D22DCD,11,2680.0,v0.1
INS_9DD7A2A00CFD,REQ_380E2F1F0901,12,409.99999999999994,v0.1
INS_9DD7A2A00CFD,REQ_1B425B2E096D,13,5770.0,v0.1
INS_9DD7A2A00CFD,REQ_9161751B677B,14,30000.0,v0.1
INS_9DD7A2A00CFD,REQ_962396A4175C,15,1480.0,v0.1
INS_9DD7A2A00CFD,REQ_C7D375FD6824,16,30000.0,v0.1
INS_9DD7A2A00CFD,REQ_C0A34A51D4EE,17,3100.0,v0.1
INS_9DD7A2A00CFD,REQ_35B960A56F84,18,4250.0,v0.1
INS_9DD7A2A00CFD,REQ_8900EAE1CA62,19,1250.0,v0.1
INS_9DD7A2A00CFD,REQ_DF6A4210A229,20,9160.0,v0.1
INS_9DD7A2A00CFD,REQ_D4F28EE1A08D,21,670.0,v0.1
INS_9DD7A2A00CFD,REQ_922F56D63FC4,22,1560.0,v0.1
INS_9DD7A2A00CFD,REQ_548ED3E32649,23,1760.0000000000002,v0.1
INS_9DD7A2A00CFD,REQ_998E722FB33E,24,30000.0,v0.1
INS_9DD7A2A00CFD,REQ_FED0525171EE,25,1450.0,v0.1
INS_9DD7A2A00CFD,REQ_731ADE2CBFDA,26,30000.0,v0.1
INS_9DD7A2A00CFD,REQ_0EAF6A1D46D6,27,26210.000000000004,v0.1
INS_9DD7A2A00CFD,REQ_E38183CC9521,28,3970.0000000000005,v0.1
INS_9DD7A2A00CFD,REQ_5D24ED089B8F,29,4190.0,v0.1
INS_9DD7A2A00CFD,REQ_2E5CE27C3D31,30,6840.0,v0.1
INS_9DD7A2A00CFD,REQ_DB7AECE75440,31,7420.0,v0.1
INS_9DD7A2A00CFD,REQ_0EB3D16341F0,32,1140.0,v0.1
INS_9DD7A2A00CFD,REQ_004AF15E60E3,33,30000.0,v0.1
INS_9DD7A2A00CFD,REQ_F37340CE5A14,34,30000.0,v0.1
INS_9DD7A2A00CFD,REQ_B6DFDCB288A8,35,7090.0,v0.1
INS_9DD7A2A00CFD,REQ_67361EAFF387,36,30000.0,v0.1
INS_9DD7A2A00CFD,REQ_C73459155D74,37,4240.0,v0.1
INS_9DD7A2A00CFD,REQ_00EA4BBB7C04,38,30000.0,v0.1
INS_9DD7A2A00CFD,REQ_9CD065D94036,39,8480.0,v0.1
INS_9DD7A2A00CFD,REQ_594C2059DC2E,40,1050.0,v0.1
INS_9DD7A2A00CFD,REQ_957CCCCB0D6A,41,30000.0,v0.1
INS_9DD7A2A00CFD,REQ_3C56BC341A79,42,4620.0,v0.1
INS_9DD7A2A00CFD,REQ_B815BDFE5C08,43,560.0,v0.1
INS_9DD7A2A00CFD,REQ_CEA89FE6B618,44,30000.0,v0.1
INS_9DD7A2A00CFD,REQ_660085B27A60,45,30000.0,v0.1
INS_9DD7A2A00CFD,REQ_28F1008118FD,46,28110.000000000004,v0.1
INS_9DD7A2A00CFD,REQ_A6EF7BBACC8D,47,390.0,v0.1
INS_9DD7A2A00CFD,REQ_71F1FABF4EC0,48,300.0,v0.1
INS_9DD7A2A00CFD,REQ_D0CD9510DCDE,49,25590.0,v0.1
INS_9DD7A2A00CFD,REQ_55FED03D2CCB,50,30000.0,v0.1
INS_9DD7A2A00CFD,REQ_751EFC17141E,51,27240.0,v0.1
INS_9DD7A2A00CFD,REQ_5741B5C1A57A,52,30000.0,v0.1
INS_9DD7A2A00CFD,REQ_CE45D382E088,53,30000.0,v0.1
INS_9DD7A2A00CFD,REQ_E9EED3108D0C,54,630.0,v0.1
INS_9DD7A2A00CFD,REQ_BBF57B0458A6,55,1050.0,v0.1
INS_9DD7A2A00CFD,REQ_FA3711095829,56,1250.0,v0.1
INS_9DD7A2A00CFD,REQ_5E8FF134A4FA,57,2039.9999999999998,v0.1
INS_9DD7A2A00CFD,REQ_712B9A1534C8,58,1510.0,v0.1
INS_9DD7A2A00CFD,REQ_A8C157EE5BFA,59,6400.0,v0.1
INS_1E36962D32C1,REQ_366F5D700CC9,0,22370.0,v0.1
INS_1E36962D32C1,REQ_62CF9AE66ECB,1,7309.999999999999,v0.1
INS_1E36962D32C1,REQ_B770517539CD,2,2600.0,v0.1
INS_1E36962D32C1,REQ_EEE0C4FB5C22,3,16790.0,v0.1
INS_1E36962D32C1,REQ_7BD3CBE9B0F0,4,1630.0,v0.1
INS_1E36962D32C1,REQ_A18F9F6B4EAE,5,490.00000000000006,v0.1
INS_1E36962D32C1,REQ_05052F2F6DD9,6,4860.0,v0.1
INS_1E36962D32C1,REQ_51E9511C9722,7,13119.999999999998,v0.1
INS_1E36962D32C1,REQ_BA0EEAA06C3F,8,2660.0,v0.1
INS_1E36962D32C1,REQ_8F6E351D8E74,9,11510.0,v0.1
INS_1E36962D32C1,REQ_EBACEBC32094,10,16650.0,v0.1
INS_1E36962D32C1,REQ_6913ABEE39CA,11,1130.0,v0.1
INS_1E36962D32C1,REQ_14357862D300,12,17000.0,v0.1
INS_1E36962D32C1,REQ_DB944AA4C6F6,13,30000.0,v0.1
INS_1E36962D32C1,REQ_0F631D964E8F,14,2360.0,v0.1
INS_1E36962D32C1,REQ_2A3971318DC9,15,2770.0,v0.1
INS_1E36962D32C1,REQ_96ADEB5A0723,16,1880.0,v0.1
INS_1E36962D32C1,REQ_43C44095C508,17,30000.0,v0.1
INS_041C59598EFA,REQ_C4C88F09234B,0,15140.0,v0.1
INS_041C59598EFA,REQ_7F35A3B51B46,1,14420.0,v0.1
INS_041C59598EFA,REQ_7C94B21AD1E4,2,30000.0,v0.1
INS_041C59598EFA,REQ_23597F191A8D,3,11100.0,v0.1
INS_041C59598EFA,REQ_7868BDF12EC9,4,3560.0,v0.1
INS_041C59598EFA,REQ_50A2F45747C0,5,9160.0,v0.1
INS_041C59598EFA,REQ_DBA4E7252854,6,9400.0,v0.1
INS_041C59598EFA,REQ_9BEEBE911F18,7,26490.0,v0.1
INS_041C59598EFA,REQ_BC4F48241900,8,30000.0,v0.1
INS_041C59598EFA,REQ_3418D62F8989,9,30000.0,v0.1
INS_041C59598EFA,REQ_53FCCA9803C4,10,11710.0,v0.1
INS_9455B1A9CC42,REQ_636E734CC27D,0,30000.0,v0.1
INS_9455B1A9CC42,REQ_EFDA1856BD7E,1,2100.0,v0.1
INS_9455B1A9CC42,REQ_5256F7DEEBB8,2,400.0,v0.1
INS_9455B1A9CC42,REQ_75FD4675B98C,3,9710.0,v0.1
INS_9455B1A9CC42,REQ_7F48CFE92239,4,8320.0,v0.1
INS_9455B1A9CC42,REQ_AD35BC75783F,5,7830.0,v0.1
INS_9455B1A9CC42,REQ_886530A358C2,6,30000.0,v0.1
INS_9455B1A9CC42,REQ_EB7BDD03B9C5,7,1200.0,v0.1
INS_9455B1A9CC42,REQ_7E58655ED73E,8,30000.0,v0.1
INS_9455B1A9CC42,REQ_913D7FA92F38,9,2150.0,v0.1
INS_9455B1A9CC42,REQ_1E3D2BC3BC50,10,1800.0,v0.1
INS_9455B1A9CC42,REQ_E3E02CB42152,11,6809.999999999999,v0.1
INS_9455B1A9CC42,REQ_3CD439148462,12,13640.0,v0.1
INS_9455B1A9CC42,REQ_704B80520CDA,13,26450.0,v0.1
INS_9455B1A9CC42,REQ_2760D7909711,14,2810.0,v0.1
INS_9455B1A9CC42,REQ_096113C8D5BE,15,700.0,v0.1
INS_9455B1A9CC42,REQ_D87D072B1D0D,16,13520.0,v0.1
INS_9455B1A9CC42,REQ_3BCCCDACE0F1,17,900.0,v0.1
INS_9455B1A9CC42,REQ_D094D76BE4BD,18,1260.0,v0.1
INS_9455B1A9CC42,REQ_331752B8F388,19,30000.0,v0.1
INS_9455B1A9CC42,REQ_9CCC97DBF2A0,20,17650.0,v0.1
INS_9455B1A9CC42,REQ_7D5666DBCA3D,21,20110.0,v0.1
INS_9455B1A9CC42,REQ_350EEB34E966,22,900.0,v0.1
INS_9455B1A9CC42,REQ_6B1BF084FD80,23,29160.0,v0.1
INS_9455B1A9CC42,REQ_605436848D2E,24,560.0,v0.1
INS_9455B1A9CC42,REQ_35CBCAD7AD96,25,7280.0,v0.1
INS_9455B1A9CC42,REQ_F0F24B84CD96,26,1250.0,v0.1
INS_9455B1A9CC42,REQ_A0C0E11FBF06,27,10700.0,v0.1
INS_9455B1A9CC42,REQ_93EE2BE9A4F7,28,4300.0,v0.1
INS_3FC7F30B64F8,REQ_7876D5B2526F,0,28150.0,v0.1
INS_3FC7F30B64F8,REQ_1F629C391A0D,1,500.0,v0.1
INS_3FC7F30B64F8,REQ_095230216686,2,650.0,v0.1
INS_3FC7F30B64F8,REQ_2B05F113B40B,3,30000.0,v0.1
INS_3FC7F30B64F8,REQ_BCFA7A6F34C3,4,250.0,v0.1
INS_3FC7F30B64F8,REQ_8061C6F88F7B,5,1000.0,v0.1
INS_3FC7F30B64F8,REQ_66D0C1980DD4,6,1250.0,v0.1
INS_3FC7F30B64F8,REQ_3690D7D128AA,7,30000.0,v0.1
INS_3FC7F30B64F8,REQ_9650D01382D0,8,30000.0,v0.1
INS_3FC7F30B64F8,REQ_7F44F81315C9,9,1050.0,v0.1
INS_3FC7F30B64F8,REQ_07BCF18A9494,10,409.99999999999994,v0.1
INS_3FC7F30B64F8,REQ_F6FFB8A24ADA,11,30000.0,v0.1
INS_3FC7F30B64F8,REQ_A386B9F889F9,12,7780.0,v0.1
INS_3FC7F30B64F8,REQ_349488A3DE17,13,1590.0,v0.1
INS_4D7644897F4A,REQ_1969B98DB1CA,0,2600.0,v0.1
INS_4D7644897F4A,REQ_1A3DBCD923B4,1,4970.0,v0.1
INS_4D7644897F4A,REQ_289791AC8D2E,2,3050.0,v0.1
INS_4D7644897F4A,REQ_4E1BA3955A6E,3,570.0,v0.1
INS_4D7644897F4A,REQ_1BFF54238B3A,4,30000.0,v0.1
INS_4D7644897F4A,REQ_8B13F8C173C0,5,2070.0,v0.1
INS_4D7644897F4A,REQ_8B1FAA897F08,6,4640.0,v0.1
INS_4D7644897F4A,REQ_B072C9F9DFA4,7,1200.0,v0.1
INS_4D7644897F4A,REQ_C713AE8C844F,8,200.0,v0.1
INS_E0B876FF107E,REQ_2E3613D9EC6D,0,250.0,v0.1
INS_E0B876FF107E,REQ_82ACD3C124F3,1,30000.0,v0.1
INS_E0B876FF107E,REQ_B2B35F4FC324,2,860.0,v0.1
INS_E0B876FF107E,REQ_53DFA5F4371E,3,2440.0,v0.1
INS_E0B876FF107E,REQ_07BE782C1DCC,4,330.0,v0.1
INS_E0B876FF107E,REQ_6624966FF1EA,5,30000.0,v0.1
INS_E0B876FF107E,REQ_039DB66AC89C,6,1460.0,v0.1
INS_E0B876FF107E,REQ_A845EF26A99E,7,26220.0,v0.1
INS_E0B876FF107E,REQ_50A099A1937B,8,30000.0,v0.1
INS_E0B876FF107E,REQ_F74A16FBD130,9,30000.0,v0.1
INS_E0B876FF107E,REQ_5628DC851857,10,16520.0,v0.1
INS_E0B876FF107E,REQ_311ADD5D9532,11,430.0,v0.1
INS_E0B876FF107E,REQ_32627DA53A4B,12,26700.0,v0.1
INS_E0B876FF107E,REQ_8BFE670D4B1A,13,900.0,v0.1
INS_E0B876FF107E,REQ_2B5B1D62EA9D,14,1200.0,v0.1
INS_E0B876FF107E,REQ_8A12BCBCEB0A,15,500.0,v0.1
INS_E0B876FF107E,REQ_BB12F044CCE0,16,1230.0,v0.1
INS_E0B876FF107E,REQ_104A008571E6,17,23370.0,v0.1
INS_E0B876FF107E,REQ_A6422A451DB1,18,30000.0,v0.1
INS_EB86527DB375,REQ_DA3D1109EE8D,0,30000.0,v0.1
INS_EB86527DB375,REQ_7170FB228435,1,30000.0,v0.1
INS_EB86527DB375,REQ_5B45E1A89AE3,2,210.0,v0.1
INS_EB86527DB375,REQ_6E8A2EB8B7D3,3,9520.0,v0.1
INS_EB86527DB375,REQ_4AF77744C5B9,4,2400.0,v0.1
INS_EB86527DB375,REQ_BDA3B4312F47,5,22840.0,v0.1
INS_EB86527DB375,REQ_3D8C3A20AA21,6,7490.000000000001,v0.1
INS_EB86527DB375,REQ_C6636E2CFD15,7,7200.0,v0.1
INS_EB86527DB375,REQ_17C1CE444FDD,8,1870.0,v0.1
INS_EB86527DB375,REQ_909C1DF7594C,9,1400.0,v0.1
INS_EB86527DB375,REQ_366FA5EAB24E,10,7900.0,v0.1
INS_EB86527DB375,REQ_BBF8076B8829,11,2610.0,v0.1
INS_EB86527DB375,REQ_CFB862F16221,12,500.0,v0.1
INS_EB86527DB375,REQ_F2300C4B84BF,13,270.0,v0.1
INS_EB86527DB375,REQ_E885387ECF4E,14,1510.0,v0.1
INS_EB86527DB375,REQ_BF3251B223B5,15,4760.0,v0.1
INS_EB86527DB375,REQ_280958B99D6A,16,6180.0,v0.1
INS_EB86527DB375,REQ_E9D779BB3E32,17,29770.0,v0.1
INS_EB86527DB375,REQ_3FB690CDB5A4,18,30000.0,v0.1
INS_EB86527DB375,REQ_E41D6390D628,19,2770.0,v0.1
INS_EB86527DB375,REQ_12B0D8F7B061,20,1720.0,v0.1
INS_EB86527DB375,REQ_60F720FB99FE,21,1300.0,v0.1
INS_EB86527DB375,REQ_FA7A0CAD93BB,22,6890.0,v0.1
INS_EB86527DB375,REQ_BCAC16AEA10B,23,27730.0,v0.1
INS_EB86527DB375,REQ_79093FC4C226,24,1060.0,v0.1
INS_EB86527DB375,REQ_D30C97D04245,25,4730.0,v0.1
INS_EB86527DB375,REQ_31440888497E,26,940.0,v0.1
INS_EB86527DB375,REQ_DF741546A8C3,27,2140.0,v0.1
INS_EB86527DB375,REQ_B577CF199162,28,1400.0,v0.1
INS_44F6F124059E,REQ_71DB354DC4E5,0,8375.0,v0.1
INS_44F6F124059E,REQ_A14F26C03C39,1,390.0,v0.1
INS_44F6F124059E,REQ_A59BE9E9A0E9,2,13025.0,v0.1
INS_44F6F124059E,REQ_3616794B865B,3,10750.0,v0.1
INS_44F6F124059E,REQ_9ACC36522A1D,4,30000.0,v0.1
INS_44F6F124059E,REQ_9E6130C9FA1C,5,8850.0,v0.1
INS_44F6F124059E,REQ_C58F2A91D863,6,1540.0,v0.1
INS_44F6F124059E,REQ_660DF57E5C60,7,420.0,v0.1
INS_44F6F124059E,REQ_974699D8E19D,8,12300.0,v0.1
INS_44F6F124059E,REQ_7B58B5210E85,9,19280.0,v0.1
INS_44F6F124059E,REQ_9FBCD1FA6F78,10,5580.0,v0.1
INS_A6C5E2CAE53A,REQ_46E66B65360D,0,6260.0,v0.1
INS_A6C5E2CAE53A,REQ_E5D00C74E7DD,1,9830.0,v0.1
INS_A6C5E2CAE53A,REQ_5E8FF134A4FA,2,2039.9999999999998,v0.1
INS_A6C5E2CAE53A,REQ_5EC106A80691,3,29690.0,v0.1
INS_A6C5E2CAE53A,REQ_82B216BD1BB1,4,5720.0,v0.1
INS_A6C5E2CAE53A,REQ_240EB6D22DCD,5,2680.0,v0.1
INS_A6C5E2CAE53A,REQ_594C2059DC2E,6,1050.0,v0.1
INS_A6C5E2CAE53A,REQ_8A78111E0CF8,7,220.0,v0.1
INS_A6C5E2CAE53A,REQ_A2AFB696C326,8,1050.0,v0.1
INS_A6C5E2CAE53A,REQ_CE45D382E088,9,30000.0,v0.1
INS_A6C5E2CAE53A,REQ_D4F28EE1A08D,10,670.0,v0.1
INS_A6C5E2CAE53A,REQ_8900EAE1CA62,11,1250.0,v0.1
INS_A6C5E2CAE53A,REQ_B815BDFE5C08,12,560.0,v0.1
INS_A6C5E2CAE53A,REQ_B884585FAAF2,13,920.0,v0.1
INS_A6C5E2CAE53A,REQ_D36311C9303A,14,5730.0,v0.1
INS_A6C5E2CAE53A,REQ_660D99EE07F5,15,650.0,v0.1
INS_A6C5E2CAE53A,REQ_E38183CC9521,16,3970.0000000000005,v0.1
INS_A6C5E2CAE53A,REQ_CC08404C0997,17,21850.0,v0.1
INS_A6C5E2CAE53A,REQ_EE9EF02672C0,18,30000.0,v0.1
INS_B83944D5F6CF,REQ_18247FFF8DB5,0,22880.0,v0.1
INS_B83944D5F6CF,REQ_54438CA895D0,1,200.0,v0.1
INS_B83944D5F6CF,REQ_445B0899EB58,2,900.0,v0.1
INS_B83944D5F6CF,REQ_90A83EE99DA5,3,30000.0,v0.1
INS_B83944D5F6CF,REQ_297012753A5B,4,30000.0,v0.1
INS_B83944D5F6CF,REQ_262170D45873,5,30000.0,v0.1
INS_B83944D5F6CF,REQ_DDA49ED3F456,6,14970.0,v0.1
INS_B83944D5F6CF,REQ_E6CE8DB9C99F,7,980.0000000000001,v0.1
INS_B83944D5F6CF,REQ_C750E6E59DD0,8,2160.0,v0.1
INS_B83944D5F6CF,REQ_44B8BA92CB44,9,30000.0,v0.1
INS_B83944D5F6CF,REQ_6B2075C27248,10,100.0,v0.1
INS_B83944D5F6CF,REQ_4A6C38E0BE41,11,30000.0,v0.1
INS_B83944D5F6CF,REQ_7C8F5CAFE1A1,12,1060.0,v0.1
INS_B83944D5F6CF,REQ_2FCB0AC38526,13,5260.0,v0.1
INS_B83944D5F6CF,REQ_8C7568C59D23,14,13400.0,v0.1
INS_B83944D5F6CF,REQ_B2AF89FC329C,15,30000.0,v0.1
INS_B83944D5F6CF,REQ_2B576A068D5E,16,2910.0,v0.1
INS_B83944D5F6CF,REQ_AE24A3C9CE7F,17,7159.999999999999,v0.1
INS_B83944D5F6CF,REQ_D77962A80E2D,18,12290.0,v0.1
INS_B83944D5F6CF,REQ_61FC69FF93B0,19,1560.0,v0.1
INS_B83944D5F6CF,REQ_20872A64C229,20,30000.0,v0.1
INS_B83944D5F6CF,REQ_62B69571BAF1,21,810.0,v0.1
INS_B83944D5F6CF,REQ_F1617BF506B8,22,3660.0,v0.1
INS_B83944D5F6CF,REQ_A5A5B583FFBD,23,1010.0,v0.1
INS_5619DEE2FF53,REQ_20C7FAF73962,0,30000.0,v0.1
INS_5619DEE2FF53,REQ_66A29D3718DD,1,6550.0,v0.1
INS_5619DEE2FF53,REQ_933B2B93B384,2,1180.0,v0.1
INS_5619DEE2FF53,REQ_7456D3782E24,3,8500.0,v0.1
INS_5619DEE2FF53,REQ_207990568E70,4,1430.0,v0.1
INS_5619DEE2FF53,REQ_E8EB5781B624,5,1300.0,v0.1
INS_5619DEE2FF53,REQ_797938F7139F,6,780.0,v0.1
INS_5619DEE2FF53,REQ_589936D65497,7,3640.0,v0.1
INS_5619DEE2FF53,REQ_B51083490D60,8,5500.0,v0.1
INS_5619DEE2FF53,REQ_4AA954BCE5C2,9,940.0,v0.1
INS_5619DEE2FF53,REQ_EFBE62016D45,10,5010.0,v0.1
INS_5619DEE2FF53,REQ_FAC954327A92,11,2250.0,v0.1
INS_5619DEE2FF53,REQ_401AC6624647,12,13710.0,v0.1
INS_5619DEE2FF53,REQ_6AA4E4AF7131,13,3530.0,v0.1
INS_5619DEE2FF53,REQ_3D9567925B59,14,1800.0,v0.1
INS_87FA5D7EA9F7,REQ_8D4F7D426F20,0,6170.0,v0.1
INS_87FA5D7EA9F7,REQ_66C3BF61C5CC,1,26720.0,v0.1
INS_87FA5D7EA9F7,REQ_7191A28F7BB3,2,930.0000000000001,v0.1
INS_87FA5D7EA9F7,REQ_BD50816629D5,3,30000.0,v0.1
INS_87FA5D7EA9F7,REQ_CC5A547B6557,4,23360.0,v0.1
INS_87FA5D7EA9F7,REQ_5185AB28B1C3,5,25080.0,v0.1
INS_87FA5D7EA9F7,REQ_160D9FE554FF,6,30000.0,v0.1
INS_87FA5D7EA9F7,REQ_80EAB69FD5ED,7,1360.0,v0.1
INS_87FA5D7EA9F7,REQ_546A17E8F2F1,8,1550.0,v0.1
INS_87FA5D7EA9F7,REQ_74D80E6419D3,9,710.0,v0.1
INS_87FA5D7EA9F7,REQ_E02B6CC37F49,10,13310.0,v0.1
INS_87FA5D7EA9F7,REQ_A1522B97F8C2,11,30000.0,v0.1
INS_FE3665AAD401,REQ_27200E69BBE6,0,1780.0,v0.1
INS_FE3665AAD401,REQ_AF08E7528AB6,1,470.0,v0.1
INS_FE3665AAD401,REQ_FABFAEC2F683,2,20350.0,v0.1
INS_FE3665AAD401,REQ_87EB950EF294,3,6880.0,v0.1
INS_FE3665AAD401,REQ_B5DD3ABA832A,4,380.0,v0.1
INS_FE3665AAD401,REQ_DFE87EB0C84B,5,2700.0,v0.1
INS_FE3665AAD401,REQ_B57BE085A86B,6,18340.0,v0.1
INS_FE3665AAD401,REQ_85C6C7240F49,7,7790.0,v0.1
INS_FE3665AAD401,REQ_E6B448EC19BB,8,650.0,v0.1
INS_7EB87429DEDA,REQ_FFD42CB3C94D,0,440.0,v0.1
INS_7EB87429DEDA,REQ_A69A40185491,1,30000.0,v0.1
INS_7EB87429DEDA,REQ_770959FC0AEE,2,30000.0,v0.1
INS_7EB87429DEDA,REQ_873122EC4AAD,3,5840.0,v0.1
INS_7EB87429DEDA,REQ_BFC46FD89DFE,4,2860.0,v0.1
INS_7EB87429DEDA,REQ_5AE19FCE4E2E,5,350.0,v0.1
INS_7EB87429DEDA,REQ_795EFBF97A63,6,2780.0,v0.1
INS_7EB87429DEDA,REQ_1DF89A0E5030,7,370.0,v0.1
INS_7EB87429DEDA,REQ_189A45856D76,8,950.0,v0.1
INS_7EB87429DEDA,REQ_7013929C9575,9,1010.0,v0.1
INS_7EB87429DEDA,REQ_30D74561922C,10,1200.0,v0.1
INS_7EB87429DEDA,REQ_1DD75B0AAE93,11,15040.0,v0.1
INS_7EB87429DEDA,REQ_B5B4E68C1ABC,12,450.0,v0.1
INS_7EB87429DEDA,REQ_F7096718A566,13,30000.0,v0.1
INS_7EB87429DEDA,REQ_8589EFE08C6C,14,17090.0,v0.1
INS_7EB87429DEDA,REQ_D434D4197E68,15,30000.0,v0.1
INS_7EB87429DEDA,REQ_E758C6761242,16,2470.0,v0.1
INS_7EB87429DEDA,REQ_3F34BB2C8792,17,260.0,v0.1
INS_7EB87429DEDA,REQ_E8C8180336C1,18,5730.0,v0.1
INS_7EB87429DEDA,REQ_50339901A49C,19,30000.0,v0.1
INS_7EB87429DEDA,REQ_C16D9E2DB7B9,20,130.0,v0.1
INS_81E100F67B9F,REQ_D2BD46F20663,0,1200.0,v0.1
INS_81E100F67B9F,REQ_7BF55EBB7B9A,1,8050.0,v0.1
INS_81E100F67B9F,REQ_AF7408C8164D,2,350.0,v0.1
INS_81E100F67B9F,REQ_17E4F5274947,3,13019.999999999998,v0.1
INS_81E100F67B9F,REQ_AE6C43106D30,4,5200.0,v0.1
INS_81E100F67B9F,REQ_F4B3C7F1DB71,5,530.0,v0.1
INS_81E100F67B9F,REQ_BE24569CCEFB,6,1450.0,v0.1
INS_81E100F67B9F,REQ_80D2BAE0EC76,7,800.0,v0.1
INS_81E100F67B9F,REQ_C3D9040C4731,8,180.0,v0.1
INS_81E100F67B9F,REQ_8BFCD927EFD5,9,7080.0,v0.1
INS_81E100F67B9F,REQ_459E8FEF26B5,10,620.0,v0.1
INS_81E100F67B9F,REQ_5478B2F46745,11,30000.0,v0.1
INS_81E100F67B9F,REQ_62B986400730,12,1000.0,v0.1
INS_81E100F67B9F,REQ_212A2BB2D23D,13,7330.0,v0.1
INS_81E100F67B9F,REQ_CF0E2ACA16A0,14,5240.0,v0.1
INS_81E100F67B9F,REQ_5DD52B4FAE59,15,150.0,v0.1
INS_81E100F67B9F,REQ_38D55C44B005,16,1989.9999999999998,v0.1
INS_81E100F67B9F,REQ_33E9BF23B6C4,17,6960.0,v0.1
INS_81E100F67B9F,REQ_D6B09D27D537,18,9260.0,v0.1
INS_81E100F67B9F,REQ_D63F58DCA126,19,1510.0,v0.1
INS_81E100F67B9F,REQ_5C6503BA166E,20,1340.0,v0.1
INS_81E100F67B9F,REQ_3D0526F36130,21,790.0,v0.1
INS_81E100F67B9F,REQ_36C1EA3A4482,22,3360.0,v0.1
INS_81E100F67B9F,REQ_87E8B029B5D0,23,500.0,v0.1
INS_81E100F67B9F,REQ_E9974F9A0B55,24,660.0,v0.1
INS_86FA381C2CCC,REQ_30174A4577D6,0,24670.0,v0.1
INS_86FA381C2CCC,REQ_CAACB8BDCB6D,1,30000.0,v0.1
INS_86FA381C2CCC,REQ_123C309AED98,2,8020.0,v0.1
INS_86FA381C2CCC,REQ_372EE3EEEF34,3,1000.0,v0.1
INS_86FA381C2CCC,REQ_26064CD6AD89,4,750.0,v0.1
INS_86FA381C2CCC,REQ_7E214F3515F5,5,8009.999999999999,v0.1
INS_86FA381C2CCC,REQ_79E11EAE0445,6,26190.0,v0.1
INS_86FA381C2CCC,REQ_D7FEBC145808,7,30000.0,v0.1
INS_86FA381C2CCC,REQ_1F88ADC53F80,8,10200.0,v0.1
INS_86FA381C2CCC,REQ_24CAC64069EC,9,15210.0,v0.1
INS_86FA381C2CCC,REQ_FBDEE5D480EC,10,14580.0,v0.1
INS_86FA381C2CCC,REQ_2A26F391B40D,11,30000.0,v0.1
INS_86FA381C2CCC,REQ_E5E622A79347,12,1130.0,v0.1
INS_86FA381C2CCC,REQ_891E36E884B4,13,320.0,v0.1
INS_86FA381C2CCC,REQ_0D2AA8EA2718,14,30000.0,v0.1
INS_86FA381C2CCC,REQ_CD0DE7C566DB,15,2400.0,v0.1
INS_86FA381C2CCC,REQ_A090C4C8E17C,16,2725.0,v0.1
INS_86FA381C2CCC,REQ_608FCF4846C3,17,9710.0,v0.1
INS_86FA381C2CCC,REQ_2A1884AD9095,18,1010.0,v0.1
INS_E013D34371BA,REQ_70BB444924A4,0,24690.0,v0.1
INS_E013D34371BA,REQ_E816AFB45D4F,1,9840.0,v0.1
INS_E013D34371BA,REQ_DDDBFE9B56BE,2,30000.0,v0.1
INS_E013D34371BA,REQ_B28C9C438DBA,3,21460.0,v0.1
INS_E013D34371BA,REQ_F828E609B184,4,23850.0,v0.1
INS_E013D34371BA,REQ_BBB2D0B068CA,5,2800.0,v0.1
INS_E013D34371BA,REQ_8375EEC9D338,6,30000.0,v0.1
INS_E013D34371BA,REQ_778A17E1EDA1,7,650.0,v0.1
INS_E013D34371BA,REQ_2D5C6A5F2813,8,1130.0,v0.1
INS_E013D34371BA,REQ_5A6566DAFC6C,9,1050.0,v0.1
INS_096C1D7EC6C1,REQ_89498E831993,0,30000.0,v0.1
INS_096C1D7EC6C1,REQ_48C9BCADCABD,1,30000.0,v0.1
INS_096C1D7EC6C1,REQ_AA4AFAE13C6E,2,9800.0,v0.1
INS_096C1D7EC6C1,REQ_2A92DFD89864,3,17760.0,v0.1
INS_096C1D7EC6C1,REQ_0CC67604B2B7,4,24350.0,v0.1
INS_096C1D7EC6C1,REQ_0C29D1C7632C,5,30000.0,v0.1
INS_096C1D7EC6C1,REQ_25F94CE4E455,6,30000.0,v0.1
INS_096C1D7EC6C1,REQ_05AC31DD7CD8,7,9310.0,v0.1
INS_096C1D7EC6C1,REQ_8BEBDFC315FC,8,15350.0,v0.1
INS_096C1D7EC6C1,REQ_C21D9002E4B1,9,22540.0,v0.1
INS_096C1D7EC6C1,REQ_BA4765F3E68D,10,30000.0,v0.1
INS_096C1D7EC6C1,REQ_D7C981DEE0E7,11,7309.999999999999,v0.1
INS_096C1D7EC6C1,REQ_6C087EA6F86F,12,30000.0,v0.1
INS_096C1D7EC6C1,REQ_CECF7A168639,13,30000.0,v0.1
INS_096C1D7EC6C1,REQ_919DD27012C6,14,30000.0,v0.1
INS_096C1D7EC6C1,REQ_B884FFFCE234,15,30000.0,v0.1
INS_096C1D7EC6C1,REQ_788FAF911A5E,16,550.0,v0.1
INS_096C1D7EC6C1,REQ_9137C155DD72,17,13460.0,v0.1
INS_096C1D7EC6C1,REQ_895E7DF735BD,18,14200.0,v0.1
INS_096C1D7EC6C1,REQ_AF8CDDA4D5E0,19,30000.0,v0.1
INS_096C1D7EC6C1,REQ_43CCF80E4E99,20,30000.0,v0.1
INS_096C1D7EC6C1,REQ_4CC2DA46AECF,21,30000.0,v0.1
INS_096C1D7EC6C1,REQ_16000AC93CBF,22,17000.0,v0.1
INS_096C1D7EC6C1,REQ_754815DAB900,23,30000.0,v0.1
INS_096C1D7EC6C1,REQ_A673DE68CE58,24,26980.0,v0.1
INS_096C1D7EC6C1,REQ_8F909F86C457,25,17800.0,v0.1
INS_096C1D7EC6C1,REQ_CB81322F5C84,26,6800.0,v0.1
INS_096C1D7EC6C1,REQ_75AB6204EF53,27,390.0,v0.1
INS_096C1D7EC6C1,REQ_BC1B952684D8,28,30000.0,v0.1
INS_096C1D7EC6C1,REQ_B928B17119AE,29,6080.0,v0.1
INS_231CCFA28900,REQ_9B15062A0E3E,0,190.0,v0.1
INS_231CCFA28900,REQ_25E9EEF0DCBC,1,300.0,v0.1
INS_231CCFA28900,REQ_7651118206A6,2,1689.9999999999998,v0.1
INS_231CCFA28900,REQ_8D6D59EB4980,3,30000.0,v0.1
INS_231CCFA28900,REQ_8DF44DEB8ADD,4,10890.0,v0.1
INS_231CCFA28900,REQ_BA76AA02AF56,5,30000.0,v0.1
INS_231CCFA28900,REQ_61C6C994E479,6,30000.0,v0.1
INS_231CCFA28900,REQ_116354B3091F,7,220.0,v0.1
INS_231CCFA28900,REQ_3DBD5E16B694,8,2450.0,v0.1
INS_231CCFA28900,REQ_E0832C173CB5,9,30000.0,v0.1
INS_231CCFA28900,REQ_E8654769B9E7,10,1050.0,v0.1
INS_231CCFA28900,REQ_B3F3E7F7C821,11,300.0,v0.1
INS_4AD4233B8B2A,REQ_D6AD90D082A5,0,5230.0,v0.1
INS_4AD4233B8B2A,REQ_09EC6B0C3B61,1,3080.0,v0.1
INS_4AD4233B8B2A,REQ_0FAD06E99E28,2,30000.0,v0.1
INS_4AD4233B8B2A,REQ_F83234EC8870,3,1700.0,v0.1
INS_4AD4233B8B2A,REQ_936D3E798900,4,1250.0,v0.1
INS_4AD4233B8B2A,REQ_67E9BE82FD7E,5,1820.0,v0.1
INS_4AD4233B8B2A,REQ_3DB2C510C809,6,1160.0,v0.1
INS_4AD4233B8B2A,REQ_EF0E673969B9,7,1100.0,v0.1
INS_4AD4233B8B2A,REQ_C98CA32DC4EA,8,28200.0,v0.1
INS_4AD4233B8B2A,REQ_7A8432891A0F,9,23030.0,v0.1
INS_4AD4233B8B2A,REQ_7FCC0C80B34F,10,840.0,v0.1
INS_4AD4233B8B2A,REQ_C43BBEE623FE,11,21010.0,v0.1
INS_4AD4233B8B2A,REQ_EDC4DFAA84FC,12,1980.0,v0.1
INS_4D04F06FC215,REQ_C467DA777186,0,26070.0,v0.1
INS_4D04F06FC215,REQ_8B90D2883DEA,1,30000.0,v0.1
INS_4D04F06FC215,REQ_0391EBB527B6,2,30000.0,v0.1
INS_4D04F06FC215,REQ_948820C577EE,3,30000.0,v0.1
INS_4D04F06FC215,REQ_2BEAC4526E54,4,30000.0,v0.1
INS_4D04F06FC215,REQ_BD3278D236A9,5,12460.0,v0.1
INS_4D04F06FC215,REQ_CFCB418FB1B4,6,30000.0,v0.1
INS_4D04F06FC215,REQ_3A14AA639842,7,30000.0,v0.1
INS_4D04F06FC215,REQ_DED8AA21E0B6,8,29790.0,v0.1
INS_4D04F06FC215,REQ_C86DE41EA334,9,29460.0,v0.1
INS_4D04F06FC215,REQ_5128C36DC078,10,17060.0,v0.1
INS_4D04F06FC215,REQ_337340C30D2E,11,13080.0,v0.1
INS_4D04F06FC215,REQ_587E1EA10952,12,30000.0,v0.1
INS_4D04F06FC215,REQ_2D6D358E8DCC,13,30000.0,v0.1
INS_4D04F06FC215,REQ_299A9F4AA5CE,14,30000.0,v0.1
INS_4D04F06FC215,REQ_0B9FFD6545E3,15,18720.0,v0.1
INS_4D04F06FC215,REQ_75F10E935EE1,16,30000.0,v0.1
INS_4D04F06FC215,REQ_F6D705542F1C,17,13680.0,v0.1
INS_4D04F06FC215,REQ_C86E98612EAD,18,30000.0,v0.1
INS_4D04F06FC215,REQ_E50524A96B19,19,20540.0,v0.1
INS_4D04F06FC215,REQ_74A931FA1079,20,18820.0,v0.1
INS_4D04F06FC215,REQ_D11FE85E3355,21,30000.0,v0.1
INS_4D04F06FC215,REQ_C6251C50FCA6,22,30000.0,v0.1
INS_92C6292A72C2,REQ_F38705A5101B,0,30000.0,v0.1
INS_92C6292A72C2,REQ_924371EFEBAB,1,30000.0,v0.1
INS_92C6292A72C2,REQ_0439C4510B33,2,3200.0,v0.1
INS_92C6292A72C2,REQ_8EC84C0D13C6,3,980.0000000000001,v0.1
INS_92C6292A72C2,REQ_D2FDA454EB82,4,430.0,v0.1
INS_92C6292A72C2,REQ_296B3CDB7FF0,5,1050.0,v0.1
INS_92C6292A72C2,REQ_8F1A1F57ED3D,6,5800.0,v0.1
INS_92C6292A72C2,REQ_2699640B502D,7,4230.0,v0.1
INS_92C6292A72C2,REQ_C06908BAAEE3,8,270.0,v0.1
INS_92C6292A72C2,REQ_C95E9A223414,9,350.0,v0.1
INS_92C6292A72C2,REQ_2DACB4C7982A,10,3000.0,v0.1
INS_92C6292A72C2,REQ_1A40C80077BE,11,170.0,v0.1
INS_92C6292A72C2,REQ_AFA38D4309E8,12,1390.0,v0.1
INS_92C6292A72C2,REQ_1AC768DF9141,13,2630.0,v0.1
INS_92C6292A72C2,REQ_EB0A69100AD6,14,18050.0,v0.1
INS_92C6292A72C2,REQ_B26163AAE89F,15,20280.0,v0.1
INS_92C6292A72C2,REQ_A7B64C610CE5,16,740.0,v0.1
INS_92C6292A72C2,REQ_E70E38B86D00,17,2650.0,v0.1
INS_92C6292A72C2,REQ_0EEB8AF3564A,18,300.0,v0.1
INS_92C6292A72C2,REQ_27573B58C40B,19,30000.0,v0.1
INS_92C6292A72C2,REQ_0B8F8AD1ACE8,20,7030.0,v0.1
INS_FC44186DDF97,REQ_B2FCAA643121,0,30000.0,v0.1
INS_FC44186DDF97,REQ_0FAFF042C478,1,3750.0,v0.1
INS_FC44186DDF97,REQ_FA4C806159F0,2,20710.0,v0.1
INS_FC44186DDF97,REQ_B41A1A7B60DD,3,30000.0,v0.1
INS_FC44186DDF97,REQ_DF7CD00356CD,4,12700.0,v0.1
INS_FC44186DDF97,REQ_1860762F22B6,5,13950.0,v0.1
INS_FC44186DDF97,REQ_E845E3F29E27,6,7580.0,v0.1
INS_FC44186DDF97,REQ_753375A03C43,7,350.0,v0.1
INS_FC44186DDF97,REQ_0C500BEF5D0F,8,390.0,v0.1
INS_FC44186DDF97,REQ_92BA907C1996,9,27130.0,v0.1
INS_2C17BDD553C9,REQ_959418B5EE6B,0,2580.0,v0.1
INS_2C17BDD553C9,REQ_135C5549CC79,1,1170.0,v0.1
INS_2C17BDD553C9,REQ_E2A127AC7373,2,4310.0,v0.1
INS_2C17BDD553C9,REQ_8843907B9083,3,6280.0,v0.1
INS_2C17BDD553C9,REQ_339C443B1D3B,4,30000.0,v0.1
INS_2C17BDD553C9,REQ_03F547274EEC,5,14830.0,v0.1
INS_2C17BDD553C9,REQ_E9976B938B67,6,30000.0,v0.1
INS_2C17BDD553C9,REQ_14F9AC136141,7,9930.0,v0.1
INS_2C17BDD553C9,REQ_73149BDE2AED,8,15910.0,v0.1
INS_2C17BDD553C9,REQ_ACED13BEEFE0,9,1750.0,v0.1
INS_2C17BDD553C9,REQ_CC4C7445E9B5,10,2500.0,v0.1
INS_2C17BDD553C9,REQ_8AF8F47EDD3D,11,8010.0,v0.1
INS_2C17BDD553C9,REQ_D869284B6A75,12,18020.0,v0.1
INS_2C17BDD553C9,REQ_70D6FAE9B2FF,13,250.0,v0.1
INS_2C17BDD553C9,REQ_33B01AF19B98,14,9460.0,v0.1
INS_2C17BDD553C9,REQ_DBA6A9B392E1,15,2250.0,v0.1
INS_2C17BDD553C9,REQ_C75C67960DE4,16,700.0,v0.1
INS_2C17BDD553C9,REQ_30C40B196FF5,17,2740.0,v0.1
INS_2C17BDD553C9,REQ_E4F17E165827,18,2960.0,v0.1
INS_F4F2EA877687,REQ_A9EAB46B6DFD,0,6990.0,v0.1
INS_F4F2EA877687,REQ_ECB721C3E597,1,670.0,v0.1
INS_F4F2EA877687,REQ_609D7C4EED03,2,3460.0,v0.1
INS_F4F2EA877687,REQ_001EB5E0F967,3,30000.0,v0.1
INS_F4F2EA877687,REQ_7B67E2EC1024,4,14390.0,v0.1
INS_F4F2EA877687,REQ_8805679C39A8,5,2170.0,v0.1
INS_F4F2EA877687,REQ_0D2AA8EA2718,6,30000.0,v0.1
INS_F4F2EA877687,REQ_0BABCCE44C40,7,640.0,v0.1
INS_F4F2EA877687,REQ_6AD8C686E7F7,8,30000.0,v0.1
INS_F4F2EA877687,REQ_B6D6DDA7A5C8,9,520.0,v0.1
INS_F4F2EA877687,REQ_51FC17C4D1E9,10,9960.0,v0.1
INS_F4F2EA877687,REQ_24CAC64069EC,11,15210.0,v0.1
INS_F4F2EA877687,REQ_2A26F391B40D,12,30000.0,v0.1
INS_B1EE6D7DE427,REQ_9F67206318F3,0,1550.0,v0.1
INS_B1EE6D7DE427,REQ_DAD8A0AA0749,1,2380.0,v0.1
INS_B1EE6D7DE427,REQ_FBFF4AC0628B,2,30000.0,v0.1
INS_B1EE6D7DE427,REQ_C73F86CFB617,3,30000.0,v0.1
INS_B1EE6D7DE427,REQ_0BF74C6B73E9,4,4160.0,v0.1
INS_B1EE6D7DE427,REQ_426FC716A38E,5,3740.0,v0.1
INS_B1EE6D7DE427,REQ_8D9439FAB18B,6,430.0,v0.1
INS_B1EE6D7DE427,REQ_5CACECF41450,7,9940.0,v0.1
INS_B1EE6D7DE427,REQ_4DEDEA018276,8,11600.0,v0.1
INS_B1EE6D7DE427,REQ_78CFFA518527,9,30000.0,v0.1
INS_B1EE6D7DE427,REQ_75CB7D6B6390,10,30000.0,v0.1
INS_B2228D3DB289,REQ_229B82D890FE,0,370.0,v0.1
INS_B2228D3DB289,REQ_25D2AF758FA0,1,30000.0,v0.1
INS_B2228D3DB289,REQ_15BF45A4E1A8,2,25400.0,v0.1
INS_B2228D3DB289,REQ_98671A3B10FE,3,26220.0,v0.1
INS_B2228D3DB289,REQ_D124E8853BB5,4,680.0,v0.1
INS_B2228D3DB289,REQ_766F5ADAAF66,5,370.0,v0.1
INS_B2228D3DB289,REQ_531A211CC2F3,6,30000.0,v0.1
INS_B2228D3DB289,REQ_EFFD3A81450C,7,560.0,v0.1
INS_B2228D3DB289,REQ_421567B70639,8,14980.0,v0.1
INS_B2228D3DB289,REQ_F728E575929A,9,730.0,v0.1
INS_B2228D3DB289,REQ_135E87C0014A,10,16770.0,v0.1
INS_B2228D3DB289,REQ_A29CFD8B83B6,11,30000.0,v0.1
INS_B2228D3DB289,REQ_7EFCAF9C7DB0,12,30000.0,v0.1
INS_86D82B08DBD1,REQ_18F16BC42AC9,0,1850.0,v0.1
INS_86D82B08DBD1,REQ_C4B52F7DF2E5,1,9760.0,v0.1
INS_86D82B08DBD1,REQ_2C33E9123960,2,8475.0,v0.1
INS_86D82B08DBD1,REQ_17E99B566B63,3,280.0,v0.1
INS_86D82B08DBD1,REQ_4AABB681D271,4,8640.0,v0.1
INS_86D82B08DBD1,REQ_C2D201E8BAB9,5,150.0,v0.1
INS_86D82B08DBD1,REQ_F06A67EDB2CE,6,150.0,v0.1
INS_86D82B08DBD1,REQ_E846BD9621EE,7,1100.0,v0.1
INS_86D82B08DBD1,REQ_962E480E6C26,8,580.0,v0.1
INS_86D82B08DBD1,REQ_724D5CE7DDE9,9,3070.0,v0.1
INS_86D82B08DBD1,REQ_0571559440D8,10,80.0,v0.1
INS_86D82B08DBD1,REQ_85812E18A66E,11,2730.0,v0.1
INS_86D82B08DBD1,REQ_C165449042E8,12,3160.0,v0.1
INS_86D82B08DBD1,REQ_E116E8ACE2DE,13,30000.0,v0.1
INS_86D82B08DBD1,REQ_FC15A30D7C41,14,200.0,v0.1
INS_86D82B08DBD1,REQ_8768AE4609FF,15,280.0,v0.1
INS_86D82B08DBD1,REQ_768270D0D13F,16,7470.0,v0.1
INS_86D82B08DBD1,REQ_B55046A4AF29,17,6670.0,v0.1
INS_86D82B08DBD1,REQ_1EB62267C0F2,18,2190.0,v0.1
INS_86D82B08DBD1,REQ_876FBD6ED478,19,30000.0,v0.1
INS_86D82B08DBD1,REQ_54F1698CDB81,20,100.0,v0.1
INS_86D82B08DBD1,REQ_95D64862EE39,21,5650.0,v0.1
INS_86D82B08DBD1,REQ_8B0C91543D33,22,470.0,v0.1
INS_86D82B08DBD1,REQ_9EB2080D1439,23,450.0,v0.1
INS_86D82B08DBD1,REQ_3A094BCC0764,24,1789.9999999999998,v0.1
INS_EFBA07799717,REQ_18D05FE184DB,0,30000.0,v0.1
INS_EFBA07799717,REQ_B65209DD6FB1,1,30000.0,v0.1
INS_EFBA07799717,REQ_A095E3AC1D21,2,30000.0,v0.1
INS_EFBA07799717,REQ_B2B151895B58,3,30000.0,v0.1
INS_EFBA07799717,REQ_24B4F438D94F,4,30000.0,v0.1
INS_EFBA07799717,REQ_BC3AE572C21A,5,30000.0,v0.1
INS_EFBA07799717,REQ_3D137029DB76,6,30000.0,v0.1
INS_EFBA07799717,REQ_A683694C8366,7,30000.0,v0.1
INS_91CE002940D0,REQ_3564EEE387F4,0,30000.0,v0.1
INS_91CE002940D0,REQ_F585D9611665,1,3050.0,v0.1
INS_91CE002940D0,REQ_3DBD5E16B694,2,2450.0,v0.1
INS_91CE002940D0,REQ_6AE422F7C09B,3,420.0,v0.1
INS_91CE002940D0,REQ_80009C859AC4,4,2610.0,v0.1
INS_91CE002940D0,REQ_3C13720DAADE,5,12150.0,v0.1
INS_91CE002940D0,REQ_E0B974F66BC3,6,3400.0,v0.1
INS_91CE002940D0,REQ_7C1258031151,7,30000.0,v0.1
INS_91CE002940D0,REQ_99B1B9C33D1E,8,7975.0,v0.1
INS_91CE002940D0,REQ_9E466BDB29AA,9,13770.0,v0.1
INS_91CE002940D0,REQ_0B7BC48BE518,10,15880.0,v0.1
INS_91CE002940D0,REQ_EDB81A03C661,11,80.0,v0.1
INS_91CE002940D0,REQ_E333BDC39F2D,12,340.0,v0.1
INS_91CE002940D0,REQ_66D34ED99839,13,19450.0,v0.1
INS_91CE002940D0,REQ_D6CF436ED738,14,30000.0,v0.1
INS_91CE002940D0,REQ_E8654769B9E7,15,1050.0,v0.1
INS_91CE002940D0,REQ_9F694A1F172C,16,110.00000000000001,v0.1
INS_91CE002940D0,REQ_FD3F483F433C,17,690.0,v0.1
INS_91CE002940D0,REQ_2981BF6997A8,18,30000.0,v0.1
INS_91CE002940D0,REQ_F2DC89E185D7,19,3550.0,v0.1
INS_91CE002940D0,REQ_780E8B8293B6,20,8900.0,v0.1
INS_91CE002940D0,REQ_0AFD406AE4A4,21,7720.0,v0.1
INS_91CE002940D0,REQ_663B7B5AAD54,22,6850.0,v0.1
INS_91CE002940D0,REQ_5882472E6F36,23,30000.0,v0.1
INS_91CE002940D0,REQ_E496415B1B86,24,30000.0,v0.1
INS_91CE002940D0,REQ_A99ED93E228B,25,30000.0,v0.1
INS_91CE002940D0,REQ_831004BF20C8,26,30000.0,v0.1
INS_91CE002940D0,REQ_E9764B8088F2,27,6600.0,v0.1
INS_91CE002940D0,REQ_47E083243E31,28,720.0,v0.1
INS_91CE002940D0,REQ_071792272B20,29,30000.0,v0.1
INS_91CE002940D0,REQ_8D6D59EB4980,30,30000.0,v0.1
INS_91CE002940D0,REQ_470817056BD5,31,280.0,v0.1
INS_91CE002940D0,REQ_7651118206A6,32,1689.9999999999998,v0.1
INS_C40A3B37D21E,REQ_432761EC207D,0,30000.0,v0.1
INS_C40A3B37D21E,REQ_853B86D8F415,1,5070.0,v0.1
INS_C40A3B37D21E,REQ_21DD9B772CFE,2,30000.0,v0.1
INS_C40A3B37D21E,REQ_3329093C82F1,3,4740.0,v0.1
INS_C40A3B37D21E,REQ_56E50AF2B779,4,1980.0,v0.1
INS_C40A3B37D21E,REQ_F705710FA0A6,5,12620.0,v0.1
INS_C40A3B37D21E,REQ_19720B6DD119,6,930.0000000000001,v0.1
INS_C40A3B37D21E,REQ_AF08E7528AB6,7,470.0,v0.1
INS_C40A3B37D21E,REQ_2C70E6BBC474,8,2280.0,v0.1
INS_C40A3B37D21E,REQ_1ECCCD9B0737,9,860.0,v0.1
INS_C40A3B37D21E,REQ_2FB99D68533B,10,630.0,v0.1
INS_C40A3B37D21E,REQ_C545E817EFE4,11,4900.0,v0.1
INS_C40A3B37D21E,REQ_7EB02D54B95F,12,240.0,v0.1
INS_C40A3B37D21E,REQ_127AC607B84C,13,4120.0,v0.1
INS_C40A3B37D21E,REQ_A71A45A8ABB3,14,6060.0,v0.1
INS_C40A3B37D21E,REQ_7E4B89D68462,15,2350.0,v0.1
INS_C40A3B37D21E,REQ_B07D83E8485D,16,270.0,v0.1
INS_C40A3B37D21E,REQ_A0F53F156C57,17,30000.0,v0.1
INS_C40A3B37D21E,REQ_2EDD81388562,18,15990.0,v0.1
INS_C40A3B37D21E,REQ_D96C6F41617C,19,1240.0,v0.1
INS_C40A3B37D21E,REQ_F5FAD2F9EF54,20,30000.0,v0.1
INS_C40A3B37D21E,REQ_4E66CEB17DC6,21,6210.0,v0.1
INS_C40A3B37D21E,REQ_3FC7667B9D51,22,1100.0,v0.1
INS_7EDE915367A5,REQ_9E7C91C0AEF0,0,80.0,v0.1
INS_7EDE915367A5,REQ_A6E08097317D,1,30000.0,v0.1
INS_7EDE915367A5,REQ_F0BE63F95380,2,4390.0,v0.1
INS_7EDE915367A5,REQ_C241B50D74CB,3,7380.0,v0.1
INS_7EDE915367A5,REQ_6AB9739A608E,4,30000.0,v0.1
INS_7EDE915367A5,REQ_0875FF28DEA8,5,250.0,v0.1
INS_7EDE915367A5,REQ_B8BC7A88DD3F,6,3340.0,v0.1
INS_7EDE915367A5,REQ_A37294C566DB,7,23020.0,v0.1
INS_7EDE915367A5,REQ_7EE87CB7929B,8,3330.0,v0.1
INS_7EDE915367A5,REQ_4A46C627B068,9,30000.0,v0.1
INS_7EDE915367A5,REQ_57A441F5A092,10,30000.0,v0.1
INS_7EDE915367A5,REQ_29955146490B,11,240.0,v0.1
INS_7693FA0B000E,REQ_9D899B0F8EB1,0,30000.0,v0.1
INS_7693FA0B000E,REQ_B48E6E855405,1,1560.0,v0.1
INS_7693FA0B000E,REQ_1DD75B0AAE93,2,15040.0,v0.1
INS_7693FA0B000E,REQ_A908C5E01850,3,450.0,v0.1
INS_7693FA0B000E,REQ_3CFBF1D6195C,4,350.0,v0.1
INS_7693FA0B000E,REQ_6517C13C31E9,5,17410.0,v0.1
INS_7693FA0B000E,REQ_6DF94FA95041,6,11200.0,v0.1
INS_7693FA0B000E,REQ_4910AC8F4D2F,7,810.0,v0.1
INS_7693FA0B000E,REQ_8ED1064419D7,8,28580.0,v0.1
INS_7693FA0B000E,REQ_770959FC0AEE,9,30000.0,v0.1
INS_7693FA0B000E,REQ_02D8ADAB835C,10,30000.0,v0.1
INS_7693FA0B000E,REQ_5F124E8F28AA,11,2000.0,v0.1
INS_7693FA0B000E,REQ_DC7C426A162E,12,840.0,v0.1
INS_8A20FB45A5E3,REQ_87B02B52FD80,0,12190.0,v0.1
INS_8A20FB45A5E3,REQ_5C6056B156E0,1,14040.0,v0.1
INS_8A20FB45A5E3,REQ_715FA26815A3,2,3390.0,v0.1
INS_8A20FB45A5E3,REQ_90A632CE9D04,3,30000.0,v0.1
INS_8A20FB45A5E3,REQ_7F98C384175D,4,600.0,v0.1
INS_8A20FB45A5E3,REQ_0FB44AABE7CC,5,1870.0,v0.1
INS_8A20FB45A5E3,REQ_B2CF259F3F0C,6,21750.0,v0.1
INS_8A20FB45A5E3,REQ_63153BE8E8D7,7,30000.0,v0.1
INS_8A20FB45A5E3,REQ_66E23A7AEB43,8,1120.0,v0.1
INS_8A20FB45A5E3,REQ_DF06A99C976A,9,1840.0,v0.1
INS_8A20FB45A5E3,REQ_D5DFD9811051,10,30000.0,v0.1
INS_8A20FB45A5E3,REQ_6BE894D63C0D,11,12630.0,v0.1
INS_8A20FB45A5E3,REQ_619657029237,12,1370.0,v0.1
INS_E6A7A8295B02,REQ_149C23D97F75,0,30000.0,v0.1
INS_E6A7A8295B02,REQ_061D6AE8E285,1,26910.0,v0.1
INS_E6A7A8295B02,REQ_3CB96AB1343B,2,1800.0,v0.1
INS_E6A7A8295B02,REQ_AE1D37353949,3,910.0,v0.1
INS_E6A7A8295B02,REQ_563D190C8909,4,920.0,v0.1
INS_E6A7A8295B02,REQ_E7D6A29D49B2,5,2800.0,v0.1
INS_E6A7A8295B02,REQ_5B4C04E85685,6,6200.0,v0.1
INS_E6A7A8295B02,REQ_8DDA0421DBC1,7,300.0,v0.1
INS_E6A7A8295B02,REQ_14B8715AC6C8,8,440.0,v0.1
INS_E6A7A8295B02,REQ_4756961CD89C,9,3720.0,v0.1
INS_0ED9AE4C3CB2,REQ_87ED6CBC963C,0,30000.0,v0.1
INS_0ED9AE4C3CB2,REQ_1A910078C614,1,760.0,v0.1
INS_0ED9AE4C3CB2,REQ_129ED3D58661,2,30000.0,v0.1
INS_0ED9AE4C3CB2,REQ_3DDDE0F597B1,3,18280.0,v0.1
INS_0ED9AE4C3CB2,REQ_BCC425254335,4,30000.0,v0.1
INS_0ED9AE4C3CB2,REQ_36EF0C25A53B,5,20200.0,v0.1
INS_0ED9AE4C3CB2,REQ_A4B530725CD6,6,25490.0,v0.1
INS_0ED9AE4C3CB2,REQ_A1FF3FFFEE5F,7,450.0,v0.1
INS_0ED9AE4C3CB2,REQ_20FB754A6DC0,8,130.0,v0.1
INS_0ED9AE4C3CB2,REQ_071CF1B37726,9,10400.0,v0.1
INS_0ED9AE4C3CB2,REQ_5D90BD27C24A,10,870.0,v0.1
INS_9DB1A26D89BC,REQ_58C9FCBB98F4,0,13870.0,v0.1
INS_9DB1A26D89BC,REQ_AD9572876AE6,1,2190.0,v0.1
INS_9DB1A26D89BC,REQ_7BD1F48B28BA,2,350.0,v0.1
INS_9DB1A26D89BC,REQ_1142802A5EBA,3,890.0,v0.1
INS_9DB1A26D89BC,REQ_E0B00DF90CD5,4,1050.0,v0.1
INS_9DB1A26D89BC,REQ_E2B0C8FE4517,5,960.0,v0.1
INS_9DB1A26D89BC,REQ_5FE1A6FBD00E,6,680.0,v0.1
INS_9DB1A26D89BC,REQ_41B94C1B4E55,7,2570.0,v0.1
INS_9DB1A26D89BC,REQ_555C3B4C7B40,8,750.0,v0.1
INS_9DB1A26D89BC,REQ_4DF7D15E357A,9,4220.0,v0.1
INS_D144DA0F3D9A,REQ_0CEC62433C26,0,1989.9999999999998,v0.1
INS_D144DA0F3D9A,REQ_E44FFA769B52,1,1330.0,v0.1
INS_D144DA0F3D9A,REQ_81A328FEA3FB,2,100.0,v0.1
INS_D144DA0F3D9A,REQ_67923888FDEC,3,80.0,v0.1
INS_D144DA0F3D9A,REQ_F5652345EBD9,4,2039.9999999999998,v0.1
INS_D144DA0F3D9A,REQ_1E056D6BA9BE,5,90.0,v0.1
INS_D144DA0F3D9A,REQ_0F5FABFC1B95,6,1810.0000000000002,v0.1
INS_D144DA0F3D9A,REQ_7186314A6719,7,1900.0,v0.1
INS_D144DA0F3D9A,REQ_3C3323DC84F0,8,580.0,v0.1
INS_D144DA0F3D9A,REQ_AA4C50BDACCD,9,11560.0,v0.1
INS_D144DA0F3D9A,REQ_C598FA767B66,10,4700.0,v0.1
INS_D144DA0F3D9A,REQ_A35F075737D1,11,510.0,v0.1
INS_D144DA0F3D9A,REQ_82E13BD0529C,12,10200.0,v0.1
INS_D144DA0F3D9A,REQ_EF2838A32C4B,13,23200.0,v0.1
INS_D144DA0F3D9A,REQ_1613D586B793,14,14420.0,v0.1
INS_D144DA0F3D9A,REQ_6217CB90D17D,15,1250.0,v0.1
INS_D144DA0F3D9A,REQ_B0001D1E119B,16,900.0,v0.1
INS_D144DA0F3D9A,REQ_F5E05CB87C1F,17,30000.0,v0.1
INS_D144DA0F3D9A,REQ_CED460C2FFF9,18,8660.0,v0.1
INS_D144DA0F3D9A,REQ_13EAE2BB4D7D,19,2950.0,v0.1
INS_D144DA0F3D9A,REQ_3D869195AAFA,20,229.99999999999997,v0.1
INS_D144DA0F3D9A,REQ_E45C860F0B57,21,100.0,v0.1
INS_D144DA0F3D9A,REQ_DBF5749C0F1A,22,19150.0,v0.1
INS_D144DA0F3D9A,REQ_B9BD8EDE147F,23,15740.0,v0.1
INS_D144DA0F3D9A,REQ_9FCBA43E7611,24,100.0,v0.1
INS_D144DA0F3D9A,REQ_F798BCD1D195,25,1190.0,v0.1
INS_D144DA0F3D9A,REQ_67613557423A,26,80.0,v0.1
INS_D144DA0F3D9A,REQ_329DE4F3C22B,27,80.0,v0.1
INS_D144DA0F3D9A,REQ_147C7B3B2F90,28,1360.0,v0.1
INS_D144DA0F3D9A,REQ_E8FEDE93BA5E,29,1010.0,v0.1
INS_D144DA0F3D9A,REQ_AF221C441932,30,2100.0,v0.1
INS_D144DA0F3D9A,REQ_0D7F5C50E899,31,2050.0,v0.1
INS_D144DA0F3D9A,REQ_851090088FFE,32,3880.0,v0.1
INS_D144DA0F3D9A,REQ_7880F47388E7,33,100.0,v0.1
INS_D144DA0F3D9A,REQ_3647345C133E,34,750.0,v0.1
INS_D144DA0F3D9A,REQ_157EA26D1EDA,35,11890.0,v0.1
INS_D144DA0F3D9A,REQ_D021461B159C,36,250.0,v0.1
INS_D144DA0F3D9A,REQ_E1F0A0A03469,37,850.0,v0.1
INS_D144DA0F3D9A,REQ_6A64492FB001,38,11300.0,v0.1
INS_D144DA0F3D9A,REQ_CF8CD24F8AEC,39,900.0,v0.1
INS_D144DA0F3D9A,REQ_FC0125DB853A,40,1800.0,v0.1
INS_D144DA0F3D9A,REQ_46C68A9259B7,41,1080.0,v0.1
INS_D144DA0F3D9A,REQ_911D8B54D8F0,42,830.0000000000001,v0.1
INS_D144DA0F3D9A,REQ_19570161CB3F,43,21300.0,v0.1
INS_D144DA0F3D9A,REQ_7246F1615C3F,44,20800.0,v0.1
INS_D144DA0F3D9A,REQ_81017EF418EB,45,1900.0,v0.1
INS_D144DA0F3D9A,REQ_752DD4C11F65,46,6370.0,v0.1
INS_D144DA0F3D9A,REQ_5C355CBAD0A7,47,3100.0,v0.1
INS_D144DA0F3D9A,REQ_3FBE9EE6D983,48,16900.0,v0.1
INS_D144DA0F3D9A,REQ_D7D9504BB5E8,49,930.0,v0.1
INS_D144DA0F3D9A,REQ_6CDE27DA8667,50,1050.0,v0.1
INS_D144DA0F3D9A,REQ_3E1943FEFAAA,51,19110.0,v0.1
INS_D144DA0F3D9A,REQ_ADF64AD2B6D3,52,1330.0,v0.1
INS_3A6075FA51CE,REQ_18D05FE184DB,0,30000.0,v0.1
INS_3A6075FA51CE,REQ_B65209DD6FB1,1,30000.0,v0.1
INS_3A6075FA51CE,REQ_3D137029DB76,2,30000.0,v0.1
INS_3A6075FA51CE,REQ_A095E3AC1D21,3,30000.0,v0.1
INS_3A6075FA51CE,REQ_B2B151895B58,4,30000.0,v0.1
INS_3A6075FA51CE,REQ_24B4F438D94F,5,30000.0,v0.1
INS_3A6075FA51CE,REQ_BC3AE572C21A,6,30000.0,v0.1
INS_3A6075FA51CE,REQ_A683694C8366,7,30000.0,v0.1
INS_9B87E5241BE5,REQ_751EFC17141E,0,27240.0,v0.1
INS_9B87E5241BE5,REQ_72D9687ED2FB,1,3420.0,v0.1
INS_9B87E5241BE5,REQ_BF1D054EAD1D,2,8060.0,v0.1
INS_9B87E5241BE5,REQ_3C56BC341A79,3,4620.0,v0.1
INS_9B87E5241BE5,REQ_5D24ED089B8F,4,4190.0,v0.1
INS_9B87E5241BE5,REQ_3B24B4DD95C0,5,30000.0,v0.1
INS_9B87E5241BE5,REQ_F37340CE5A14,6,30000.0,v0.1
INS_9B87E5241BE5,REQ_80EA4049A2A6,7,30000.0,v0.1
INS_9B87E5241BE5,REQ_25AFCBF8A2CD,8,1710.0000000000002,v0.1
INS_9B87E5241BE5,REQ_28F1008118FD,9,28110.000000000004,v0.1
INS_9B87E5241BE5,REQ_5E7A45C18CCE,10,7990.0,v0.1
INS_9B87E5241BE5,REQ_FA3711095829,11,1250.0,v0.1
INS_9B87E5241BE5,REQ_ECE62279429A,12,1700.0,v0.1
INS_BCBC4EB4E643,REQ_4997B1DC8F39,0,550.0,v0.1
INS_BCBC4EB4E643,REQ_6B2075C27248,1,100.0,v0.1
INS_BCBC4EB4E643,REQ_33E0157DB29C,2,30000.0,v0.1
INS_BCBC4EB4E643,REQ_35750B96760F,3,30000.0,v0.1
INS_BCBC4EB4E643,REQ_60B0B7E01B80,4,30000.0,v0.1
INS_BCBC4EB4E643,REQ_739D83C97BA1,5,4240.0,v0.1
INS_BCBC4EB4E643,REQ_62996CF9FA5A,6,30000.0,v0.1
INS_BCBC4EB4E643,REQ_70C2290B00D7,7,700.0,v0.1
INS_BCBC4EB4E643,REQ_C750E6E59DD0,8,2160.0,v0.1
INS_BCBC4EB4E643,REQ_DEBE32CFFD52,9,20480.0,v0.1
INS_BCBC4EB4E643,REQ_E3563DA090B3,10,21230.0,v0.1
INS_BCBC4EB4E643,REQ_C67CB58E25C9,11,30000.0,v0.1
INS_BCBC4EB4E643,REQ_F7B279B548DB,12,26610.0,v0.1
INS_BCBC4EB4E643,REQ_DC39A137062A,13,30000.0,v0.1
INS_BCBC4EB4E643,REQ_20872A64C229,14,30000.0,v0.1
INS_BCBC4EB4E643,REQ_54438CA895D0,15,200.0,v0.1
INS_BCBC4EB4E643,REQ_FDC95B9A664E,16,730.0,v0.1
INS_BCBC4EB4E643,REQ_5F90C05785D5,17,30000.0,v0.1
INS_BCBC4EB4E643,REQ_BF534381D87B,18,26440.0,v0.1
INS_BCBC4EB4E643,REQ_30759B79BCF9,19,470.0,v0.1
INS_BCBC4EB4E643,REQ_BDD0DF578E12,20,2470.0,v0.1
INS_BCBC4EB4E643,REQ_C91B4F62CE65,21,28160.000000000004,v0.1
INS_BCBC4EB4E643,REQ_95B0EA4D5F1D,22,30000.0,v0.1
INS_BCBC4EB4E643,REQ_A5A5B583FFBD,23,1010.0,v0.1
INS_BCBC4EB4E643,REQ_287841EE71B1,24,30000.0,v0.1
INS_BCBC4EB4E643,REQ_E6CE8DB9C99F,25,980.0000000000001,v0.1
INS_BCBC4EB4E643,REQ_7F8D02C0C992,26,450.0,v0.1
INS_BCBC4EB4E643,REQ_7A7E77539632,27,480.0,v0.1
INS_BCBC4EB4E643,REQ_BFDD7943B0E5,28,1150.0,v0.1
INS_BCBC4EB4E643,REQ_8BCADB53CD68,29,840.0,v0.1
INS_0EB83372ECC2,REQ_20ED1101EB93,0,14200.0,v0.1
INS_0EB83372ECC2,REQ_CF6FF7DE8625,1,1980.0,v0.1
INS_0EB83372ECC2,REQ_2937CF8DC362,2,11460.0,v0.1
INS_0EB83372ECC2,REQ_39423FC99B99,3,30000.0,v0.1
INS_0EB83372ECC2,REQ_1DE60F95D8FB,4,9080.0,v0.1
INS_0EB83372ECC2,REQ_504BF8F62972,5,29900.0,v0.1
INS_0EB83372ECC2,REQ_775398FB7412,6,200.0,v0.1
INS_0EB83372ECC2,REQ_1ECA4EDDAE87,7,200.0,v0.1
INS_0EB83372ECC2,REQ_6D7CAF4A0FD0,8,400.0,v0.1
INS_0EB83372ECC2,REQ_A5663661405D,9,30000.0,v0.1
INS_0EB83372ECC2,REQ_40C8B405C354,10,11500.0,v0.1
INS_0EB83372ECC2,REQ_4B0CE28D9E12,11,12930.000000000002,v0.1
INS_0EB83372ECC2,REQ_02450059788C,12,950.0,v0.1
INS_0EB83372ECC2,REQ_DEF9C7BCFF0D,13,1260.0,v0.1
INS_0EB83372ECC2,REQ_2B381DE437CD,14,30000.0,v0.1
INS_0EB83372ECC2,REQ_508933B16EEB,15,800.0,v0.1
INS_0EB83372ECC2,REQ_6240C8E97ECF,16,30000.0,v0.1
INS_0EB83372ECC2,REQ_A4CF7A503965,17,150.0,v0.1
INS_0EB83372ECC2,REQ_1C72888D8D19,18,12090.0,v0.1
INS_0EB83372ECC2,REQ_3528AD55B899,19,1230.0,v0.1
INS_0EB83372ECC2,REQ_E0B11E5A16B4,20,2250.0,v0.1
INS_192EE98D6A61,REQ_F6D705542F1C,0,13680.0,v0.1
INS_192EE98D6A61,REQ_DED8AA21E0B6,1,29790.0,v0.1
INS_192EE98D6A61,REQ_CFCB418FB1B4,2,30000.0,v0.1
INS_192EE98D6A61,REQ_0391EBB527B6,3,30000.0,v0.1
INS_192EE98D6A61,REQ_3A14AA639842,4,30000.0,v0.1
INS_192EE98D6A61,REQ_BD3278D236A9,5,12460.0,v0.1
INS_192EE98D6A61,REQ_74A931FA1079,6,18820.0,v0.1
INS_192EE98D6A61,REQ_75F10E935EE1,7,30000.0,v0.1
INS_192EE98D6A61,REQ_5128C36DC078,8,17060.0,v0.1
INS_192EE98D6A61,REQ_2BEAC4526E54,9,30000.0,v0.1
INS_192EE98D6A61,REQ_948820C577EE,10,30000.0,v0.1
INS_192EE98D6A61,REQ_2D6D358E8DCC,11,30000.0,v0.1
INS_9BDF9CFAF1C7,REQ_9BEBE9D039F4,0,2370.0,v0.1
INS_9BDF9CFAF1C7,REQ_963F5F749881,1,960.0,v0.1
INS_9BDF9CFAF1C7,REQ_E466DB32427B,2,1640.0,v0.1
INS_9BDF9CFAF1C7,REQ_1C5835E7D51A,3,1140.0,v0.1
INS_9BDF9CFAF1C7,REQ_D36873AC4FA3,4,9690.0,v0.1
INS_9BDF9CFAF1C7,REQ_E12F4CEF655C,5,16660.0,v0.1
INS_9BDF9CFAF1C7,REQ_B22E7027066D,6,22760.0,v0.1
INS_9BDF9CFAF1C7,REQ_D9E1E8D69ED7,7,1600.0,v0.1
INS_9BDF9CFAF1C7,REQ_B17719ECB107,8,6250.0,v0.1
INS_9BDF9CFAF1C7,REQ_8694747D0481,9,19350.0,v0.1
INS_9BDF9CFAF1C7,REQ_469AB51B8F02,10,1750.0,v0.1
INS_9BDF9CFAF1C7,REQ_60EC36F718BD,11,720.0,v0.1
INS_9BDF9CFAF1C7,REQ_05E9AC25E870,12,10650.0,v0.1
INS_9BDF9CFAF1C7,REQ_7D93A6859216,13,30000.0,v0.1
INS_9BDF9CFAF1C7,REQ_A1F27467A8D2,14,10830.0,v0.1
INS_9BDF9CFAF1C7,REQ_75F6B3151749,15,7360.0,v0.1
INS_9BDF9CFAF1C7,REQ_743669F97C7C,16,8450.0,v0.1
INS_9BDF9CFAF1C7,REQ_AE7F81461CD1,17,1580.0,v0.1
INS_9BDF9CFAF1C7,REQ_ACB73E463071,18,5560.0,v0.1
INS_9BDF9CFAF1C7,REQ_9DCE276F6D66,19,27970.0,v0.1
INS_9BDF9CFAF1C7,REQ_AE1D37353949,20,910.0,v0.1
INS_9BDF9CFAF1C7,REQ_C89669CBAB35,21,560.0,v0.1
INS_9BDF9CFAF1C7,REQ_74C46B7FF3E6,22,720.0,v0.1
INS_9BDF9CFAF1C7,REQ_B8E67786120C,23,14600.0,v0.1
INS_9BDF9CFAF1C7,REQ_5CF9A992788C,24,24350.0,v0.1
INS_9BDF9CFAF1C7,REQ_E10520852CC0,25,6350.0,v0.1
INS_9BDF9CFAF1C7,REQ_14B8715AC6C8,26,440.0,v0.1
INS_9BDF9CFAF1C7,REQ_4FE6290F57BB,27,12150.0,v0.1
INS_9BDF9CFAF1C7,REQ_B6831374D856,28,30000.0,v0.1
INS_9BDF9CFAF1C7,REQ_409607B57ABE,29,5350.0,v0.1
INS_9BDF9CFAF1C7,REQ_EC8A922F2A44,30,1160.0,v0.1
INS_9BDF9CFAF1C7,REQ_8DF3F0BBB18A,31,700.0,v0.1
INS_9BDF9CFAF1C7,REQ_8EAF26E42F9C,32,30000.0,v0.1
INS_9BDF9CFAF1C7,REQ_35140E03B8B3,33,4750.0,v0.1
INS_9BDF9CFAF1C7,REQ_3013A1519436,34,1620.0,v0.1
INS_9BDF9CFAF1C7,REQ_9202E23FE1BF,35,430.0,v0.1
INS_9BDF9CFAF1C7,REQ_8529BDFCD82A,36,2120.0,v0.1
INS_9BDF9CFAF1C7,REQ_8C5331F0A410,37,150.0,v0.1
INS_9BDF9CFAF1C7,REQ_74BD644895D5,38,16840.0,v0.1
INS_9BDF9CFAF1C7,REQ_636E4CBC0E87,39,10760.0,v0.1
INS_9BDF9CFAF1C7,REQ_E6011102DD02,40,2750.0,v0.1
INS_9BDF9CFAF1C7,REQ_75894A695F4A,41,7660.0,v0.1
INS_9BDF9CFAF1C7,REQ_48D36A98A645,42,5450.0,v0.1
INS_9BDF9CFAF1C7,REQ_E7FDFEC089D6,43,360.0,v0.1
INS_9BDF9CFAF1C7,REQ_4A21D6558B6F,44,880.0,v0.1
INS_9BDF9CFAF1C7,REQ_A3234DB1FC68,45,410.0,v0.1
INS_9BDF9CFAF1C7,REQ_3FA4FBF6FFD8,46,1939.9999999999998,v0.1
INS_9BDF9CFAF1C7,REQ_3CB96AB1343B,47,1800.0,v0.1
INS_9BDF9CFAF1C7,REQ_E37AACE1C26E,48,30000.0,v0.1
INS_9BDF9CFAF1C7,REQ_B24DE3002D1B,49,12460.0,v0.1
INS_9BDF9CFAF1C7,REQ_766FF0680535,50,9590.0,v0.1
INS_9BDF9CFAF1C7,REQ_EA31CEF68DB7,51,30000.0,v0.1
INS_9BDF9CFAF1C7,REQ_07002C285A1B,52,1290.0,v0.1
INS_9BDF9CFAF1C7,REQ_07C608ABF3F0,53,27400.0,v0.1
INS_9BDF9CFAF1C7,REQ_EFF8C63C395B,54,900.0,v0.1
INS_9BDF9CFAF1C7,REQ_951114B8F62D,55,30000.0,v0.1
INS_9BDF9CFAF1C7,REQ_EDE99C35D9F2,56,420.0,v0.1
INS_9BDF9CFAF1C7,REQ_3214F41E8166,57,7730.0,v0.1
INS_D29C9AAB86E7,REQ_E629FD0DAA0A,0,10650.0,v0.1
INS_D29C9AAB86E7,REQ_353659939B55,1,4170.0,v0.1
INS_D29C9AAB86E7,REQ_3F8D90E7B904,2,12900.0,v0.1
INS_D29C9AAB86E7,REQ_1EE226D19579,3,11900.0,v0.1
INS_601D624F7398,REQ_CBE58178588E,0,10570.0,v0.1
INS_601D624F7398,REQ_811D4A5B9CC3,1,30000.0,v0.1
INS_601D624F7398,REQ_8F717200F89D,2,11430.0,v0.1
INS_601D624F7398,REQ_3EEBB86092EC,3,30000.0,v0.1
INS_601D624F7398,REQ_EDCDD411CC74,4,30000.0,v0.1
INS_601D624F7398,REQ_D83381E9970B,5,30000.0,v0.1
INS_601D624F7398,REQ_BBCB6F5C41EE,6,27060.0,v0.1
INS_601D624F7398,REQ_1FF03DAE2839,7,30000.0,v0.1
INS_601D624F7398,REQ_5397DF010582,8,30000.0,v0.1
INS_601D624F7398,REQ_FDD057568520,9,30000.0,v0.1
INS_601D624F7398,REQ_A7BC46973A10,10,15700.0,v0.1
INS_601D624F7398,REQ_7CF9F5A90A05,11,14280.0,v0.1
INS_601D624F7398,REQ_57FD9283ECDD,12,13890.0,v0.1
INS_601D624F7398,REQ_05284FE85B1C,13,25360.0,v0.1
INS_601D624F7398,REQ_D6A702805405,14,13950.0,v0.1
INS_601D624F7398,REQ_546A19D960B0,15,30000.0,v0.1
INS_601D624F7398,REQ_8D6E1C7C1E4E,16,30000.0,v0.1
INS_E3547B2CE4F6,REQ_7F35A3B51B46,0,14420.0,v0.1
INS_E3547B2CE4F6,REQ_DBA4E7252854,1,9400.0,v0.1
INS_E3547B2CE4F6,REQ_23597F191A8D,2,11100.0,v0.1
INS_E3547B2CE4F6,REQ_3418D62F8989,3,30000.0,v0.1
INS_E3547B2CE4F6,REQ_50A2F45747C0,4,9160.0,v0.1
INS_E3547B2CE4F6,REQ_C4C88F09234B,5,15140.0,v0.1
INS_E3547B2CE4F6,REQ_7C94B21AD1E4,6,30000.0,v0.1
INS_E3547B2CE4F6,REQ_53FCCA9803C4,7,11710.0,v0.1
INS_E3547B2CE4F6,REQ_BC4F48241900,8,30000.0,v0.1
INS_E3547B2CE4F6,REQ_7868BDF12EC9,9,3560.0,v0.1
INS_341DDDD76007,REQ_E3C13FE787E2,0,550.0,v0.1
INS_341DDDD76007,REQ_7FEC67C0E5C9,1,1920.0,v0.1
INS_341DDDD76007,REQ_CE0963CC7195,2,5870.0,v0.1
INS_341DDDD76007,REQ_211D02A286FF,3,1500.0,v0.1
INS_341DDDD76007,REQ_691687E279EF,4,30000.0,v0.1
INS_341DDDD76007,REQ_DF54D746A290,5,869.9999999999999,v0.1
INS_341DDDD76007,REQ_79CD69B16BA4,6,20330.0,v0.1
INS_341DDDD76007,REQ_CB18AC6582DA,7,30000.0,v0.1
INS_341DDDD76007,REQ_22218F9B90F5,8,30000.0,v0.1
INS_341DDDD76007,REQ_99AC92F8B63E,9,500.0,v0.1
INS_341DDDD76007,REQ_CC163FF1408C,10,30000.0,v0.1
INS_341DDDD76007,REQ_2485C392F3E7,11,2010.0000000000002,v0.1
INS_341DDDD76007,REQ_272E63DDEAF8,12,2300.0,v0.1
INS_341DDDD76007,REQ_B45D205221CC,13,16190.000000000002,v0.1
INS_341DDDD76007,REQ_1B9D26E31C66,14,1270.0,v0.1
INS_74FAC31E7D8F,REQ_853B86D8F415,0,5070.0,v0.1
INS_74FAC31E7D8F,REQ_73BBDAD55772,1,1320.0,v0.1
INS_74FAC31E7D8F,REQ_DFE87EB0C84B,2,2700.0,v0.1
INS_74FAC31E7D8F,REQ_01DD7C2745AD,3,2490.0,v0.1
INS_74FAC31E7D8F,REQ_0945B3EF1EB3,4,250.0,v0.1
INS_74FAC31E7D8F,REQ_BB476DB89A08,5,13180.0,v0.1
INS_74FAC31E7D8F,REQ_0FF848812470,6,320.0,v0.1
INS_74FAC31E7D8F,REQ_4148F37F718F,7,27710.0,v0.1
INS_74FAC31E7D8F,REQ_7E4B89D68462,8,2350.0,v0.1
INS_74FAC31E7D8F,REQ_D21BFC4E3EB3,9,1340.0,v0.1
INS_74FAC31E7D8F,REQ_683945FF7644,10,2930.0,v0.1
INS_74FAC31E7D8F,REQ_F054A524EED7,11,3860.0,v0.1
INS_74FAC31E7D8F,REQ_B5B8C56177A6,12,1220.0,v0.1
INS_74FAC31E7D8F,REQ_C4921B860D1D,13,510.0,v0.1
INS_74FAC31E7D8F,REQ_FB4A742EA796,14,22220.0,v0.1
INS_74FAC31E7D8F,REQ_A96545F290A2,15,4200.0,v0.1
INS_74FAC31E7D8F,REQ_B286E8FC4664,16,1300.0,v0.1
INS_74FAC31E7D8F,REQ_F2B61E6AD832,17,760.0,v0.1
INS_74FAC31E7D8F,REQ_6DF9BF768BED,18,30000.0,v0.1
INS_74FAC31E7D8F,REQ_29605C7FA913,19,11560.0,v0.1
INS_74FAC31E7D8F,REQ_EA8383D529C8,20,18670.0,v0.1
INS_74FAC31E7D8F,REQ_53EBB8A38DD9,21,3130.0,v0.1
INS_74FAC31E7D8F,REQ_3B04301BBDFE,22,940.0,v0.1
INS_74FAC31E7D8F,REQ_82361110B141,23,1350.0,v0.1
INS_74FAC31E7D8F,REQ_19720B6DD119,24,930.0000000000001,v0.1
INS_74FAC31E7D8F,REQ_16ADBBC041A3,25,650.0,v0.1
INS_74FAC31E7D8F,REQ_613F12EDC175,26,960.0,v0.1
INS_40EF78CB59A6,REQ_7EE87CB7929B,0,3330.0,v0.1
INS_40EF78CB59A6,REQ_ECA3480848AE,1,3880.0,v0.1
INS_40EF78CB59A6,REQ_0875FF28DEA8,2,250.0,v0.1
INS_40EF78CB59A6,REQ_278A14F146EA,3,390.0,v0.1
INS_40EF78CB59A6,REQ_D8BE48ED7FDE,4,3080.0,v0.1
INS_40EF78CB59A6,REQ_6AB9739A608E,5,30000.0,v0.1
INS_40EF78CB59A6,REQ_3999AC9B7542,6,270.0,v0.1
INS_40EF78CB59A6,REQ_B07B6770A8AF,7,90.0,v0.1
INS_40EF78CB59A6,REQ_CE3455DB88C0,8,9260.0,v0.1
INS_40EF78CB59A6,REQ_9A8B3F974AA1,9,21770.0,v0.1
INS_40EF78CB59A6,REQ_A37294C566DB,10,23020.0,v0.1
INS_40EF78CB59A6,REQ_C241B50D74CB,11,7380.0,v0.1
INS_40EF78CB59A6,REQ_CD3138801AB8,12,80.0,v0.1
INS_40EF78CB59A6,REQ_E4EF27D11EA0,13,24180.0,v0.1
INS_40EF78CB59A6,REQ_8B58A6ED8196,14,430.0,v0.1
INS_40EF78CB59A6,REQ_9E7C91C0AEF0,15,80.0,v0.1
INS_40EF78CB59A6,REQ_2B57DB723306,16,13240.0,v0.1
INS_40EF78CB59A6,REQ_62F7D31C3A9B,17,10130.0,v0.1
INS_40EF78CB59A6,REQ_7973ADD2994E,18,320.0,v0.1
INS_40EF78CB59A6,REQ_332D30EF20E9,19,30000.0,v0.1
INS_40EF78CB59A6,REQ_24ACF5DD0CD8,20,7550.0,v0.1
INS_40EF78CB59A6,REQ_D247F8408562,21,7950.0,v0.1
INS_40EF78CB59A6,REQ_9992BE8B594D,22,100.0,v0.1
INS_40EF78CB59A6,REQ_21C768BD8F3A,23,310.0,v0.1
INS_40EF78CB59A6,REQ_E3A4C96F2545,24,6630.0,v0.1
INS_40EF78CB59A6,REQ_494809896FB1,25,30000.0,v0.1
INS_40EF78CB59A6,REQ_F0BE63F95380,26,4390.0,v0.1
INS_40EF78CB59A6,REQ_0B4782F7DADB,27,4300.0,v0.1
INS_40EF78CB59A6,REQ_EF615D67E644,28,19860.0,v0.1
INS_40EF78CB59A6,REQ_03BB0869FE97,29,13930.0,v0.1
INS_40EF78CB59A6,REQ_B8BC7A88DD3F,30,3340.0,v0.1
INS_40EF78CB59A6,REQ_B8626305861C,31,30000.0,v0.1
INS_40EF78CB59A6,REQ_4A46C627B068,32,30000.0,v0.1
INS_40EF78CB59A6,REQ_945A4A3DB574,33,13210.0,v0.1
INS_B89CA14EF28C,REQ_BC3AE572C21A,0,30000.0,v0.1
INS_B89CA14EF28C,REQ_A095E3AC1D21,1,30000.0,v0.1
INS_B89CA14EF28C,REQ_A683694C8366,2,30000.0,v0.1
INS_B89CA14EF28C,REQ_24B4F438D94F,3,30000.0,v0.1
INS_B89CA14EF28C,REQ_B65209DD6FB1,4,30000.0,v0.1
INS_B89CA14EF28C,REQ_18D05FE184DB,5,30000.0,v0.1
INS_B89CA14EF28C,REQ_B2B151895B58,6,30000.0,v0.1
INS_B89CA14EF28C,REQ_3D137029DB76,7,30000.0,v0.1
INS_90F39589A482,REQ_0F98B3F29A56,0,4200.0,v0.1
INS_90F39589A482,REQ_1E82912163A2,1,2280.0,v0.1
INS_90F39589A482,REQ_86F3635F3078,2,800.0,v0.1
INS_90F39589A482,REQ_0FA67AC6E1BB,3,2860.0,v0.1
INS_90F39589A482,REQ_C16029F971C3,4,19140.0,v0.1
INS_90F39589A482,REQ_CC4F72F2DC6D,5,12210.0,v0.1
INS_90F39589A482,REQ_BAC809787B84,6,9550.0,v0.1
INS_90F39589A482,REQ_07002C285A1B,7,1290.0,v0.1
INS_90F39589A482,REQ_1DB89EECF590,8,4090.0,v0.1
INS_90F39589A482,REQ_4F801F8FFBC3,9,3130.0,v0.1
INS_90F39589A482,REQ_9BEBE9D039F4,10,2370.0,v0.1
INS_90F39589A482,REQ_F844496D64D1,11,23930.0,v0.1
INS_90F39589A482,REQ_9239EFA85E63,12,10030.0,v0.1
INS_754BC162412F,REQ_AF4AD3A6611A,0,30000.0,v0.1
INS_754BC162412F,REQ_D5C0823C508F,1,30000.0,v0.1
INS_754BC162412F,REQ_3289994686B7,2,1300.0,v0.1
INS_754BC162412F,REQ_456183782830,3,3720.0,v0.1
INS_754BC162412F,REQ_366C833A8E00,4,23530.0,v0.1
INS_754BC162412F,REQ_0026DF0F3379,5,1280.0,v0.1
INS_754BC162412F,REQ_446D7101E3D6,6,4900.0,v0.1
INS_754BC162412F,REQ_1665CDC9FA53,7,1040.0,v0.1
INS_754BC162412F,REQ_8953988849D3,8,4590.0,v0.1
INS_754BC162412F,REQ_5B742F7E9245,9,7560.0,v0.1
INS_754BC162412F,REQ_A133862D12B5,10,10830.0,v0.1
INS_754BC162412F,REQ_9FFEC997C53F,11,30000.0,v0.1
INS_754BC162412F,REQ_55FB1D421FCF,12,30000.0,v0.1
INS_754BC162412F,REQ_D10BC4BAE9C8,13,130.0,v0.1
INS_754BC162412F,REQ_A2E4419623D1,14,30000.0,v0.1
INS_97C7B12EAC66,REQ_B2B151895B58,0,30000.0,v0.1
INS_97C7B12EAC66,REQ_24B4F438D94F,1,30000.0,v0.1
INS_97C7B12EAC66,REQ_BC3AE572C21A,2,30000.0,v0.1
INS_97C7B12EAC66,REQ_A095E3AC1D21,3,30000.0,v0.1
INS_97C7B12EAC66,REQ_3D137029DB76,4,30000.0,v0.1
INS_97C7B12EAC66,REQ_B65209DD6FB1,5,30000.0,v0.1
INS_97C7B12EAC66,REQ_A683694C8366,6,30000.0,v0.1
INS_97C7B12EAC66,REQ_18D05FE184DB,7,30000.0,v0.1
INS_0ED5FB87413A,REQ_6B60441FF210,0,130.0,v0.1
INS_0ED5FB87413A,REQ_900BBD7B15EE,1,310.0,v0.1
INS_0ED5FB87413A,REQ_F9978F15ABAA,2,580.0,v0.1
INS_0ED5FB87413A,REQ_40A0A8AF9503,3,5520.0,v0.1
INS_0ED5FB87413A,REQ_63EDFDB54457,4,200.0,v0.1
INS_0ED5FB87413A,REQ_968AE644B95E,5,8500.0,v0.1
INS_0ED5FB87413A,REQ_411608734603,6,14260.0,v0.1
INS_0ED5FB87413A,REQ_147893AB1A01,7,27300.0,v0.1
INS_0ED5FB87413A,REQ_86F18819F99B,8,30000.0,v0.1
INS_0ED5FB87413A,REQ_D30F0B9C85D9,9,23470.0,v0.1
INS_0ED5FB87413A,REQ_63E738F50E16,10,17530.0,v0.1
INS_0ED5FB87413A,REQ_4BC63D0A46B4,11,800.0,v0.1
INS_0ED5FB87413A,REQ_4C0C5015A487,12,7450.0,v0.1
INS_0ED5FB87413A,REQ_2EB8E4563957,13,1250.0,v0.1
INS_0ED5FB87413A,REQ_830A729F981E,14,10450.0,v0.1
INS_0ED5FB87413A,REQ_21ECA20ADFEF,15,9870.0,v0.1
INS_0ED5FB87413A,REQ_DDB3A2931FEE,16,6509.999999999999,v0.1
INS_0ED5FB87413A,REQ_A1D42BE926AF,17,680.0,v0.1
INS_0ED5FB87413A,REQ_3413E659E340,18,300.0,v0.1
INS_0ED5FB87413A,REQ_F6F2F12981B5,19,2460.0,v0.1
INS_DD421AC38BDC,REQ_DD0BA34AE6D3,0,25460.0,v0.1
INS_DD421AC38BDC,REQ_9943A02FAE4D,1,490.00000000000006,v0.1
INS_DD421AC38BDC,REQ_E3DA83A4ED11,2,30000.0,v0.1
INS_DD421AC38BDC,REQ_4B613C134B9D,3,80.0,v0.1
INS_DD421AC38BDC,REQ_BA76AA02AF56,4,30000.0,v0.1
INS_DD421AC38BDC,REQ_0FCA6D4EB078,5,30000.0,v0.1
INS_DD421AC38BDC,REQ_2981BF6997A8,6,30000.0,v0.1
INS_DD421AC38BDC,REQ_99B1B9C33D1E,7,7975.0,v0.1
INS_DD421AC38BDC,REQ_E9764B8088F2,8,6600.0,v0.1
INS_DD421AC38BDC,REQ_B3F3E7F7C821,9,300.0,v0.1
INS_DD421AC38BDC,REQ_0EC61D7BF52C,10,30000.0,v0.1
INS_DD421AC38BDC,REQ_E8654769B9E7,11,1050.0,v0.1
INS_DD421AC38BDC,REQ_29BBBE80CF6A,12,7750.0,v0.1
INS_DD421AC38BDC,REQ_780E8B8293B6,13,8900.0,v0.1
INS_DD421AC38BDC,REQ_6481B9A2DC08,14,9130.0,v0.1
INS_ABBB74A6DADA,REQ_DBA6A9B392E1,0,2250.0,v0.1
INS_ABBB74A6DADA,REQ_E61FACF1A599,1,10080.0,v0.1
INS_ABBB74A6DADA,REQ_851314175D90,2,4750.0,v0.1
INS_ABBB74A6DADA,REQ_5894D64C974A,3,520.0,v0.1
INS_ABBB74A6DADA,REQ_478835E366BE,4,1810.0,v0.1
INS_ABBB74A6DADA,REQ_9DD0845491E2,5,1520.0,v0.1
INS_ABBB74A6DADA,REQ_538E6311055B,6,30000.0,v0.1
INS_ABBB74A6DADA,REQ_5704B3F354D5,7,10120.0,v0.1
INS_ABBB74A6DADA,REQ_33B01AF19B98,8,9460.0,v0.1
INS_ABBB74A6DADA,REQ_9ECF0AD867E7,9,600.0,v0.1
INS_ABBB74A6DADA,REQ_DB98512CE6C5,10,250.0,v0.1
INS_ABBB74A6DADA,REQ_05E21E458774,11,2630.0,v0.1
INS_ABBB74A6DADA,REQ_C76089AE92C5,12,4040.0,v0.1
INS_ABBB74A6DADA,REQ_6BA84C4BC00F,13,1620.0,v0.1
INS_EBBF191B846C,REQ_773068D7947B,0,30000.0,v0.1
INS_EBBF191B846C,REQ_3D7A208600B1,1,550.0,v0.1
INS_EBBF191B846C,REQ_42BA3F62E030,2,1000.0,v0.1
INS_EBBF191B846C,REQ_AD6FB131E5D3,3,820.0,v0.1
INS_EBBF191B846C,REQ_1E1649441192,4,30000.0,v0.1
INS_EBBF191B846C,REQ_C13977DC5374,5,660.0,v0.1
INS_EBBF191B846C,REQ_AA2A15E11326,6,280.0,v0.1
INS_EBBF191B846C,REQ_599DB655D05D,7,9460.0,v0.1
INS_EBBF191B846C,REQ_4A574D652587,8,30000.0,v0.1
INS_C61593A2036C,REQ_146A5E298845,0,2450.0,v0.1
INS_C61593A2036C,REQ_66238CAFE1D2,1,1970.0,v0.1
INS_C61593A2036C,REQ_B715BB2D6F5B,2,9170.0,v0.1
INS_C61593A2036C,REQ_3B81821FE7E9,3,580.0,v0.1
INS_C61593A2036C,REQ_82E8150238B9,4,7760.0,v0.1
INS_C61593A2036C,REQ_8B1FAA897F08,5,4640.0,v0.1
INS_C61593A2036C,REQ_28D7CAE19AA4,6,890.0,v0.1
INS_C61593A2036C,REQ_E138B3B9DF9B,7,2200.0,v0.1
INS_C61593A2036C,REQ_CC37ADA407A1,8,22410.0,v0.1
INS_C61593A2036C,REQ_5F2BE19BBAD0,9,19300.0,v0.1
INS_C61593A2036C,REQ_F0A24A2123EE,10,1250.0,v0.1
INS_C61593A2036C,REQ_6E849F4814E2,11,1320.0,v0.1
INS_C61593A2036C,REQ_D55BEDA76FEC,12,509.99999999999994,v0.1
INS_C61593A2036C,REQ_42D6BED46BB5,13,1990.0,v0.1
INS_C61593A2036C,REQ_B4CC4818879E,14,3430.0,v0.1
INS_C61593A2036C,REQ_842AFBA5847D,15,29210.0,v0.1
INS_C61593A2036C,REQ_E7E1F283E94B,16,1580.0,v0.1
INS_C61593A2036C,REQ_80D47D3C5E83,17,30000.0,v0.1
INS_C61593A2036C,REQ_966CA34CFEC7,18,3970.0,v0.1
INS_C61593A2036C,REQ_778EBA8D1DF1,19,13050.0,v0.1
INS_C61593A2036C,REQ_F55AB1F845B0,20,500.0,v0.1
INS_C61593A2036C,REQ_C713AE8C844F,21,200.0,v0.1
INS_C61593A2036C,REQ_4E1BA3955A6E,22,570.0,v0.1
INS_C61593A2036C,REQ_4F2733BD3FE4,23,400.0,v0.1
INS_C61593A2036C,REQ_581450F8CDEC,24,24680.0,v0.1
INS_C61593A2036C,REQ_DB53CAE00F55,25,9580.0,v0.1
INS_1C4BCA0E5F52,REQ_0A433AB25905,0,1910.0,v0.1
INS_1C4BCA0E5F52,REQ_E1395EC408CD,1,1410.0,v0.1
INS_1C4BCA0E5F52,REQ_0EF2DC41CCFB,2,390.0,v0.1
INS_1C4BCA0E5F52,REQ_A3B9D5951F97,3,7980.0,v0.1
INS_1C4BCA0E5F52,REQ_7D8D8E06169D,4,30000.0,v0.1
INS_1C4BCA0E5F52,REQ_2D92DED237B1,5,270.0,v0.1
INS_1C4BCA0E5F52,REQ_205F985B77CD,6,400.0,v0.1
INS_1C4BCA0E5F52,REQ_4DC4B31ADD06,7,30000.0,v0.1
INS_1C4BCA0E5F52,REQ_92C0259A7690,8,3050.0,v0.1
INS_1C4BCA0E5F52,REQ_A5443336A0DA,9,29790.0,v0.1
INS_1C4BCA0E5F52,REQ_E8FB24254713,10,3710.0,v0.1
INS_1C4BCA0E5F52,REQ_ECD09C4ACF7B,11,409.99999999999994,v0.1
INS_1504390EB563,REQ_728DDDB512E2,0,15390.0,v0.1
INS_1504390EB563,REQ_2BD5A83B1127,1,3650.0,v0.1
INS_1504390EB563,REQ_5A26611C288D,2,780.0,v0.1
INS_1504390EB563,REQ_2EEC5049312D,3,30000.0,v0.1
INS_1504390EB563,REQ_BEB9D01BA9C9,4,20660.0,v0.1
INS_1504390EB563,REQ_E1F9AFE83265,5,18680.0,v0.1
INS_1504390EB563,REQ_2653E2CE72CA,6,9710.0,v0.1
INS_1504390EB563,REQ_A7D52D5D40B5,7,1050.0,v0.1
INS_1504390EB563,REQ_547A2F0DCF48,8,1000.0,v0.1
INS_1504390EB563,REQ_8C5A7B697C28,9,30000.0,v0.1
INS_1504390EB563,REQ_DD58CFB6E458,10,30000.0,v0.1
INS_1504390EB563,REQ_062703BB7AEE,11,30000.0,v0.1
INS_1504390EB563,REQ_A19DED5675AC,12,19330.0,v0.1
INS_1504390EB563,REQ_330ACE1EE88D,13,30000.0,v0.1
INS_1504390EB563,REQ_13AA883B4045,14,370.0,v0.1
INS_1504390EB563,REQ_F49596B45041,15,380.0,v0.1
INS_1504390EB563,REQ_416685A18601,16,90.0,v0.1
INS_1504390EB563,REQ_C939A1158F08,17,3710.0,v0.1
INS_DB6FC628FFE3,REQ_7C72D30A448C,0,3100.0,v0.1
INS_DB6FC628FFE3,REQ_F4E7F321DD0A,1,2920.0,v0.1
INS_DB6FC628FFE3,REQ_7FB80D59A592,2,5940.0,v0.1
INS_DB6FC628FFE3,REQ_40EB33472588,3,3730.0,v0.1
INS_DB6FC628FFE3,REQ_BCEEBC697E67,4,18630.0,v0.1
INS_DB6FC628FFE3,REQ_8BB7A0517888,5,6520.0,v0.1
INS_DB6FC628FFE3,REQ_113157369D55,6,13890.0,v0.1
INS_DB6FC628FFE3,REQ_5F1B6242C3DD,7,2150.0,v0.1
INS_DB6FC628FFE3,REQ_2D8D3C2E36C0,8,170.0,v0.1
INS_DB6FC628FFE3,REQ_E7570921FD30,9,3850.0,v0.1
INS_DB6FC628FFE3,REQ_A23E47A1C578,10,30000.0,v0.1
INS_DB6FC628FFE3,REQ_69D5162B9B63,11,25560.0,v0.1
INS_DB6FC628FFE3,REQ_E2C349ADE2C3,12,3670.0000000000005,v0.1
INS_DB6FC628FFE3,REQ_C1BE57E93AFE,13,900.0,v0.1
INS_DB6FC628FFE3,REQ_858297E2BB5A,14,1810.0,v0.1
INS_DB6FC628FFE3,REQ_47B0E5F4BD40,15,450.0,v0.1
INS_DB6FC628FFE3,REQ_153EF02BF03C,16,9530.0,v0.1
INS_DB6FC628FFE3,REQ_E5070CE01C4D,17,550.0,v0.1
INS_58B66C2E6E9B,REQ_BE1F8D32C830,0,450.0,v0.1
INS_58B66C2E6E9B,REQ_2B3350C2BB79,1,1180.0,v0.1
INS_58B66C2E6E9B,REQ_06E359693CA6,2,19720.0,v0.1
INS_58B66C2E6E9B,REQ_8B08EBC002F4,3,18810.0,v0.1
INS_58B66C2E6E9B,REQ_7C6CFAB774B8,4,260.0,v0.1
INS_58B66C2E6E9B,REQ_856F2F4A87A9,5,8080.0,v0.1
INS_58B66C2E6E9B,REQ_0138670D2C8E,6,1350.0,v0.1
INS_58B66C2E6E9B,REQ_E07B3BFA71F8,7,560.0,v0.1
INS_58B66C2E6E9B,REQ_24DBAFEB2A60,8,7470.0,v0.1
INS_58B66C2E6E9B,REQ_711B42A3C6CB,9,5800.0,v0.1
INS_58B66C2E6E9B,REQ_8B8432E315BF,10,20750.0,v0.1
INS_58B66C2E6E9B,REQ_3B2CEE462043,11,1760.0000000000002,v0.1
INS_58B66C2E6E9B,REQ_7C76B9607B35,12,17110.0,v0.1
INS_58B66C2E6E9B,REQ_5D0C60B5CACA,13,490.0,v0.1
INS_58B66C2E6E9B,REQ_72030E64FACE,14,420.0,v0.1
INS_58B66C2E6E9B,REQ_1A50FACC1630,15,590.0,v0.1
INS_58B66C2E6E9B,REQ_13EBFE8875AE,16,30000.0,v0.1
INS_58B66C2E6E9B,REQ_85F29648EDFB,17,590.0,v0.1
INS_58B66C2E6E9B,REQ_A9C2F26ECE15,18,3360.0,v0.1
INS_58B66C2E6E9B,REQ_E3C9472EFA47,19,28650.0,v0.1
INS_58B66C2E6E9B,REQ_B3928E4BD9B4,20,30000.0,v0.1
INS_58B66C2E6E9B,REQ_8CF0045721A5,21,720.0,v0.1
INS_58B66C2E6E9B,REQ_2840FC8E5178,22,30000.0,v0.1
INS_58B66C2E6E9B,REQ_6B28981D1765,23,6920.0,v0.1
INS_58B66C2E6E9B,REQ_A1A9AAB42BB1,24,7850.0,v0.1
INS_58B66C2E6E9B,REQ_2ED82E98DC42,25,1470.0,v0.1
INS_58B66C2E6E9B,REQ_DDA7268AAA4A,26,5300.0,v0.1
INS_58B66C2E6E9B,REQ_E286C30814AB,27,9530.0,v0.1
INS_58B66C2E6E9B,REQ_90EF14DFD406,28,24840.0,v0.1
INS_58B66C2E6E9B,REQ_FBB110998B9F,29,1460.0,v0.1
INS_58B66C2E6E9B,REQ_E2AFAB8BE5E9,30,30000.0,v0.1
INS_58B66C2E6E9B,REQ_5B7E2C86A08D,31,1450.0,v0.1
INS_58B66C2E6E9B,REQ_03F2E575E7EC,32,1900.0,v0.1
INS_58B66C2E6E9B,REQ_11EA2AEA0800,33,340.0,v0.1
INS_58B66C2E6E9B,REQ_10EEF4EF2288,34,400.0,v0.1
INS_58B66C2E6E9B,REQ_AD3CDE708C45,35,6975.0,v0.1
INS_58B66C2E6E9B,REQ_11075F6E529A,36,5110.0,v0.1
INS_58B66C2E6E9B,REQ_2D688831F738,37,1140.0,v0.1
INS_58B66C2E6E9B,REQ_F83DE89A1503,38,30000.0,v0.1
INS_58B66C2E6E9B,REQ_765DCF66C517,39,23310.0,v0.1
INS_58B66C2E6E9B,REQ_0E2C7F49756D,40,550.0,v0.1
INS_58B66C2E6E9B,REQ_AD7A4899FE08,41,2450.0,v0.1
INS_58B66C2E6E9B,REQ_6384D898B4B9,42,5420.0,v0.1
INS_58B66C2E6E9B,REQ_AD0B168DDEAB,43,6600.0,v0.1
INS_58B66C2E6E9B,REQ_B305A69875A5,44,850.0,v0.1
INS_58B66C2E6E9B,REQ_53BFB656D1A9,45,6270.0,v0.1
INS_58B66C2E6E9B,REQ_310154671481,46,1350.0,v0.1
INS_58B66C2E6E9B,REQ_47F5B132064A,47,3530.0,v0.1
INS_58B66C2E6E9B,REQ_3B9EF0191F4F,48,30000.0,v0.1
INS_58B66C2E6E9B,REQ_88E47B1B03EC,49,520.0,v0.1
INS_58B66C2E6E9B,REQ_392E0F074C7D,50,3060.0,v0.1
INS_F442E034AA9D,REQ_98CA6223E996,0,10810.0,v0.1
INS_F442E034AA9D,REQ_BFD5F4F6527C,1,25500.0,v0.1
INS_F442E034AA9D,REQ_E29227DA7391,2,10900.0,v0.1
INS_F442E034AA9D,REQ_3438AA0E21E8,3,150.0,v0.1
INS_F442E034AA9D,REQ_5E4D1C424DD5,4,2350.0,v0.1
INS_F442E034AA9D,REQ_365B32EEDD5A,5,4090.0,v0.1
INS_F442E034AA9D,REQ_FF02A839E6FF,6,2650.0,v0.1
INS_F442E034AA9D,REQ_B2C52C7A9EE7,7,30000.0,v0.1
INS_F442E034AA9D,REQ_0D09D8E2D46A,8,490.00000000000006,v0.1
INS_08D098CC8BDC,REQ_87E89B6D97F9,0,1580.0,v0.1
INS_08D098CC8BDC,REQ_B199A3328541,1,5740.0,v0.1
INS_08D098CC8BDC,REQ_DD5B21FCE5DD,2,310.0,v0.1
INS_08D098CC8BDC,REQ_88078A9079D9,3,1200.0,v0.1
INS_08D098CC8BDC,REQ_34B97FC1E9F7,4,100.0,v0.1
INS_08D098CC8BDC,REQ_142B67656247,5,6240.0,v0.1
INS_08D098CC8BDC,REQ_D55FD77AD237,6,8029.999999999999,v0.1
INS_08D098CC8BDC,REQ_42F1E80FFEC7,7,310.0,v0.1
INS_08D098CC8BDC,REQ_AAC946A1244E,8,20410.0,v0.1
INS_08D098CC8BDC,REQ_21ECA20ADFEF,9,9870.0,v0.1
INS_08D098CC8BDC,REQ_7C86D569F5D1,10,80.0,v0.1
INS_08D098CC8BDC,REQ_D02E5C5EB2FC,11,9300.0,v0.1
INS_A9D5E7121D0C,REQ_5DB843AC7447,0,1800.0,v0.1
INS_A9D5E7121D0C,REQ_9BC370C4FF78,1,1010.0,v0.1
INS_A9D5E7121D0C,REQ_AC7516980CDC,2,1120.0,v0.1
INS_A9D5E7121D0C,REQ_167DFBDD2CD0,3,990.0,v0.1
INS_A9D5E7121D0C,REQ_952302094D68,4,25790.0,v0.1
INS_A9D5E7121D0C,REQ_878B152114DC,5,1500.0,v0.1
INS_A9D5E7121D0C,REQ_93ED83801C15,6,16650.0,v0.1
INS_A9D5E7121D0C,REQ_DE060E4054B2,7,3300.0,v0.1
INS_C384B424E261,REQ_0AB732643EB4,0,6810.0,v0.1
INS_C384B424E261,REQ_716B1335873B,1,1960.0000000000002,v0.1
INS_C384B424E261,REQ_B65475F372D6,2,10200.0,v0.1
INS_C384B424E261,REQ_8F3F91DE13A8,3,3070.0,v0.1
INS_C384B424E261,REQ_29D92C0C4B45,4,30000.0,v0.1
INS_C384B424E261,REQ_FD97E1FF93AE,5,2100.0,v0.1
INS_C384B424E261,REQ_39423FC99B99,6,30000.0,v0.1
INS_C384B424E261,REQ_AB86E50F9728,7,20280.0,v0.1
INS_A6213B7ED5FB,REQ_8D4F7D426F20,0,6170.0,v0.1
INS_A6213B7ED5FB,REQ_2939A5BDA18F,1,550.0,v0.1
INS_A6213B7ED5FB,REQ_4B0BA39F6C34,2,13050.0,v0.1
INS_A6213B7ED5FB,REQ_E86956A2B884,3,30000.0,v0.1
INS_A6213B7ED5FB,REQ_CBF27A2DAACD,4,800.0,v0.1
INS_A6213B7ED5FB,REQ_A2016CEB1B9A,5,11440.0,v0.1
INS_A6213B7ED5FB,REQ_F7E253D0A958,6,30000.0,v0.1
INS_A6213B7ED5FB,REQ_88351F3B8D32,7,30000.0,v0.1
INS_A6213B7ED5FB,REQ_9854F22FFC9A,8,470.0,v0.1
INS_A6213B7ED5FB,REQ_C532521B97BC,9,30000.0,v0.1
INS_A6213B7ED5FB,REQ_031A651A7125,10,22580.0,v0.1
INS_A6213B7ED5FB,REQ_76B8F5282EED,11,14700.0,v0.1
INS_A6213B7ED5FB,REQ_D42A1DD1B1B3,12,4990.0,v0.1
INS_A6213B7ED5FB,REQ_072D5D427A73,13,16440.0,v0.1
INS_A6213B7ED5FB,REQ_61AAF1A16775,14,30000.0,v0.1
INS_A6213B7ED5FB,REQ_546A17E8F2F1,15,1550.0,v0.1
INS_A6213B7ED5FB,REQ_5DEC6F33BD84,16,30000.0,v0.1
INS_C1786ADD6E28,REQ_335956CBD0D0,0,1080.0,v0.1
INS_C1786ADD6E28,REQ_F44582B10D46,1,30000.0,v0.1
INS_C1786ADD6E28,REQ_3D1211D6D40D,2,620.0,v0.1
INS_C1786ADD6E28,REQ_A07E1895FF83,3,30000.0,v0.1
INS_C1786ADD6E28,REQ_27E7052ECB2D,4,1060.0,v0.1
INS_C1786ADD6E28,REQ_76AFAD80C5E8,5,30000.0,v0.1
INS_C1786ADD6E28,REQ_21AFB93DE244,6,2400.0,v0.1
INS_C1786ADD6E28,REQ_D0B8945A9B36,7,20290.0,v0.1
INS_C1786ADD6E28,REQ_7261391FB2B8,8,30000.0,v0.1
INS_C1786ADD6E28,REQ_1CFFE4486B23,9,1410.0,v0.1
INS_C1786ADD6E28,REQ_8D4774563168,10,750.0,v0.1
INS_C1786ADD6E28,REQ_4DA8926101BA,11,3200.0,v0.1
INS_C1786ADD6E28,REQ_DD550BDF3F4B,12,850.0,v0.1
INS_C1786ADD6E28,REQ_023A475BDD77,13,20040.0,v0.1
INS_C1786ADD6E28,REQ_DB9B1DA95D8C,14,520.0,v0.1
INS_C1786ADD6E28,REQ_CCB8D1280AA1,15,25580.0,v0.1
INS_C1786ADD6E28,REQ_ABB81C6FDD7A,16,550.0,v0.1
INS_C1786ADD6E28,REQ_8DE3139F7E84,17,600.0,v0.1
INS_C1786ADD6E28,REQ_E8EB2A97FA01,18,680.0,v0.1
INS_C1786ADD6E28,REQ_C0ABAE348393,19,26180.0,v0.1
INS_C1786ADD6E28,REQ_2EE69D58373E,20,250.0,v0.1
INS_C1786ADD6E28,REQ_5F35832E95C9,21,580.0,v0.1
INS_C1786ADD6E28,REQ_C23E7BDF33C2,22,13370.0,v0.1
INS_C1786ADD6E28,REQ_6485E8D17527,23,7020.0,v0.1
INS_741D2EFF9774,REQ_826E86D926C6,0,710.0,v0.1
INS_741D2EFF9774,REQ_7A2719CC178D,1,480.0,v0.1
INS_741D2EFF9774,REQ_D94FDB223C4D,2,430.0,v0.1
INS_741D2EFF9774,REQ_47D35A3B912A,3,3200.0,v0.1
INS_741D2EFF9774,REQ_D2EFD0E85C56,4,5400.0,v0.1
INS_741D2EFF9774,REQ_16E8A998F0ED,5,2120.0,v0.1
INS_741D2EFF9774,REQ_825261CDD8EB,6,790.0,v0.1
INS_741D2EFF9774,REQ_0729C419D8C9,7,5100.0,v0.1
INS_741D2EFF9774,REQ_182173AFBC70,8,1080.0,v0.1
INS_741D2EFF9774,REQ_66F40282C41B,9,280.0,v0.1
INS_741D2EFF9774,REQ_D16FCB8A6CE4,10,1580.0,v0.1
INS_741D2EFF9774,REQ_E6569D97AA69,11,2130.0,v0.1
INS_741D2EFF9774,REQ_CE41E173CA55,12,30000.0,v0.1
INS_741D2EFF9774,REQ_06592BFD1EB6,13,240.0,v0.1
INS_741D2EFF9774,REQ_729CD8EFA918,14,1380.0,v0.1
INS_741D2EFF9774,REQ_D7CA9A9B374C,15,3870.0000000000005,v0.1
INS_741D2EFF9774,REQ_1A11C44D63F3,16,3370.0000000000005,v0.1
INS_741D2EFF9774,REQ_0751CE2CF34E,17,6280.0,v0.1
INS_741D2EFF9774,REQ_39486A7BF12B,18,1600.0,v0.1
INS_741D2EFF9774,REQ_99BD7F218CB0,19,300.0,v0.1
INS_741D2EFF9774,REQ_599DAE8C5E05,20,3440.0,v0.1
INS_741D2EFF9774,REQ_178A6C945D5B,21,2640.0,v0.1
INS_D7686D634DD6,REQ_061D6AE8E285,0,26910.0,v0.1
INS_D7686D634DD6,REQ_3214F41E8166,1,7730.0,v0.1
INS_D7686D634DD6,REQ_BB7904099E5F,2,30000.0,v0.1
INS_D7686D634DD6,REQ_EC8A922F2A44,3,1160.0,v0.1
INS_D7686D634DD6,REQ_289A249AADB9,4,520.0,v0.1
INS_D7686D634DD6,REQ_7CB59BFE5CA9,5,31370.0,v0.1
INS_D7686D634DD6,REQ_4CC608F3275D,6,27300.0,v0.1
INS_D7686D634DD6,REQ_D65BAEAC640C,7,11190.0,v0.1
INS_D7686D634DD6,REQ_1122E372081D,8,18830.0,v0.1
INS_D7686D634DD6,REQ_8C5331F0A410,9,150.0,v0.1
INS_D7686D634DD6,REQ_3C77F0C6D249,10,17210.0,v0.1
INS_D7686D634DD6,REQ_82B6B3C3D714,11,30000.0,v0.1
INS_D7686D634DD6,REQ_90B248A61ED5,12,10630.0,v0.1
INS_D7686D634DD6,REQ_EDE99C35D9F2,13,420.0,v0.1
INS_85B043F6B3CE,REQ_861C44226119,0,30000.0,v0.1
INS_85B043F6B3CE,REQ_947D65C5F540,1,9350.0,v0.1
INS_85B043F6B3CE,REQ_D463AD30912A,2,1750.0,v0.1
INS_85B043F6B3CE,REQ_A953EDCF02EB,3,200.0,v0.1
INS_85B043F6B3CE,REQ_74DD74A84310,4,25130.0,v0.1
INS_85B043F6B3CE,REQ_C96CC75FC21E,5,17700.0,v0.1
INS_85B043F6B3CE,REQ_39C20B112661,6,1240.0,v0.1
INS_85B043F6B3CE,REQ_ABEA462EF0DC,7,3430.0,v0.1
INS_85B043F6B3CE,REQ_CB8B8B0AA151,8,11850.0,v0.1
INS_85B043F6B3CE,REQ_65F340601FAE,9,30000.0,v0.1
INS_85B043F6B3CE,REQ_B407853D6625,10,459.99999999999994,v0.1
INS_58E55EAAEEB9,REQ_850EED8FF22B,0,300.0,v0.1
INS_58E55EAAEEB9,REQ_9ACE9420B82F,1,5900.0,v0.1
INS_58E55EAAEEB9,REQ_6A8E47878158,2,3840.0,v0.1
INS_58E55EAAEEB9,REQ_A5D734A5866E,3,30000.0,v0.1
INS_58E55EAAEEB9,REQ_662CAD578F83,4,30000.0,v0.1
INS_58E55EAAEEB9,REQ_0DA24294D1D0,5,3410.0,v0.1
INS_58E55EAAEEB9,REQ_4BE818B53308,6,3740.0,v0.1
INS_58E55EAAEEB9,REQ_C748D4922CE8,7,3610.0,v0.1
INS_58E55EAAEEB9,REQ_A421F926F441,8,4680.0,v0.1
INS_58E55EAAEEB9,REQ_F1135D064243,9,850.0,v0.1
INS_58E55EAAEEB9,REQ_79E0BA78084A,10,270.0,v0.1
INS_58E55EAAEEB9,REQ_EBB543478EE9,11,790.0,v0.1
INS_58E55EAAEEB9,REQ_EB1BB41A6CD1,12,240.0,v0.1
INS_58E55EAAEEB9,REQ_2387040C3218,13,130.0,v0.1
INS_58E55EAAEEB9,REQ_2CE073FA59BA,14,6150.0,v0.1
INS_58E55EAAEEB9,REQ_2A855A6F9F17,15,500.0,v0.1
INS_074B1FFEC9D9,REQ_D7C981DEE0E7,0,7309.999999999999,v0.1
INS_074B1FFEC9D9,REQ_A673DE68CE58,1,26980.0,v0.1
INS_074B1FFEC9D9,REQ_B884FFFCE234,2,30000.0,v0.1
INS_074B1FFEC9D9,REQ_895E7DF735BD,3,14200.0,v0.1
INS_074B1FFEC9D9,REQ_75AB6204EF53,4,390.0,v0.1
INS_074B1FFEC9D9,REQ_BC1B952684D8,5,30000.0,v0.1
INS_074B1FFEC9D9,REQ_2A92DFD89864,6,17760.0,v0.1
INS_074B1FFEC9D9,REQ_05AC31DD7CD8,7,9310.0,v0.1
INS_074B1FFEC9D9,REQ_6C087EA6F86F,8,30000.0,v0.1
INS_074B1FFEC9D9,REQ_788FAF911A5E,9,550.0,v0.1
INS_074B1FFEC9D9,REQ_C21D9002E4B1,10,22540.0,v0.1
INS_0EF6DA65F475,REQ_FC2D6C2CB09E,0,5320.0,v0.1
INS_0EF6DA65F475,REQ_35396231875D,1,30000.0,v0.1
INS_0EF6DA65F475,REQ_69DEA183057C,2,2500.0,v0.1
INS_0EF6DA65F475,REQ_29ABA37B70BE,3,130.0,v0.1
INS_0EF6DA65F475,REQ_611C1D2F437A,4,4530.0,v0.1
INS_0EF6DA65F475,REQ_B8A82A32F893,5,5460.0,v0.1
INS_0EF6DA65F475,REQ_9B5B52573EC3,6,570.0,v0.1
INS_0EF6DA65F475,REQ_A91ED6995910,7,20790.0,v0.1
INS_0EF6DA65F475,REQ_FF73EB3B22C9,8,500.0,v0.1
INS_0EF6DA65F475,REQ_5644CF490884,9,30000.0,v0.1
INS_0EF6DA65F475,REQ_3609B3D48979,10,500.0,v0.1
INS_0EF6DA65F475,REQ_5B95A6F42BC3,11,250.0,v0.1
INS_0EF6DA65F475,REQ_2A296A8700CC,12,1810.0000000000002,v0.1
INS_0EF6DA65F475,REQ_C15E9D2FC5FF,13,3360.0,v0.1
INS_0EF6DA65F475,REQ_2E52CDCC7C47,14,1490.0,v0.1
INS_0EF6DA65F475,REQ_E738AC80FD84,15,6270.0,v0.1
INS_0EF6DA65F475,REQ_1637A42798C7,16,5690.0,v0.1
INS_0EF6DA65F475,REQ_8B593E635B84,17,2270.0,v0.1
INS_0EF6DA65F475,REQ_4D5CEA08E8AD,18,5750.0,v0.1
INS_0EF6DA65F475,REQ_0048346BFE2B,19,8250.0,v0.1
INS_0EF6DA65F475,REQ_1E64FD16C4AB,20,30000.0,v0.1
INS_0EF6DA65F475,REQ_F73134174F5B,21,3550.0,v0.1
INS_0EF6DA65F475,REQ_7C8B8D0C4A82,22,30000.0,v0.1
INS_0EF6DA65F475,REQ_832513955C46,23,11440.0,v0.1
INS_0EF6DA65F475,REQ_9D22CE7E3594,24,4110.0,v0.1
INS_0EF6DA65F475,REQ_8FDBB47164EE,25,1540.0,v0.1
INS_0EF6DA65F475,REQ_77244DB08E36,26,4600.0,v0.1
INS_0EF6DA65F475,REQ_FF7A4E569DDF,27,210.0,v0.1
INS_0EF6DA65F475,REQ_307F4241C0E1,28,30000.0,v0.1
INS_0EF6DA65F475,REQ_C5874835CDD2,29,2840.0,v0.1
INS_321D0FFB4A52,REQ_805EA5FEED5F,0,2410.0,v0.1
INS_321D0FFB4A52,REQ_D62795A96C40,1,30000.0,v0.1
INS_321D0FFB4A52,REQ_F62143B202A6,2,1920.0,v0.1
INS_321D0FFB4A52,REQ_6182F7249B9A,3,530.0,v0.1
INS_321D0FFB4A52,REQ_A922C60B56A4,4,30000.0,v0.1
INS_321D0FFB4A52,REQ_4BADC816B436,5,30000.0,v0.1
INS_321D0FFB4A52,REQ_17A61A88123D,6,2230.0,v0.1
INS_321D0FFB4A52,REQ_BBEB36681D44,7,18100.0,v0.1
INS_321D0FFB4A52,REQ_5CD5BCD0D2D9,8,29700.0,v0.1
INS_321D0FFB4A52,REQ_A801A797D3D3,9,1150.0,v0.1
INS_321D0FFB4A52,REQ_EA52FE2676F8,10,28850.0,v0.1
INS_C610E1E734A1,REQ_91CEE2694F1A,0,10840.0,v0.1
INS_C610E1E734A1,REQ_9621831757A4,1,30000.0,v0.1
INS_C610E1E734A1,REQ_F71D4768BE2B,2,800.0,v0.1
INS_C610E1E734A1,REQ_2393C035C2DD,3,7070.0,v0.1
INS_C610E1E734A1,REQ_AE34CE90B49C,4,650.0,v0.1
INS_C610E1E734A1,REQ_B93A216BA97E,5,6360.0,v0.1
INS_C610E1E734A1,REQ_F9733846F4DA,6,7170.0,v0.1
INS_C610E1E734A1,REQ_80089640A1E8,7,22680.0,v0.1
INS_C610E1E734A1,REQ_BE8DB7922882,8,6500.0,v0.1
INS_C610E1E734A1,REQ_B140A1C15B33,9,650.0,v0.1
INS_C610E1E734A1,REQ_6C837F2B3AEC,10,5860.0,v0.1
INS_C610E1E734A1,REQ_3F7AB50A52D7,11,12000.0,v0.1
INS_C610E1E734A1,REQ_34ADD8F17438,12,11360.0,v0.1
INS_C610E1E734A1,REQ_06D074FE444D,13,200.0,v0.1
INS_6455AFBC9322,REQ_D53D4D034F90,0,30000.0,v0.1
INS_6455AFBC9322,REQ_20CE31F328F4,1,5330.0,v0.1
INS_6455AFBC9322,REQ_942685006168,2,1970.0,v0.1
INS_6455AFBC9322,REQ_6A2299D9F99C,3,30000.0,v0.1
INS_6455AFBC9322,REQ_9DD5773541AB,4,30000.0,v0.1
INS_6455AFBC9322,REQ_BEE986DE2DBD,5,30000.0,v0.1
INS_6455AFBC9322,REQ_8C7E3A8413FF,6,3110.0,v0.1
INS_6455AFBC9322,REQ_2EE859299503,7,30000.0,v0.1
INS_6455AFBC9322,REQ_BAC7AC0AF5EB,8,17010.0,v0.1
INS_6455AFBC9322,REQ_3090184541ED,9,400.0,v0.1
INS_79E36DBEA0CA,REQ_7E4AADC31741,0,16110.0,v0.1
INS_79E36DBEA0CA,REQ_4F849E471AEF,1,730.0,v0.1
INS_79E36DBEA0CA,REQ_DD34A244CDA7,2,459.99999999999994,v0.1
INS_79E36DBEA0CA,REQ_076D261B9240,3,30000.0,v0.1
INS_79E36DBEA0CA,REQ_19FB7147E155,4,5660.0,v0.1
INS_79E36DBEA0CA,REQ_219D7623319C,5,1040.0,v0.1
INS_79E36DBEA0CA,REQ_A2D63EBAB3BA,6,4260.0,v0.1
INS_79E36DBEA0CA,REQ_62AC4D4530C1,7,3180.0,v0.1
INS_DADADB6B9865,REQ_296FD7AEAACB,0,1900.0,v0.1
INS_DADADB6B9865,REQ_6BAED77F0011,1,1770.0,v0.1
INS_DADADB6B9865,REQ_2910D359E3D3,2,5690.0,v0.1
INS_DADADB6B9865,REQ_BB2C66B1D32F,3,8220.0,v0.1
INS_DADADB6B9865,REQ_3BC7431B9A8D,4,17580.0,v0.1
INS_DADADB6B9865,REQ_40F16A0D27CC,5,20000.0,v0.1
INS_DADADB6B9865,REQ_1CB85563E9D5,6,100.0,v0.1
INS_DADADB6B9865,REQ_19974D89DC1F,7,30000.0,v0.1
INS_9AF7FB0E2D78,REQ_6670ECAD8D31,0,240.0,v0.1
INS_9AF7FB0E2D78,REQ_547D987308D2,1,4120.0,v0.1
INS_9AF7FB0E2D78,REQ_9E83650C3766,2,3170.0,v0.1
INS_9AF7FB0E2D78,REQ_446BC5C41E84,3,1530.0,v0.1
INS_9AF7FB0E2D78,REQ_846ADC85F3B9,4,17980.0,v0.1
INS_9AF7FB0E2D78,REQ_DBBC62D4DC19,5,110.0,v0.1
INS_9AF7FB0E2D78,REQ_1E5623FE242E,6,250.0,v0.1
INS_9AF7FB0E2D78,REQ_F3E94DE9CEE7,7,30000.0,v0.1
INS_9AF7FB0E2D78,REQ_CDB34DDCB2FB,8,22870.0,v0.1
INS_9AF7FB0E2D78,REQ_6232A32EDBF9,9,1750.0,v0.1
INS_9AF7FB0E2D78,REQ_09C6EE095614,10,30000.0,v0.1
INS_CDEA41E6FF15,REQ_CE029EC3F9D3,0,8900.0,v0.1
INS_CDEA41E6FF15,REQ_DD0BA34AE6D3,1,25460.0,v0.1
INS_CDEA41E6FF15,REQ_BBC14D54B32E,2,170.0,v0.1
INS_CDEA41E6FF15,REQ_98778DB1F3E3,3,2510.0,v0.1
INS_CDEA41E6FF15,REQ_9B15062A0E3E,4,190.0,v0.1
INS_CDEA41E6FF15,REQ_5DF52E46F9D6,5,5290.0,v0.1
INS_CDEA41E6FF15,REQ_2890F4902BBA,6,680.0,v0.1
INS_CDEA41E6FF15,REQ_EDB81A03C661,7,80.0,v0.1
INS_CDEA41E6FF15,REQ_1F750B540DAF,8,6630.0,v0.1
INS_CDEA41E6FF15,REQ_6AE422F7C09B,9,420.0,v0.1
INS_CDEA41E6FF15,REQ_A99ED93E228B,10,30000.0,v0.1
INS_CDEA41E6FF15,REQ_A568DF83DC5F,11,7810.0,v0.1
INS_CDEA41E6FF15,REQ_5882472E6F36,12,30000.0,v0.1
INS_CDEA41E6FF15,REQ_4CB2C4EB6902,13,600.0,v0.1
INS_061D5812071C,REQ_8DE45CBAA239,0,1800.0,v0.1
INS_061D5812071C,REQ_F3C0E05A73E3,1,9930.0,v0.1
INS_061D5812071C,REQ_7B27679BEFC9,2,30000.0,v0.1
INS_061D5812071C,REQ_8AE6E6A65902,3,3500.0,v0.1
INS_061D5812071C,REQ_96AB6BB074CB,4,4940.0,v0.1
INS_061D5812071C,REQ_29C2581DC417,5,6630.0,v0.1
INS_061D5812071C,REQ_0E79CB929E6B,6,120.0,v0.1
INS_061D5812071C,REQ_D4F5A7A724B7,7,5050.0,v0.1
INS_061D5812071C,REQ_5F350E70727E,8,6825.0,v0.1
INS_061D5812071C,REQ_504D475441C4,9,9410.0,v0.1
INS_061D5812071C,REQ_356F7C6D90F3,10,28570.0,v0.1
INS_061D5812071C,REQ_77D69E581F42,11,13460.0,v0.1
INS_061D5812071C,REQ_252817F8F10B,12,30000.0,v0.1
INS_061D5812071C,REQ_D9786390B3C3,13,150.0,v0.1
INS_061D5812071C,REQ_8BA7B5D3972A,14,270.0,v0.1
INS_061D5812071C,REQ_46033AFFCE16,15,1450.0,v0.1
INS_061D5812071C,REQ_11ED1F304A0A,16,950.0,v0.1
INS_061D5812071C,REQ_66F127A42D84,17,30000.0,v0.1
INS_061D5812071C,REQ_E835FF484F97,18,6550.0,v0.1
INS_061D5812071C,REQ_0F80CB109C91,19,12500.0,v0.1
INS_061D5812071C,REQ_D1B7FE3F700E,20,5400.0,v0.1
INS_061D5812071C,REQ_78C983D7B66F,21,4610.0,v0.1
INS_061D5812071C,REQ_E468AD6153E1,22,1190.0,v0.1
INS_9E08A0C3998D,REQ_E41125E2BCD7,0,450.0,v0.1
INS_9E08A0C3998D,REQ_CF8F69A60A8D,1,430.0,v0.1
INS_9E08A0C3998D,REQ_324C43AEE374,2,14910.0,v0.1
INS_9E08A0C3998D,REQ_67F435F68590,3,260.0,v0.1
INS_9E08A0C3998D,REQ_BA782D87CA9E,4,5090.0,v0.1
INS_9E08A0C3998D,REQ_DAA347725DE7,5,2890.0,v0.1
INS_9E08A0C3998D,REQ_40B7FE5BF9B9,6,890.0,v0.1
INS_9E08A0C3998D,REQ_72A09854E31A,7,19860.0,v0.1
INS_9E08A0C3998D,REQ_AB5897B13F9E,8,4990.0,v0.1
INS_9E08A0C3998D,REQ_A70549F105F7,9,7900.0,v0.1
INS_9E08A0C3998D,REQ_97897F04509C,10,180.0,v0.1
INS_25B1E92BB143,REQ_66B440158875,0,4200.0,v0.1
INS_25B1E92BB143,REQ_0BDAA8E0B86B,1,21550.0,v0.1
INS_25B1E92BB143,REQ_EA9EB4892D49,2,1270.0,v0.1
INS_25B1E92BB143,REQ_B9681039FC4B,3,2060.0,v0.1
INS_25B1E92BB143,REQ_34D6E29BA5E0,4,340.0,v0.1
INS_25B1E92BB143,REQ_BDBC0EC319A6,5,650.0,v0.1
INS_25B1E92BB143,REQ_D1C0B39AF4CC,6,9410.0,v0.1
INS_25B1E92BB143,REQ_BCEC2EF76257,7,1530.0,v0.1
INS_25B1E92BB143,REQ_6F54C4C6EA6B,8,1600.0,v0.1
INS_25B1E92BB143,REQ_80C757315F14,9,14410.0,v0.1
INS_25B1E92BB143,REQ_4BD24530D365,10,980.0000000000001,v0.1
INS_25B1E92BB143,REQ_B3F0F9243848,11,530.0,v0.1
INS_25B1E92BB143,REQ_3E6BD07B1E5D,12,1080.0,v0.1
INS_25B1E92BB143,REQ_C59976F4939E,13,11840.0,v0.1
INS_25B1E92BB143,REQ_2741E3BC401F,14,15640.0,v0.1
INS_25B1E92BB143,REQ_4C5A87048AA3,15,400.0,v0.1
INS_25B1E92BB143,REQ_11F1138AAB1A,16,11240.0,v0.1
INS_25B1E92BB143,REQ_2855F430C954,17,260.0,v0.1
INS_25B1E92BB143,REQ_8FBB2190955F,18,10990.0,v0.1
INS_25B1E92BB143,REQ_FBC5038D6BED,19,810.0,v0.1
INS_25B1E92BB143,REQ_4CC48F8FD5EA,20,2680.0,v0.1
INS_A3D8148A06C4,REQ_EDC07A30F602,0,9750.0,v0.1
INS_A3D8148A06C4,REQ_7BE6FFD14973,1,950.0,v0.1
INS_A3D8148A06C4,REQ_4508FB681451,2,20700.0,v0.1
INS_A3D8148A06C4,REQ_EF119BF7CA14,3,29240.0,v0.1
INS_A3D8148A06C4,REQ_2CC866833C03,4,11040.0,v0.1
INS_A3D8148A06C4,REQ_ED8B5005E576,5,1280.0,v0.1
INS_A3D8148A06C4,REQ_DDC9B06DF95D,6,28480.0,v0.1
INS_A3D8148A06C4,REQ_41B0289807D7,7,22470.0,v0.1
INS_A3D8148A06C4,REQ_EBDF491F1C2E,8,2460.0,v0.1
INS_A3D8148A06C4,REQ_295B6234452C,9,2320.0,v0.1
INS_A3D8148A06C4,REQ_8779DF64E5AB,10,24280.0,v0.1
INS_C10FA2331E6B,REQ_B00D64C99A2F,0,4950.0,v0.1
INS_C10FA2331E6B,REQ_42D5A4749B97,1,1490.0,v0.1
INS_C10FA2331E6B,REQ_1C35E1C9A44C,2,13340.0,v0.1
INS_C10FA2331E6B,REQ_1B8CB35CC950,3,480.0,v0.1
INS_C10FA2331E6B,REQ_32EEFFC4B2A6,4,390.0,v0.1
INS_C10FA2331E6B,REQ_6DEF4D7A81E5,5,30000.0,v0.1
INS_C10FA2331E6B,REQ_CD4A263AAF2B,6,1350.0,v0.1
INS_C10FA2331E6B,REQ_022D8822B745,7,23040.0,v0.1
INS_C10FA2331E6B,REQ_FF8411774A9D,8,960.0,v0.1
INS_C10FA2331E6B,REQ_3A00DBF5EF19,9,23360.0,v0.1
INS_C10FA2331E6B,REQ_234543FA1E42,10,30000.0,v0.1
INS_C10FA2331E6B,REQ_73A907862A6E,11,990.0,v0.1
INS_C10FA2331E6B,REQ_8AA6796CC68E,12,29070.0,v0.1
INS_C10FA2331E6B,REQ_539D08B806F2,13,470.0,v0.1
INS_C10FA2331E6B,REQ_66690A219E45,14,10450.0,v0.1
INS_C10FA2331E6B,REQ_4EACE74C442E,15,19040.0,v0.1
INS_C10FA2331E6B,REQ_1705D1A5AC49,16,11050.0,v0.1
INS_C10FA2331E6B,REQ_90588B6B3823,17,8420.0,v0.1
INS_C10FA2331E6B,REQ_4123B98D4D9C,18,800.0,v0.1
INS_C10FA2331E6B,REQ_CF8F3070CB7B,19,490.0,v0.1
INS_C10FA2331E6B,REQ_CE0F64731116,20,440.0,v0.1
INS_C10FA2331E6B,REQ_E562401D8B58,21,800.0,v0.1
INS_C10FA2331E6B,REQ_50C531097452,22,6030.0,v0.1
INS_C10FA2331E6B,REQ_3C40B0573683,23,4410.0,v0.1
INS_C10FA2331E6B,REQ_465F8A1E6A68,24,12860.0,v0.1
INS_C10FA2331E6B,REQ_9C662FF73FD1,25,919.9999999999999,v0.1
INS_C10FA2331E6B,REQ_ABC82F8895A2,26,30000.0,v0.1
INS_C10FA2331E6B,REQ_9AC09D9C02CC,27,1280.0,v0.1
INS_C10FA2331E6B,REQ_942616555374,28,1980.0,v0.1
INS_C10FA2331E6B,REQ_779F626A1723,29,1200.0,v0.1
INS_C10FA2331E6B,REQ_B14ED3314A97,30,1200.0,v0.1
INS_C10FA2331E6B,REQ_7896D0BACB80,31,30000.0,v0.1
INS_C10FA2331E6B,REQ_E7E565FDEBC7,32,2760.0,v0.1
INS_C10FA2331E6B,REQ_FDC40F3A0701,33,30000.0,v0.1
INS_C10FA2331E6B,REQ_83BABB6368D7,34,1980.0,v0.1
INS_C10FA2331E6B,REQ_010EF9CA815D,35,9030.0,v0.1
INS_C10FA2331E6B,REQ_24CA0512AAC6,36,2100.0,v0.1
INS_C10FA2331E6B,REQ_B40D23A4030F,37,3290.0,v0.1
INS_C10FA2331E6B,REQ_AD054544E83F,38,150.0,v0.1
INS_C10FA2331E6B,REQ_9F7A732FF711,39,6500.0,v0.1
INS_C10FA2331E6B,REQ_5CC317F825DF,40,160.0,v0.1
INS_C10FA2331E6B,REQ_0938FD678692,41,1900.0,v0.1
INS_C10FA2331E6B,REQ_CB265DD2DC5F,42,510.0,v0.1
INS_C10FA2331E6B,REQ_8402CF25BA3F,43,25560.0,v0.1
INS_C10FA2331E6B,REQ_C24A853D9ED3,44,22160.0,v0.1
INS_C10FA2331E6B,REQ_D1B58C85FEC2,45,22380.0,v0.1
INS_C10FA2331E6B,REQ_958B9FEEABC2,46,1880.0,v0.1
INS_C10FA2331E6B,REQ_4856BFDA18A7,47,28500.0,v0.1
INS_C10FA2331E6B,REQ_0BFBE080723C,48,890.0,v0.1
INS_C10FA2331E6B,REQ_8F4DC11AAF2C,49,460.0,v0.1
INS_C10FA2331E6B,REQ_92278EA61130,50,1700.0,v0.1
INS_C10FA2331E6B,REQ_CD4A2A3AC913,51,1000.0,v0.1
INS_C10FA2331E6B,REQ_F3D14DDCE0CB,52,4150.0,v0.1
INS_C10FA2331E6B,REQ_2916B1BF0C17,53,250.0,v0.1
INS_77BA5659826C,REQ_4E3E62F8B00C,0,300.0,v0.1
INS_77BA5659826C,REQ_3F4A5EF21C39,1,30000.0,v0.1
INS_77BA5659826C,REQ_DF896554CE9E,2,560.0,v0.1
INS_77BA5659826C,REQ_71FF9689FC0E,3,3640.0,v0.1
INS_77BA5659826C,REQ_DDAACD217D12,4,22100.0,v0.1
INS_77BA5659826C,REQ_000FAF83906C,5,2009.9999999999998,v0.1
INS_77BA5659826C,REQ_C2DF5209FB70,6,30000.0,v0.1
INS_77BA5659826C,REQ_F787682DA939,7,1090.0,v0.1
INS_77BA5659826C,REQ_633ECB271AA3,8,30000.0,v0.1
INS_77BA5659826C,REQ_C42BA79C108A,9,30000.0,v0.1
INS_77BA5659826C,REQ_8A068FC25E36,10,30000.0,v0.1
INS_77BA5659826C,REQ_AD0EEF74EC1E,11,1880.0,v0.1
INS_77BA5659826C,REQ_35AD01631AC2,12,9410.0,v0.1
INS_77BA5659826C,REQ_D8F277FF5A9E,13,480.0,v0.1
INS_77BA5659826C,REQ_64803EAF582C,14,560.0,v0.1
INS_77BA5659826C,REQ_9B77CD1AB8E5,15,459.99999999999994,v0.1
INS_77BA5659826C,REQ_BF4A39A9FC1F,16,3700.0,v0.1
INS_77BA5659826C,REQ_6D7A8DEC7147,17,250.0,v0.1
INS_77BA5659826C,REQ_8DA52EE77702,18,1770.0,v0.1
INS_77BA5659826C,REQ_06B2445A56C7,19,1200.0,v0.1
INS_77BA5659826C,REQ_1E9904C09E37,20,1260.0,v0.1
INS_77BA5659826C,REQ_BFD24D937C26,21,22410.0,v0.1
INS_77BA5659826C,REQ_9AE7FD0C12A4,22,420.0,v0.1
INS_B0265AB4BEF6,REQ_E03139B511F0,0,100.0,v0.1
INS_B0265AB4BEF6,REQ_19570161CB3F,1,21300.0,v0.1
INS_B0265AB4BEF6,REQ_0D7F5C50E899,2,2050.0,v0.1
INS_B0265AB4BEF6,REQ_35AA9EC0B5E1,3,5230.0,v0.1
INS_B0265AB4BEF6,REQ_12FD63968524,4,80.0,v0.1
INS_B0265AB4BEF6,REQ_911D8B54D8F0,5,830.0000000000001,v0.1
INS_B0265AB4BEF6,REQ_1CA414B99154,6,1850.0,v0.1
INS_B0265AB4BEF6,REQ_6CDE27DA8667,7,1050.0,v0.1
INS_B0265AB4BEF6,REQ_4F5736232A73,8,610.0,v0.1
INS_B0265AB4BEF6,REQ_C598FA767B66,9,4700.0,v0.1
INS_B0265AB4BEF6,REQ_7DF87F969B91,10,650.0,v0.1
INS_B0265AB4BEF6,REQ_535A510E6510,11,3380.0,v0.1
INS_252120006BE3,REQ_3CE61511D751,0,2120.0,v0.1
INS_252120006BE3,REQ_177C97AC7AA1,1,810.0,v0.1
INS_252120006BE3,REQ_FA3711095829,2,1250.0,v0.1
INS_252120006BE3,REQ_9161751B677B,3,30000.0,v0.1
INS_252120006BE3,REQ_240EB6D22DCD,4,2680.0,v0.1
INS_252120006BE3,REQ_B51A3103F91B,5,30000.0,v0.1
INS_252120006BE3,REQ_CC08404C0997,6,21850.0,v0.1
INS_252120006BE3,REQ_660085B27A60,7,30000.0,v0.1
INS_252120006BE3,REQ_A8C157EE5BFA,8,6400.0,v0.1
INS_C205DFF12293,REQ_904022A60944,0,19140.0,v0.1
INS_C205DFF12293,REQ_F1679508B525,1,30000.0,v0.1
INS_C205DFF12293,REQ_A9C45898745C,2,2710.0,v0.1
INS_C205DFF12293,REQ_58DEFD3DA710,3,1240.0,v0.1
INS_C205DFF12293,REQ_F68FE25FFFEA,4,3200.0,v0.1
INS_C205DFF12293,REQ_AFAA28F5C767,5,6700.0,v0.1
INS_C205DFF12293,REQ_BDE5534B8D8E,6,1700.0,v0.1
INS_C205DFF12293,REQ_DC6B7585C4D0,7,4860.0,v0.1
INS_24F5F5B656F2,REQ_CB33D318310D,0,1970.0,v0.1
INS_24F5F5B656F2,REQ_FA12C7BD3ACA,1,900.0,v0.1
INS_24F5F5B656F2,REQ_27D3219629E3,2,2700.0,v0.1
INS_24F5F5B656F2,REQ_B06BF9B1779C,3,320.0,v0.1
INS_24F5F5B656F2,REQ_E2255E5D53FC,4,7350.0,v0.1
INS_24F5F5B656F2,REQ_B553E220A196,5,1850.0,v0.1
INS_24F5F5B656F2,REQ_59B59195158E,6,700.0,v0.1
INS_24F5F5B656F2,REQ_3B19EE262F4A,7,550.0,v0.1
INS_24F5F5B656F2,REQ_939A36AE5C0B,8,6860.0,v0.1
INS_24F5F5B656F2,REQ_7FA2CF6B1673,9,17570.0,v0.1
INS_24F5F5B656F2,REQ_9496A82CA8F8,10,16470.0,v0.1
INS_24F5F5B656F2,REQ_704FA2BA6480,11,800.0,v0.1
INS_24F5F5B656F2,REQ_F3F6BF3563C0,12,1650.0,v0.1
INS_2D35AB8C815C,REQ_8F8EF5102D28,0,15500.0,v0.1
INS_2D35AB8C815C,REQ_8CBD357ED03A,1,17230.0,v0.1
INS_2D35AB8C815C,REQ_93058019137E,2,340.0,v0.1
INS_2D35AB8C815C,REQ_0676BC8FBEAD,3,10240.0,v0.1
INS_2D35AB8C815C,REQ_DA8E7711BD8D,4,15060.0,v0.1
INS_2D35AB8C815C,REQ_CE9328E6D317,5,9270.0,v0.1
INS_2D35AB8C815C,REQ_A0CD8CC8BF0D,6,660.0,v0.1
INS_2D35AB8C815C,REQ_91E0EEF670A6,7,3600.0,v0.1
INS_2D35AB8C815C,REQ_E85FA3486415,8,30000.0,v0.1
INS_2D35AB8C815C,REQ_A6DF18A72A58,9,3940.0,v0.1
INS_2D35AB8C815C,REQ_C1141AF81658,10,1450.0,v0.1
INS_935EABF0D09D,REQ_02A9EC5E2229,0,30000.0,v0.1
INS_935EABF0D09D,REQ_50C3A30E9544,1,3400.0,v0.1
INS_935EABF0D09D,REQ_F255B56DB1B6,2,1250.0,v0.1
INS_935EABF0D09D,REQ_61A03E475E2D,3,2860.0,v0.1
INS_935EABF0D09D,REQ_D09B69B898A0,4,500.0,v0.1
INS_935EABF0D09D,REQ_26CCCB70E4C1,5,330.0,v0.1
INS_935EABF0D09D,REQ_60B2F872897D,6,11800.0,v0.1
INS_935EABF0D09D,REQ_B768B32AD427,7,80.0,v0.1
INS_935EABF0D09D,REQ_E0E52C04FDA4,8,13840.0,v0.1
INS_935EABF0D09D,REQ_79841F988F16,9,30000.0,v0.1
INS_935EABF0D09D,REQ_BDE5534B8D8E,10,1700.0,v0.1
INS_935EABF0D09D,REQ_B88D24431A3B,11,570.0,v0.1
INS_935EABF0D09D,REQ_447EB998833A,12,1280.0,v0.1
INS_935EABF0D09D,REQ_3CB338AC40F1,13,1839.9999999999998,v0.1
INS_935EABF0D09D,REQ_BCF77E4D5B80,14,5650.0,v0.1
INS_935EABF0D09D,REQ_D704EF17AFE3,15,2470.0,v0.1
INS_935EABF0D09D,REQ_24275EF27998,16,30000.0,v0.1
INS_935EABF0D09D,REQ_916D6E15603A,17,30000.0,v0.1
INS_935EABF0D09D,REQ_98713E0D7EA9,18,8810.0,v0.1
INS_935EABF0D09D,REQ_FAEE796CD2DD,19,2390.0,v0.1
INS_935EABF0D09D,REQ_CA61307D4AB4,20,10650.0,v0.1
INS_935EABF0D09D,REQ_45B1B05E1350,21,1850.0,v0.1
INS_935EABF0D09D,REQ_3F002FC4F5D1,22,4410.0,v0.1
INS_935EABF0D09D,REQ_6053F024DF0D,23,150.0,v0.1
INS_935EABF0D09D,REQ_8348CBE3CB2D,24,790.0,v0.1
INS_935EABF0D09D,REQ_B1E6B5D8A19A,25,1280.0,v0.1
INS_935EABF0D09D,REQ_7F9F9C4BF16E,26,9525.0,v0.1
INS_935EABF0D09D,REQ_B676432052E0,27,1880.0,v0.1
INS_FA3A05607CC2,REQ_99979941C50E,0,27340.0,v0.1
INS_FA3A05607CC2,REQ_B1990723AB37,1,9230.0,v0.1
INS_FA3A05607CC2,REQ_72CAABF34671,2,960.0,v0.1
INS_FA3A05607CC2,REQ_3E12194AF795,3,13960.0,v0.1
INS_FA3A05607CC2,REQ_0C906BF8463C,4,13260.0,v0.1
INS_FA3A05607CC2,REQ_803772415353,5,490.0,v0.1
INS_FA3A05607CC2,REQ_8C8C07F81D30,6,5000.0,v0.1
INS_FA3A05607CC2,REQ_407C5E560780,7,350.0,v0.1
INS_FA3A05607CC2,REQ_8CDE56831747,8,1800.0,v0.1
INS_FA3A05607CC2,REQ_E9D0D3B778A7,9,10550.0,v0.1
INS_FA3A05607CC2,REQ_783ADB2C949E,10,30000.0,v0.1
INS_FA3A05607CC2,REQ_A5B416B9F5F9,11,21790.0,v0.1
INS_FA3A05607CC2,REQ_C5D654112913,12,30000.0,v0.1
INS_FA3A05607CC2,REQ_F207C2DD28BA,13,4550.0,v0.1
INS_FA3A05607CC2,REQ_7E3253FC327C,14,24680.0,v0.1
INS_FA3A05607CC2,REQ_AC9100A187E5,15,640.0,v0.1
INS_FA3A05607CC2,REQ_B795509A6AD6,16,4140.0,v0.1
INS_FA3A05607CC2,REQ_D85E80D51DCF,17,3110.0,v0.1
INS_FA3A05607CC2,REQ_95B05314B864,18,1710.0000000000002,v0.1
INS_FA3A05607CC2,REQ_C4FAF012E22D,19,840.0,v0.1
INS_FA3A05607CC2,REQ_4443412D35C5,20,7360.0,v0.1
INS_FA3A05607CC2,REQ_3EF59E59B850,21,30000.0,v0.1
INS_FA3A05607CC2,REQ_BACEC4BD2E82,22,350.0,v0.1
INS_FA3A05607CC2,REQ_997D9E5A1574,23,2180.0,v0.1
INS_FA3A05607CC2,REQ_6F328305F06D,24,3880.0,v0.1
INS_FA3A05607CC2,REQ_86D686705C0F,25,15160.0,v0.1
INS_FA3A05607CC2,REQ_91BBEC068828,26,2080.0,v0.1
INS_FA3A05607CC2,REQ_8ADCE8C79E4E,27,1760.0,v0.1
INS_FA3A05607CC2,REQ_A8332F5BE86A,28,17640.0,v0.1
INS_FA3A05607CC2,REQ_64B2FA64A8E9,29,360.0,v0.1
INS_FA3A05607CC2,REQ_DDEB460BCD32,30,1630.0,v0.1
INS_FA3A05607CC2,REQ_68C6F02A58A3,31,1370.0,v0.1
INS_FA3A05607CC2,REQ_890EF5D57ECC,32,2770.0,v0.1
INS_FA3A05607CC2,REQ_AA494EFDF59D,33,30000.0,v0.1
INS_FA3A05607CC2,REQ_2B3C12A9F8A5,34,30000.0,v0.1
INS_FA3A05607CC2,REQ_AD42A1372A57,35,24080.0,v0.1
INS_FA3A05607CC2,REQ_195C2FD13BFC,36,14319.999999999998,v0.1
INS_FA3A05607CC2,REQ_FB71DE0F51A8,37,5860.0,v0.1
INS_FA3A05607CC2,REQ_C8AACDBF2E60,38,30000.0,v0.1
INS_FA3A05607CC2,REQ_A7F898AE564F,39,7850.0,v0.1
INS_FA3A05607CC2,REQ_4A4F5FCD9C49,40,2700.0,v0.1
INS_FA3A05607CC2,REQ_199CBF629B59,41,12400.0,v0.1
INS_FA3A05607CC2,REQ_1E645F55E003,42,30000.0,v0.1
INS_FA3A05607CC2,REQ_CE329185546E,43,18850.0,v0.1
INS_FA3A05607CC2,REQ_3ECA4572E2F8,44,4580.0,v0.1
INS_FA3A05607CC2,REQ_C2155E252BFB,45,30000.0,v0.1
INS_FA3A05607CC2,REQ_BB6DE49315D2,46,30000.0,v0.1
INS_FA3A05607CC2,REQ_77C46242238B,47,4010.0,v0.1
INS_FA3A05607CC2,REQ_6E4507A32432,48,15680.000000000002,v0.1
INS_FA3A05607CC2,REQ_1CFF6EDDE47E,49,22460.0,v0.1
INS_FA3A05607CC2,REQ_0CE3EF9C1E5D,50,24280.0,v0.1
INS_FA3A05607CC2,REQ_419099622B9D,51,3290.0,v0.1
INS_FA3A05607CC2,REQ_C96746BB71F3,52,1620.0,v0.1
INS_FA3A05607CC2,REQ_DBC62A8FDA1F,53,550.0,v0.1
INS_FA3A05607CC2,REQ_00D6AE04B353,54,2900.0,v0.1
INS_FA3A05607CC2,REQ_810211B569C3,55,14740.0,v0.1
INS_FA3A05607CC2,REQ_6BD0A5A0A163,56,30000.0,v0.1
INS_FA3A05607CC2,REQ_5FA72031A4C9,57,30000.0,v0.1
INS_4859E3029A4E,REQ_B30CD6872BA2,0,20410.0,v0.1
INS_4859E3029A4E,REQ_72E772D8E4E0,1,2950.0,v0.1
INS_4859E3029A4E,REQ_6D4C3BA91999,2,3410.0,v0.1
INS_4859E3029A4E,REQ_6979E5A4E04B,3,550.0,v0.1
INS_4859E3029A4E,REQ_5C375E2889AB,4,14290.0,v0.1
INS_4859E3029A4E,REQ_82807A79E11C,5,409.99999999999994,v0.1
INS_4859E3029A4E,REQ_01A5122FC212,6,7990.0,v0.1
INS_4859E3029A4E,REQ_72D56D640C2A,7,1000.0,v0.1
INS_4859E3029A4E,REQ_2A9E043EAA78,8,22220.0,v0.1
INS_4859E3029A4E,REQ_60D5370AD062,9,13400.0,v0.1
INS_4859E3029A4E,REQ_8E163248E3F4,10,210.0,v0.1
INS_4859E3029A4E,REQ_5E31D64EB7F0,11,30000.0,v0.1
INS_4859E3029A4E,REQ_81F85C42A076,12,450.0,v0.1
INS_4859E3029A4E,REQ_B23FF46EE9EF,13,1080.0,v0.1
INS_4859E3029A4E,REQ_51C173802545,14,30000.0,v0.1
INS_4859E3029A4E,REQ_01724EB03595,15,1550.0,v0.1
INS_4859E3029A4E,REQ_340E7F9CE909,16,4490.0,v0.1
INS_4859E3029A4E,REQ_526D25EF8572,17,30000.0,v0.1
INS_4859E3029A4E,REQ_2497F8244177,18,3290.0,v0.1
INS_4859E3029A4E,REQ_D48290F383BF,19,7740.0,v0.1
INS_4859E3029A4E,REQ_7B9AEA96E77B,20,2440.0,v0.1
INS_4859E3029A4E,REQ_9EBBDF126BA4,21,14640.0,v0.1
INS_4859E3029A4E,REQ_9207CA0115F4,22,650.0,v0.1
INS_4859E3029A4E,REQ_4A79A0D68B7D,23,4520.0,v0.1
INS_4859E3029A4E,REQ_87FF1E136EE6,24,3690.0,v0.1
INS_4859E3029A4E,REQ_FA6F905626F5,25,4350.0,v0.1
INS_4859E3029A4E,REQ_6F996515128E,26,9200.0,v0.1
INS_4859E3029A4E,REQ_C46FF9F83EB2,27,409.99999999999994,v0.1
INS_4859E3029A4E,REQ_D750C23E222E,28,110.0,v0.1
INS_4859E3029A4E,REQ_716FCC3631F4,29,14440.0,v0.1
INS_6FA160CD5939,REQ_E25E2DD074FB,0,17740.0,v0.1
INS_6FA160CD5939,REQ_4BE0C09F6875,1,20790.0,v0.1
INS_6FA160CD5939,REQ_5F446DF542CF,2,24970.0,v0.1
INS_6FA160CD5939,REQ_04EF78E78706,3,20060.0,v0.1
INS_F88005D12954,REQ_660D99EE07F5,0,650.0,v0.1
INS_F88005D12954,REQ_55FED03D2CCB,1,30000.0,v0.1
INS_F88005D12954,REQ_763237809F23,2,110.00000000000001,v0.1
INS_F88005D12954,REQ_49DD3FFFEBD1,3,3870.0000000000005,v0.1
INS_F88005D12954,REQ_177C97AC7AA1,4,810.0,v0.1
INS_F88005D12954,REQ_712B9A1534C8,5,1510.0,v0.1
INS_F88005D12954,REQ_72D9687ED2FB,6,3420.0,v0.1
INS_F88005D12954,REQ_181C7FF8E188,7,2400.0,v0.1
INS_DFF273F4C638,REQ_B9D4359781FE,0,2080.0,v0.1
INS_DFF273F4C638,REQ_62174F85C67D,1,350.0,v0.1
INS_DFF273F4C638,REQ_6B10C0834DA2,2,25540.0,v0.1
INS_DFF273F4C638,REQ_60286BC89D8C,3,3000.0,v0.1
INS_DFF273F4C638,REQ_257E7FB6F63A,4,3850.0,v0.1
INS_DFF273F4C638,REQ_AFEB2E4919A0,5,570.0,v0.1
INS_DFF273F4C638,REQ_A6284B177810,6,9860.0,v0.1
INS_DFF273F4C638,REQ_BEE843421990,7,700.0,v0.1
INS_DFF273F4C638,REQ_D02A04D55645,8,27260.0,v0.1
INS_07AE946C4B9F,REQ_588250B0BE92,0,3450.0,v0.1
INS_07AE946C4B9F,REQ_D8A6E2368926,1,2510.0,v0.1
INS_07AE946C4B9F,REQ_129288E2D82A,2,4780.0,v0.1
INS_07AE946C4B9F,REQ_F9670B8E7574,3,660.0,v0.1
INS_07AE946C4B9F,REQ_146A5E298845,4,2450.0,v0.1
INS_07AE946C4B9F,REQ_A63279357873,5,2930.0,v0.1
INS_07AE946C4B9F,REQ_B0CF8D84D86E,6,1250.0,v0.1
INS_07AE946C4B9F,REQ_842AFBA5847D,7,29210.0,v0.1
INS_07AE946C4B9F,REQ_F0A24A2123EE,8,1250.0,v0.1
INS_07AE946C4B9F,REQ_E64956A59FDA,9,7570.0,v0.1
INS_07AE946C4B9F,REQ_B556DBA29CCB,10,1450.0,v0.1
INS_07AE946C4B9F,REQ_B40D98129F86,11,4230.0,v0.1
INS_07AE946C4B9F,REQ_5E2B804B7B19,12,2500.0,v0.1
INS_07AE946C4B9F,REQ_5E33A30BD039,13,4060.0,v0.1
INS_07AE946C4B9F,REQ_289791AC8D2E,14,3050.0,v0.1
INS_07AE946C4B9F,REQ_4F2733BD3FE4,15,400.0,v0.1
INS_07AE946C4B9F,REQ_5D743E6778BE,16,8970.0,v0.1
INS_07AE946C4B9F,REQ_8AA601393664,17,660.0,v0.1
INS_07AE946C4B9F,REQ_F83406B12AD5,18,880.0,v0.1
INS_B0FB06CC4379,REQ_E1711384022E,0,3110.0,v0.1
INS_B0FB06CC4379,REQ_4EEF33554C46,1,30000.0,v0.1
INS_B0FB06CC4379,REQ_64B6A329A3BB,2,1320.0,v0.1
INS_B0FB06CC4379,REQ_6762C0A07231,3,640.0,v0.1
INS_B0FB06CC4379,REQ_22EB58B6E9EF,4,30000.0,v0.1
INS_B0FB06CC4379,REQ_EE557363A73D,5,920.0,v0.1
INS_B0FB06CC4379,REQ_09E62CF51BA0,6,540.0,v0.1
INS_B0FB06CC4379,REQ_A1781DCB85F6,7,960.0,v0.1
INS_1DCD14308CDE,REQ_4CA9A8D735E2,0,1270.0,v0.1
INS_1DCD14308CDE,REQ_D1C0BBA7646C,1,30000.0,v0.1
INS_1DCD14308CDE,REQ_F1DF5A52B558,2,5990.0,v0.1
INS_1DCD14308CDE,REQ_4380B5844A57,3,7910.0,v0.1
INS_1DCD14308CDE,REQ_77FDE5D56124,4,350.0,v0.1
INS_1DCD14308CDE,REQ_D8FECAC367DC,5,100.0,v0.1
INS_1DCD14308CDE,REQ_7B6E1F5B47F1,6,1950.0,v0.1
INS_1DCD14308CDE,REQ_747A467B21EA,7,460.0,v0.1
INS_1DCD14308CDE,REQ_E8B0B715C89C,8,7030.0,v0.1
INS_1DCD14308CDE,REQ_C65A8DB8E05B,9,1600.0,v0.1
INS_1DCD14308CDE,REQ_41B617524AD7,10,2090.0,v0.1
INS_1DCD14308CDE,REQ_4945DE5F5338,11,150.0,v0.1
INS_1DCD14308CDE,REQ_6F05AD8D60CE,12,1150.0,v0.1
INS_1DCD14308CDE,REQ_BA61F4AC6E11,13,650.0,v0.1
INS_1DCD14308CDE,REQ_36B37F4F5E70,14,3850.0,v0.1
INS_1DCD14308CDE,REQ_5DEF037D8CBD,15,1100.0,v0.1
INS_1DCD14308CDE,REQ_B16030DA3EBB,16,200.0,v0.1
INS_1DCD14308CDE,REQ_66A96057AB60,17,900.0,v0.1
INS_1DCD14308CDE,REQ_26C2300CEAF6,18,16510.0,v0.1
INS_1DCD14308CDE,REQ_02C0E6C73973,19,200.0,v0.1
INS_1DCD14308CDE,REQ_EC356BCDC10F,20,30000.0,v0.1
INS_1DCD14308CDE,REQ_ED800669009D,21,1500.0,v0.1
INS_1DCD14308CDE,REQ_E1560F6DA85C,22,850.0,v0.1
INS_CC688CA3C851,REQ_7A1985B8855B,0,30000.0,v0.1
INS_CC688CA3C851,REQ_B80255C7A99A,1,30000.0,v0.1
INS_CC688CA3C851,REQ_B28106AF5433,2,30000.0,v0.1
INS_CC688CA3C851,REQ_524EBDB31180,3,21070.0,v0.1
INS_CC688CA3C851,REQ_C2E90C99A60B,4,880.0,v0.1
INS_CC688CA3C851,REQ_392C9ADED808,5,3050.0,v0.1
INS_CC688CA3C851,REQ_388E5CA480ED,6,500.0,v0.1
INS_CC688CA3C851,REQ_E31ED0B7D168,7,30000.0,v0.1
INS_CC688CA3C851,REQ_50C65247F294,8,5000.0,v0.1
INS_CC688CA3C851,REQ_1D40B579A439,9,440.0,v0.1
INS_CC688CA3C851,REQ_526D97DC8A8F,10,1070.0,v0.1
INS_CC688CA3C851,REQ_733521C1020B,11,30000.0,v0.1
INS_3E5B01666654,REQ_DC50A77F1EC9,0,12780.0,v0.1
INS_3E5B01666654,REQ_3806B0256E4E,1,4330.0,v0.1
INS_3E5B01666654,REQ_6E7861613908,2,100.0,v0.1
INS_3E5B01666654,REQ_341CA54DC595,3,800.0,v0.1
INS_3E5B01666654,REQ_0E3B2A6FB0F6,4,3250.0,v0.1
INS_3E5B01666654,REQ_997559E4E8F6,5,1540.0,v0.1
INS_3E5B01666654,REQ_BE4ED3384901,6,3740.0,v0.1
INS_3E5B01666654,REQ_94F94592CEC3,7,11270.0,v0.1
INS_3E5B01666654,REQ_C8334F8D93F2,8,2420.0,v0.1
INS_3E5B01666654,REQ_F25C557F182D,9,5680.0,v0.1
INS_3E5B01666654,REQ_DEC24B0D960D,10,1440.0,v0.1
INS_3E5B01666654,REQ_FF7342DF1C41,11,13090.0,v0.1
INS_3E5B01666654,REQ_F932C25A3C51,12,9080.0,v0.1
INS_CF7E00BF42EB,REQ_4173C3E240D9,0,15330.0,v0.1
INS_CF7E00BF42EB,REQ_CD4A263AAF2B,1,1350.0,v0.1
INS_CF7E00BF42EB,REQ_8402CF25BA3F,2,25560.0,v0.1
INS_CF7E00BF42EB,REQ_73794D200287,3,260.0,v0.1
INS_CF7E00BF42EB,REQ_3C40B0573683,4,4410.0,v0.1
INS_CF7E00BF42EB,REQ_70B209DEF811,5,409.99999999999994,v0.1
INS_CF7E00BF42EB,REQ_CF8F3070CB7B,6,490.0,v0.1
INS_CF7E00BF42EB,REQ_2C9E9DAECE67,7,17660.0,v0.1
INS_CF7E00BF42EB,REQ_44B5626CC83D,8,2900.0,v0.1
INS_CF7E00BF42EB,REQ_01A78081792F,9,1200.0,v0.1
INS_CF7E00BF42EB,REQ_05C32001BF65,10,1650.0,v0.1
INS_CF7E00BF42EB,REQ_AC0DDAD35B3C,11,400.0,v0.1
INS_CF7E00BF42EB,REQ_DD33DECA51CF,12,1900.0,v0.1
INS_CF7E00BF42EB,REQ_73A907862A6E,13,990.0,v0.1
INS_D0C6E4B000FF,REQ_63700F3BCE18,0,7380.0,v0.1
INS_D0C6E4B000FF,REQ_3B6320356F04,1,14610.0,v0.1
INS_D0C6E4B000FF,REQ_C23BB16337B7,2,1000.0,v0.1
INS_D0C6E4B000FF,REQ_E17EC0199D1A,3,12180.0,v0.1
INS_D0C6E4B000FF,REQ_FA444EA54933,4,30000.0,v0.1
INS_D0C6E4B000FF,REQ_DDC9B06DF95D,5,28480.0,v0.1
INS_D0C6E4B000FF,REQ_20B83B9B23FE,6,30000.0,v0.1
INS_D0C6E4B000FF,REQ_589F7438EAA3,7,24080.0,v0.1
INS_D0C6E4B000FF,REQ_312D9147ACF9,8,23610.0,v0.1
INS_D0C6E4B000FF,REQ_A2B148E8D39A,9,3160.0,v0.1
INS_D0C6E4B000FF,REQ_0BC821AF1E03,10,4690.0,v0.1
INS_D0C6E4B000FF,REQ_41B0289807D7,11,22470.0,v0.1
INS_D0C6E4B000FF,REQ_6EAAEB7952E5,12,520.0,v0.1
INS_D0C6E4B000FF,REQ_6E4E29A65BA0,13,26920.0,v0.1
INS_D0C6E4B000FF,REQ_188D2AF0A01F,14,1020.0,v0.1
INS_D0C6E4B000FF,REQ_4B1265FF80D1,15,12680.0,v0.1
INS_D0C6E4B000FF,REQ_2CC866833C03,16,11040.0,v0.1
INS_D0C6E4B000FF,REQ_8E440E02A468,17,1000.0,v0.1
INS_D0C6E4B000FF,REQ_C45C34A2FB42,18,990.0,v0.1
INS_D0C6E4B000FF,REQ_96D8189EC0DC,19,1950.0,v0.1
INS_D0C6E4B000FF,REQ_AD2F4448CDF1,20,1639.9999999999998,v0.1
INS_D0C6E4B000FF,REQ_99F95D69B485,21,17540.0,v0.1
INS_D0C6E4B000FF,REQ_054DC39A47C2,22,3040.0,v0.1
INS_97E3F3CA0281,REQ_FF7A4E569DDF,0,210.0,v0.1
INS_97E3F3CA0281,REQ_4E0DB83E7CFB,1,5120.0,v0.1
INS_97E3F3CA0281,REQ_D69611CE8033,2,3390.0,v0.1
INS_97E3F3CA0281,REQ_F1135D064243,3,850.0,v0.1
INS_97E3F3CA0281,REQ_B47E69F6DCEE,4,30000.0,v0.1
INS_97E3F3CA0281,REQ_29ABA37B70BE,5,130.0,v0.1
INS_97E3F3CA0281,REQ_5405D7E1E113,6,8070.0,v0.1
INS_97E3F3CA0281,REQ_B63AEC9250C9,7,5960.0,v0.1
INS_97E3F3CA0281,REQ_065C274CF952,8,7620.0,v0.1
INS_97E3F3CA0281,REQ_3AB477DF906C,9,1270.0,v0.1
INS_97E3F3CA0281,REQ_C5874835CDD2,10,2840.0,v0.1
INS_97E3F3CA0281,REQ_99D44BF35E3E,11,7800.0,v0.1
INS_97E3F3CA0281,REQ_69DEA183057C,12,2500.0,v0.1
INS_97E3F3CA0281,REQ_7F8A7EBED40C,13,24580.0,v0.1
INS_97E3F3CA0281,REQ_FBA2F95D2563,14,1689.9999999999998,v0.1
INS_97E3F3CA0281,REQ_E45AC991A9CC,15,30000.0,v0.1
INS_5B80F81923E0,REQ_04EF78E78706,0,20060.0,v0.1
INS_5B80F81923E0,REQ_4BE0C09F6875,1,20790.0,v0.1
INS_5B80F81923E0,REQ_5F446DF542CF,2,24970.0,v0.1
INS_5B80F81923E0,REQ_E25E2DD074FB,3,17740.0,v0.1
INS_0C128BEBC42C,REQ_5F446DF542CF,0,24970.0,v0.1
INS_0C128BEBC42C,REQ_4BE0C09F6875,1,20790.0,v0.1
INS_0C128BEBC42C,REQ_E25E2DD074FB,2,17740.0,v0.1
INS_0C128BEBC42C,REQ_04EF78E78706,3,20060.0,v0.1
INS_711BF844D513,REQ_AE134A6E6CE8,0,1550.0,v0.1
INS_711BF844D513,REQ_D7CA7F0A15FC,1,18780.0,v0.1
INS_711BF844D513,REQ_2C94A23922DB,2,630.0,v0.1
INS_711BF844D513,REQ_59382C7882F6,3,300.0,v0.1
INS_711BF844D513,REQ_A9E09C21F797,4,500.0,v0.1
INS_711BF844D513,REQ_9FAC20421B31,5,2660.0,v0.1
INS_711BF844D513,REQ_EE9F961160F0,6,4900.0,v0.1
INS_711BF844D513,REQ_CD52DC75D0B8,7,2630.0,v0.1
INS_711BF844D513,REQ_A9BAF65C869F,8,1870.0,v0.1
INS_711BF844D513,REQ_9E9AAC0F0579,9,250.0,v0.1
INS_711BF844D513,REQ_13003F4B14EC,10,3560.0,v0.1
INS_A556A546376A,REQ_9EE239F274C4,0,720.0,v0.1
INS_A556A546376A,REQ_0F9B966F796D,1,13620.0,v0.1
INS_A556A546376A,REQ_EAC0D78F42AE,2,990.0,v0.1
INS_A556A546376A,REQ_6C7C706FBA77,3,950.0,v0.1
INS_A556A546376A,REQ_728FF110D226,4,1100.0,v0.1
INS_A556A546376A,REQ_84E8C63CB158,5,3075.0,v0.1
INS_A556A546376A,REQ_753011F2443B,6,1100.0,v0.1
INS_A556A546376A,REQ_79C8906CE538,7,4080.0,v0.1
INS_A556A546376A,REQ_F84C023431EC,8,1939.9999999999998,v0.1
INS_A556A546376A,REQ_FF331D289D12,9,390.0,v0.1
INS_A556A546376A,REQ_A2D5BCAFE134,10,500.0,v0.1
INS_A556A546376A,REQ_5E1ED3E18C54,11,240.0,v0.1
INS_A556A546376A,REQ_AC90A22FF1C2,12,300.0,v0.1
INS_A556A546376A,REQ_92480CF5DFCD,13,520.0,v0.1
INS_A556A546376A,REQ_744BA22AF772,14,2550.0,v0.1
INS_A556A546376A,REQ_5A838AD85ABB,15,760.0,v0.1
INS_A556A546376A,REQ_C743F614E98F,16,870.0,v0.1
INS_A556A546376A,REQ_66850EE92ECE,17,6170.0,v0.1
INS_A556A546376A,REQ_B9AA29F2C1E2,18,300.0,v0.1
INS_A556A546376A,REQ_13003F4B14EC,19,3560.0,v0.1
INS_A556A546376A,REQ_AF0BCB67791C,20,9660.0,v0.1
INS_A556A546376A,REQ_928B6E2FC80A,21,450.0,v0.1
INS_A556A546376A,REQ_05220EDE8B3D,22,350.0,v0.1
INS_57C68E99E43E,REQ_1C76079DFBF8,0,10850.0,v0.1
INS_57C68E99E43E,REQ_8151FBFF7B2E,1,15500.0,v0.1
INS_57C68E99E43E,REQ_9E83650C3766,2,3170.0,v0.1
INS_57C68E99E43E,REQ_94275F9662A2,3,1870.0,v0.1
INS_57C68E99E43E,REQ_EB7BDD03B9C5,4,1200.0,v0.1
INS_57C68E99E43E,REQ_5256F7DEEBB8,5,400.0,v0.1
INS_57C68E99E43E,REQ_D220DE32FFF4,6,650.0,v0.1
INS_57C68E99E43E,REQ_0A66D131C1AF,7,100.0,v0.1
INS_57C68E99E43E,REQ_D41C70A8CCAF,8,1580.0,v0.1
INS_57C68E99E43E,REQ_3F7CDA86C343,9,860.0,v0.1
INS_57C68E99E43E,REQ_35CBCAD7AD96,10,7280.0,v0.1
INS_57C68E99E43E,REQ_F42826C4342E,11,27560.0,v0.1
INS_57C68E99E43E,REQ_1E3D2BC3BC50,12,1800.0,v0.1
INS_57C68E99E43E,REQ_AD35BC75783F,13,7830.0,v0.1
INS_57C68E99E43E,REQ_D4A2097F4E30,14,5240.0,v0.1
INS_57C68E99E43E,REQ_59D3CFAD1C58,15,20850.0,v0.1
INS_57C68E99E43E,REQ_846ADC85F3B9,16,17980.0,v0.1
INS_57C68E99E43E,REQ_0DBD69D07F48,17,15070.0,v0.1
INS_57C68E99E43E,REQ_30476E6A7AC6,18,2370.0,v0.1
INS_57C68E99E43E,REQ_3E299B88916D,19,80.0,v0.1
INS_57C68E99E43E,REQ_7D5666DBCA3D,20,20110.0,v0.1
INS_46452404BE2D,REQ_48D8C7F9B571,0,30000.0,v0.1
INS_46452404BE2D,REQ_30B16FF731FD,1,1000.0,v0.1
INS_46452404BE2D,REQ_1C13CA6BABC1,2,1160.0,v0.1
INS_46452404BE2D,REQ_CBB30DFC8BDA,3,1090.0,v0.1
INS_46452404BE2D,REQ_0815B39C2534,4,20760.0,v0.1
INS_46452404BE2D,REQ_1B2F36F8D0FC,5,11760.0,v0.1
INS_46452404BE2D,REQ_96BF6C9545E5,6,30000.0,v0.1
INS_46452404BE2D,REQ_5CF75A0455E0,7,30000.0,v0.1
INS_46452404BE2D,REQ_F69E138D4809,8,4980.0,v0.1
INS_8BE5F04E7FE7,REQ_7CF9F5A90A05,0,14280.0,v0.1
INS_8BE5F04E7FE7,REQ_5397DF010582,1,30000.0,v0.1
INS_8BE5F04E7FE7,REQ_3EEBB86092EC,2,30000.0,v0.1
INS_8BE5F04E7FE7,REQ_1FF03DAE2839,3,30000.0,v0.1
INS_8BE5F04E7FE7,REQ_D83381E9970B,4,30000.0,v0.1
INS_8BE5F04E7FE7,REQ_8D6E1C7C1E4E,5,30000.0,v0.1
INS_8BE5F04E7FE7,REQ_546A19D960B0,6,30000.0,v0.1
INS_8BE5F04E7FE7,REQ_D6A702805405,7,13950.0,v0.1
INS_8BE5F04E7FE7,REQ_C40ABD233FAB,8,30000.0,v0.1
INS_8BE5F04E7FE7,REQ_FDD057568520,9,30000.0,v0.1
INS_8BE5F04E7FE7,REQ_BBCB6F5C41EE,10,27060.0,v0.1
INS_8BE5F04E7FE7,REQ_CBE58178588E,11,10570.0,v0.1
INS_8BE5F04E7FE7,REQ_A7BC46973A10,12,15700.0,v0.1
INS_8BE5F04E7FE7,REQ_8F717200F89D,13,11430.0,v0.1
INS_8BE5F04E7FE7,REQ_EDCDD411CC74,14,30000.0,v0.1
INS_8BE5F04E7FE7,REQ_811D4A5B9CC3,15,30000.0,v0.1
INS_8BE5F04E7FE7,REQ_57FD9283ECDD,16,13890.0,v0.1
INS_8BE5F04E7FE7,REQ_05284FE85B1C,17,25360.0,v0.1
INS_E97348C59AD4,REQ_CE309AD2C6CC,0,30000.0,v0.1
INS_E97348C59AD4,REQ_DD2BB99A8ACC,1,7400.0,v0.1
INS_E97348C59AD4,REQ_59169D1C42EB,2,600.0,v0.1
INS_E97348C59AD4,REQ_3FD42D7D0B4B,3,19180.0,v0.1
INS_E97348C59AD4,REQ_EF7D7694D3CF,4,290.0,v0.1
INS_E97348C59AD4,REQ_0757F5618867,5,1120.0,v0.1
INS_E97348C59AD4,REQ_C866E3ED8C6B,6,30000.0,v0.1
INS_E97348C59AD4,REQ_5455FE6BCC81,7,480.0,v0.1
INS_E97348C59AD4,REQ_CAFFBA9F3F97,8,14440.0,v0.1
INS_E97348C59AD4,REQ_DFFC9D55F101,9,27180.0,v0.1
INS_E97348C59AD4,REQ_24E03D06BF1E,10,1630.0,v0.1
INS_E97348C59AD4,REQ_F57268278C27,11,360.0,v0.1
INS_E97348C59AD4,REQ_443E20FC97F7,12,25770.0,v0.1
INS_E97348C59AD4,REQ_36B1EF4EF7AD,13,30000.0,v0.1
INS_E97348C59AD4,REQ_C3AED58ADAB0,14,100.0,v0.1
INS_364D657CDD3D,REQ_2D5131F46F0A,0,250.0,v0.1
INS_364D657CDD3D,REQ_1063E10CA8C2,1,640.0,v0.1
INS_364D657CDD3D,REQ_267A794618FE,2,2200.0,v0.1
INS_364D657CDD3D,REQ_3323F8809A66,3,90.0,v0.1
INS_364D657CDD3D,REQ_B23A5B73E5C1,4,1350.0,v0.1
INS_364D657CDD3D,REQ_61D77E272462,5,760.0,v0.1
INS_364D657CDD3D,REQ_469BEC451E20,6,5220.0,v0.1
INS_364D657CDD3D,REQ_E14FFDF57755,7,750.0,v0.1
INS_364D657CDD3D,REQ_ABFF7C812176,8,740.0,v0.1
INS_364D657CDD3D,REQ_FC6F7F404AC4,9,120.0,v0.1
INS_364D657CDD3D,REQ_13AA8BB4C725,10,700.0,v0.1
INS_364D657CDD3D,REQ_14DC4685BF6F,11,110.00000000000001,v0.1
INS_364D657CDD3D,REQ_DBAC03F2F0B0,12,229.99999999999997,v0.1
INS_364D657CDD3D,REQ_4862C1121FAE,13,8960.0,v0.1
INS_364D657CDD3D,REQ_C81F2B59F617,14,430.0,v0.1
INS_364D657CDD3D,REQ_F7FFCC288254,15,23180.0,v0.1
INS_364D657CDD3D,REQ_BD21DFC00097,16,660.0,v0.1
INS_364D657CDD3D,REQ_A77643B84FA0,17,13560.0,v0.1
INS_364D657CDD3D,REQ_29D9D58E2211,18,1700.0,v0.1
INS_2A74864CAD81,REQ_0C0D3F0CB3B6,0,2029.9999999999998,v0.1
INS_2A74864CAD81,REQ_61CA654A5DAC,1,26810.0,v0.1
INS_2A74864CAD81,REQ_27A0F91D222D,2,7120.0,v0.1
INS_2A74864CAD81,REQ_D496DA8ACB88,3,30000.0,v0.1
INS_2A74864CAD81,REQ_70D6FAE9B2FF,4,250.0,v0.1
INS_2A74864CAD81,REQ_A08EF90FDCC9,5,11380.0,v0.1
INS_2A74864CAD81,REQ_3E7838F80EDF,6,15200.0,v0.1
INS_2A74864CAD81,REQ_1E3C81F24427,7,2070.0,v0.1
INS_2A74864CAD81,REQ_385370DC8F8A,8,30000.0,v0.1
INS_2A74864CAD81,REQ_34C73DB34D57,9,30000.0,v0.1
INS_2A74864CAD81,REQ_8799A7D0F109,10,1689.9999999999998,v0.1
INS_2A74864CAD81,REQ_D2EBD507B00A,11,3560.0,v0.1
INS_2A74864CAD81,REQ_4F3235F7196A,12,3550.0,v0.1
INS_2A74864CAD81,REQ_341A00159CD4,13,2660.0,v0.1
INS_2A74864CAD81,REQ_3758B297DF79,14,170.0,v0.1
INS_2A74864CAD81,REQ_91DFC6486E80,15,2650.0,v0.1
INS_2A74864CAD81,REQ_F66F2D49B45A,16,30000.0,v0.1
INS_2A74864CAD81,REQ_E5B5EE1335D1,17,530.0,v0.1
INS_2A74864CAD81,REQ_B16ACA10DFB8,18,3230.0,v0.1
INS_2A74864CAD81,REQ_33B01AF19B98,19,9460.0,v0.1
INS_2A74864CAD81,REQ_0FA53629545F,20,1730.0,v0.1
INS_2A74864CAD81,REQ_6FFC68CA95B2,21,7730.0,v0.1
INS_2A74864CAD81,REQ_F86D54A316A0,22,900.0,v0.1
INS_2A74864CAD81,REQ_CF594C8C98A6,23,2200.0,v0.1
INS_2A74864CAD81,REQ_478835E366BE,24,1810.0,v0.1
INS_2A74864CAD81,REQ_099DB79ED38E,25,2170.0,v0.1
INS_0902A25BEB96,REQ_3D27752AA263,0,30000.0,v0.1
INS_0902A25BEB96,REQ_97A034723106,1,30000.0,v0.1
INS_0902A25BEB96,REQ_A6E08097317D,2,30000.0,v0.1
INS_0902A25BEB96,REQ_B8626305861C,3,30000.0,v0.1
INS_0902A25BEB96,REQ_5ADE234F250B,4,150.0,v0.1
INS_0902A25BEB96,REQ_05DD965B3498,5,100.0,v0.1
INS_0902A25BEB96,REQ_24ACF5DD0CD8,6,7550.0,v0.1
INS_0902A25BEB96,REQ_9992BE8B594D,7,100.0,v0.1
INS_71EBB8EC43CC,REQ_2BDF5721C568,0,240.0,v0.1
INS_71EBB8EC43CC,REQ_9F8EADD095C1,1,380.0,v0.1
INS_71EBB8EC43CC,REQ_0580C20F75D3,2,2110.0,v0.1
INS_71EBB8EC43CC,REQ_D3DFFE7727A1,3,250.0,v0.1
INS_71EBB8EC43CC,REQ_7C76B9607B35,4,17110.0,v0.1
INS_71EBB8EC43CC,REQ_8B3DC4435D15,5,24950.0,v0.1
INS_71EBB8EC43CC,REQ_1C76FD8C1624,6,30000.0,v0.1
INS_71EBB8EC43CC,REQ_711B42A3C6CB,7,5800.0,v0.1
INS_71EBB8EC43CC,REQ_781FC7202F4C,8,6840.0,v0.1
INS_71EBB8EC43CC,REQ_7761FA857EE8,9,9575.0,v0.1
INS_71EBB8EC43CC,REQ_F63F1A1799ED,10,3950.0,v0.1
INS_71EBB8EC43CC,REQ_781192F85DAE,11,450.0,v0.1
INS_7DA770A7722C,REQ_F29DAD285DF6,0,3329.9999999999995,v0.1
INS_7DA770A7722C,REQ_C984835F71D7,1,30000.0,v0.1
INS_7DA770A7722C,REQ_F2C732A30558,2,1510.0,v0.1
INS_7DA770A7722C,REQ_1C2D16956B4E,3,1150.0,v0.1
INS_7DA770A7722C,REQ_7CA4361FDA43,4,30000.0,v0.1
INS_7DA770A7722C,REQ_B44F4F3D2A3D,5,18380.0,v0.1
INS_7DA770A7722C,REQ_18CDF5B16E3F,6,30000.0,v0.1
INS_7DA770A7722C,REQ_FBBDB39A58C8,7,509.99999999999994,v0.1
INS_7DA770A7722C,REQ_D410C57EFBD1,8,9100.0,v0.1
INS_7DA770A7722C,REQ_D7535F9401CC,9,1870.0,v0.1
INS_7DA770A7722C,REQ_B24988A1E119,10,160.0,v0.1
INS_7DA770A7722C,REQ_DD62E7A5EEA1,11,5840.0,v0.1
INS_7DA770A7722C,REQ_3D49B38B4E1C,12,560.0,v0.1
INS_7DA770A7722C,REQ_EAD811232333,13,1710.0000000000002,v0.1
INS_7DA770A7722C,REQ_9DC4499F7272,14,20050.0,v0.1
INS_7DA770A7722C,REQ_5BA22D9AFCF9,15,30000.0,v0.1
INS_7DA770A7722C,REQ_DD39F921AEE4,16,740.0,v0.1
INS_7DA770A7722C,REQ_E9C7131433D5,17,27440.0,v0.1
INS_7DA770A7722C,REQ_1021FA0D5FCC,18,500.0,v0.1
INS_7DA770A7722C,REQ_7EC3B9F2B1EF,19,4000.0,v0.1
INS_7DA770A7722C,REQ_85D10FFC5B61,20,3410.0,v0.1
INS_7DA770A7722C,REQ_DC99BDF9AFEC,21,360.0,v0.1
INS_7DA770A7722C,REQ_EA7685EF1F0B,22,690.0,v0.1
INS_7DA770A7722C,REQ_FAA491E0FCC1,23,30000.0,v0.1
INS_7DA770A7722C,REQ_32EE723E5550,24,2350.0,v0.1
INS_7DA770A7722C,REQ_3B998E443656,25,800.0,v0.1
INS_7DA770A7722C,REQ_7BF9460EBE8A,26,1400.0,v0.1
INS_7DA770A7722C,REQ_4AD5008D926C,27,30000.0,v0.1
INS_7DA770A7722C,REQ_8FB3EA082364,28,20160.0,v0.1
INS_7DA770A7722C,REQ_7AC802A118E1,29,30000.0,v0.1
INS_FFC6AA6D04FC,REQ_D04A3EF015C9,0,390.0,v0.1
INS_FFC6AA6D04FC,REQ_772093BE6919,1,30000.0,v0.1
INS_FFC6AA6D04FC,REQ_67664998A6BB,2,760.0,v0.1
INS_FFC6AA6D04FC,REQ_90E3F3C5AAEB,3,2800.0,v0.1
INS_FFC6AA6D04FC,REQ_4C7E9E91097C,4,760.0,v0.1
INS_FFC6AA6D04FC,REQ_0913FCEDDA24,5,14775.0,v0.1
INS_FFC6AA6D04FC,REQ_B39D4D862475,6,5750.0,v0.1
INS_FFC6AA6D04FC,REQ_D9A67CEFBA31,7,400.0,v0.1
INS_FFC6AA6D04FC,REQ_DA7142C99201,8,290.0,v0.1
INS_FFC6AA6D04FC,REQ_BD2FA1DB2D44,9,700.0,v0.1
INS_FFC6AA6D04FC,REQ_3F67288AA7B9,10,30000.0,v0.1
INS_FFC6AA6D04FC,REQ_1CE68B9258BD,11,560.0,v0.1
INS_FFC6AA6D04FC,REQ_DFC25FB507A4,12,6340.0,v0.1
INS_FFC6AA6D04FC,REQ_95C9C32EDE08,13,460.0,v0.1
INS_FFC6AA6D04FC,REQ_832188AD652D,14,3190.0,v0.1
INS_FFC6AA6D04FC,REQ_8944BC3ABD31,15,360.0,v0.1
INS_FFC6AA6D04FC,REQ_226E7F2D00BF,16,2750.0,v0.1
INS_FFC6AA6D04FC,REQ_771BCE229FB7,17,4470.0,v0.1
INS_FFC6AA6D04FC,REQ_F92207C465E0,18,250.0,v0.1
INS_1026941B01B8,REQ_597B26ECABD1,0,950.0,v0.1
INS_1026941B01B8,REQ_969DD40745D2,1,8840.0,v0.1
INS_1026941B01B8,REQ_42EFE2840429,2,540.0,v0.1
INS_1026941B01B8,REQ_98F9B05BE909,3,30000.0,v0.1
INS_1026941B01B8,REQ_150A42335EAC,4,14640.0,v0.1
INS_1026941B01B8,REQ_9362DA4FF829,5,30000.0,v0.1
INS_1026941B01B8,REQ_E45E2EC4F8BD,6,610.0,v0.1
INS_1026941B01B8,REQ_B8B23206C8F3,7,29770.0,v0.1
INS_1026941B01B8,REQ_C07F2BCAF684,8,27440.0,v0.1
INS_E9EB33E1A3AB,REQ_D0B8945A9B36,0,20290.0,v0.1
INS_E9EB33E1A3AB,REQ_084BE72395DE,1,1180.0,v0.1
INS_E9EB33E1A3AB,REQ_AD3747E5431B,2,160.0,v0.1
INS_E9EB33E1A3AB,REQ_4EEF33554C46,3,30000.0,v0.1
INS_E9EB33E1A3AB,REQ_228DCCE6A829,4,26070.0,v0.1
INS_E9EB33E1A3AB,REQ_7E491C7F3202,5,30000.0,v0.1
INS_E9EB33E1A3AB,REQ_71972F350072,6,1550.0,v0.1
INS_E9EB33E1A3AB,REQ_4987B0092974,7,550.0,v0.1
INS_E9EB33E1A3AB,REQ_EB7EFA20BB9D,8,850.0,v0.1
INS_E9EB33E1A3AB,REQ_677D21E47746,9,270.0,v0.1
INS_E9EB33E1A3AB,REQ_E25F23B26A62,10,18080.0,v0.1
INS_E9EB33E1A3AB,REQ_023A475BDD77,11,20040.0,v0.1
INS_E9EB33E1A3AB,REQ_063AB026BDA0,12,1370.0,v0.1
INS_E9EB33E1A3AB,REQ_7329CA983AFD,13,300.0,v0.1
INS_E9EB33E1A3AB,REQ_6762C0A07231,14,640.0,v0.1
INS_E9EB33E1A3AB,REQ_0A3FE09272E4,15,1350.0,v0.1
INS_E9EB33E1A3AB,REQ_15725A6D0C43,16,6770.0,v0.1
INS_E9EB33E1A3AB,REQ_0DD15FEF520F,17,950.0,v0.1
INS_E9EB33E1A3AB,REQ_37AD4747AAB8,18,7180.0,v0.1
INS_E9EB33E1A3AB,REQ_AA916FB3DEE6,19,9550.0,v0.1
INS_E9EB33E1A3AB,REQ_3434125F463C,20,1010.0,v0.1
INS_E9EB33E1A3AB,REQ_A1E9E04CD6E0,21,2300.0,v0.1
INS_E9EB33E1A3AB,REQ_4CF9B76C4C02,22,11660.0,v0.1
INS_E9EB33E1A3AB,REQ_90B39E815036,23,20850.0,v0.1
INS_E9EB33E1A3AB,REQ_C23E7BDF33C2,24,13370.0,v0.1
INS_E9EB33E1A3AB,REQ_21AFB93DE244,25,2400.0,v0.1
INS_E9EB33E1A3AB,REQ_4394F23F22D2,26,30000.0,v0.1
INS_E9EB33E1A3AB,REQ_E71B4C72984D,27,30990.0,v0.1
INS_E9EB33E1A3AB,REQ_E3AFAD11B9CE,28,30000.0,v0.1
INS_E9EB33E1A3AB,REQ_0CC364DDA291,29,3350.0,v0.1
INS_23E0DD7CCD7D,REQ_B32F6E68E3C7,0,1890.0,v0.1
INS_23E0DD7CCD7D,REQ_B18AE0F45506,1,200.0,v0.1
INS_23E0DD7CCD7D,REQ_40EB33472588,2,3730.0,v0.1
INS_23E0DD7CCD7D,REQ_E5070CE01C4D,3,550.0,v0.1
INS_23E0DD7CCD7D,REQ_BE0807C13E9A,4,80.0,v0.1
INS_23E0DD7CCD7D,REQ_8B12E44344EE,5,200.0,v0.1
INS_23E0DD7CCD7D,REQ_B9CE58048766,6,12040.0,v0.1
INS_23E0DD7CCD7D,REQ_2D80EE5685EB,7,19860.0,v0.1
INS_23E0DD7CCD7D,REQ_8539B76AF21B,8,210.0,v0.1
INS_23E0DD7CCD7D,REQ_E7570921FD30,9,3850.0,v0.1
INS_23E0DD7CCD7D,REQ_BB22CEA56608,10,500.0,v0.1
INS_23E0DD7CCD7D,REQ_E116E8ACE2DE,11,30000.0,v0.1
INS_23E0DD7CCD7D,REQ_3CADB1F5F626,12,2040.0,v0.1
INS_23E0DD7CCD7D,REQ_8913B792E168,13,220.00000000000003,v0.1
INS_23E0DD7CCD7D,REQ_2FB92A75C589,14,30000.0,v0.1
INS_23E0DD7CCD7D,REQ_C8D9B3CA0B74,15,680.0,v0.1
INS_23E0DD7CCD7D,REQ_1C3EFA426897,16,3810.0,v0.1
INS_23E0DD7CCD7D,REQ_9953D7726F6A,17,190.0,v0.1
INS_23E0DD7CCD7D,REQ_177CEE982D51,18,100.0,v0.1
INS_23E0DD7CCD7D,REQ_B8F9981163A8,19,90.0,v0.1
INS_23E0DD7CCD7D,REQ_FC15A30D7C41,20,200.0,v0.1
INS_23E0DD7CCD7D,REQ_B1E194436357,21,229.99999999999997,v0.1
INS_23E0DD7CCD7D,REQ_99665C9A3B2B,22,409.99999999999994,v0.1
INS_23E0DD7CCD7D,REQ_18F16BC42AC9,23,1850.0,v0.1
INS_23E0DD7CCD7D,REQ_4D9F94F7B99E,24,2250.0,v0.1
INS_23E0DD7CCD7D,REQ_E27CECDAAF22,25,1370.0,v0.1
INS_23E0DD7CCD7D,REQ_09E8530478F5,26,250.0,v0.1
INS_5549CCDE8076,REQ_B73AC92B2541,0,640.0,v0.1
INS_5549CCDE8076,REQ_206FAFA57FBB,1,2260.0,v0.1
INS_5549CCDE8076,REQ_BFB35EA95BEA,2,30000.0,v0.1
INS_5549CCDE8076,REQ_B96BC3B1F051,3,25720.0,v0.1
INS_5549CCDE8076,REQ_0A7D61C8441D,4,2500.0,v0.1
INS_5549CCDE8076,REQ_40AFA4EDABFA,5,860.0,v0.1
INS_5549CCDE8076,REQ_5EF1A802341D,6,160.0,v0.1
INS_5549CCDE8076,REQ_429948A6957B,7,420.0,v0.1
INS_5549CCDE8076,REQ_BF2C2E9F25FD,8,4480.0,v0.1
INS_5549CCDE8076,REQ_A8B42AA784EF,9,7250.0,v0.1
INS_5549CCDE8076,REQ_3D412C1884DA,10,4940.0,v0.1
INS_5549CCDE8076,REQ_F3FF2B20E32A,11,9780.0,v0.1
INS_5549CCDE8076,REQ_C8D14B467F03,12,2890.0,v0.1
INS_5549CCDE8076,REQ_06E92D069FD2,13,30000.0,v0.1
INS_5549CCDE8076,REQ_188913806B33,14,30000.0,v0.1
INS_5549CCDE8076,REQ_CF594C0DE3F3,15,520.0,v0.1
INS_5549CCDE8076,REQ_5C3B1E8D15E8,16,15750.0,v0.1
INS_5549CCDE8076,REQ_D010FE6974C6,17,1110.0,v0.1
INS_5549CCDE8076,REQ_21DFBDF55F50,18,3800.0,v0.1
INS_5549CCDE8076,REQ_F8A972D8BD70,19,3350.0,v0.1
INS_5549CCDE8076,REQ_E43316FB7A52,20,4250.0,v0.1
INS_5549CCDE8076,REQ_E0059E731FC1,21,3190.0,v0.1
INS_5549CCDE8076,REQ_22256639C8A7,22,3420.0000000000005,v0.1
INS_5549CCDE8076,REQ_A4BD33E1CB23,23,4260.0,v0.1
INS_5549CCDE8076,REQ_8F4B9354ABB0,24,17850.0,v0.1
INS_5549CCDE8076,REQ_6818E65F262D,25,190.0,v0.1
INS_EB311D6463FD,REQ_24F6B148911F,0,14270.0,v0.1
INS_EB311D6463FD,REQ_28BB25733EED,1,660.0,v0.1
INS_EB311D6463FD,REQ_E8B5AE216480,2,4540.0,v0.1
INS_EB311D6463FD,REQ_7EC5BA8CC895,3,30000.0,v0.1
INS_EB311D6463FD,REQ_84D2BA542CDA,4,30000.0,v0.1
INS_EB311D6463FD,REQ_F57CDB79E84E,5,450.0,v0.1
INS_EB311D6463FD,REQ_228529C10052,6,8375.0,v0.1
INS_EB311D6463FD,REQ_0E79CB929E6B,7,120.0,v0.1
INS_EB311D6463FD,REQ_F5C1C7A87B8D,8,100.0,v0.1
INS_EB311D6463FD,REQ_CBC042D3F4F2,9,4180.0,v0.1
INS_EB311D6463FD,REQ_5F350E70727E,10,6825.0,v0.1
INS_EB311D6463FD,REQ_F178871C096D,11,1570.0,v0.1
INS_EB311D6463FD,REQ_076D261B9240,12,30000.0,v0.1
INS_EB311D6463FD,REQ_F0E16C97A453,13,14469.999999999998,v0.1
INS_EB311D6463FD,REQ_41EC7535E6FA,14,2710.0,v0.1
INS_EB311D6463FD,REQ_118C66FD6F54,15,4360.0,v0.1
INS_EB311D6463FD,REQ_1ECB4E3C1412,16,18510.0,v0.1
INS_EB311D6463FD,REQ_E20634AC5159,17,4300.0,v0.1
INS_EB311D6463FD,REQ_E07EF3145A4B,18,750.0,v0.1
INS_EB311D6463FD,REQ_5E1E2C62FD11,19,229.99999999999997,v0.1
INS_EB311D6463FD,REQ_7BF3DD4989EB,20,4710.0,v0.1
INS_EB311D6463FD,REQ_F33BD3F99FDA,21,30000.0,v0.1
INS_EB311D6463FD,REQ_4F4DD5B59964,22,30000.0,v0.1
INS_EB311D6463FD,REQ_6A71D33B2244,23,900.0,v0.1
INS_EB311D6463FD,REQ_ADE600D1EA15,24,14530.0,v0.1
INS_EB311D6463FD,REQ_CA7CD44D5F43,25,2770.0,v0.1
INS_EB311D6463FD,REQ_72539B968B0E,26,960.0,v0.1
INS_EB311D6463FD,REQ_EF17DA465B5B,27,200.0,v0.1
INS_EB311D6463FD,REQ_95595B5C1005,28,750.0,v0.1
INS_EB311D6463FD,REQ_2AD96D42B57D,29,4750.0,v0.1
INS_EB311D6463FD,REQ_5ADDD80DEAC4,30,2140.0,v0.1
INS_EB311D6463FD,REQ_8F925C82F58C,31,5550.0,v0.1
INS_EB311D6463FD,REQ_EBDEA138306D,32,4660.0,v0.1
INS_427C6D734FDA,REQ_E42CB20905F5,0,1250.0,v0.1
INS_427C6D734FDA,REQ_3323F8809A66,1,90.0,v0.1
INS_427C6D734FDA,REQ_F9A8F5D7EEFB,2,170.0,v0.1
INS_427C6D734FDA,REQ_4233135F1FE9,3,1650.0,v0.1
INS_427C6D734FDA,REQ_FEED733D50D4,4,1450.0,v0.1
INS_427C6D734FDA,REQ_5B6874BD9B4F,5,150.0,v0.1
INS_427C6D734FDA,REQ_F39A99E82816,6,30000.0,v0.1
INS_427C6D734FDA,REQ_A4645A45D8D5,7,380.0,v0.1
INS_427C6D734FDA,REQ_AC9FB2D80956,8,1030.0,v0.1
INS_E09877267C55,REQ_50C65247F294,0,5000.0,v0.1
INS_E09877267C55,REQ_4DF7D15E357A,1,4220.0,v0.1
INS_E09877267C55,REQ_5485B921DC66,2,30000.0,v0.1
INS_E09877267C55,REQ_2327CB89F571,3,730.0,v0.1
INS_E09877267C55,REQ_19DA83CC08F8,4,9650.0,v0.1
INS_E09877267C55,REQ_E2B0C8FE4517,5,960.0,v0.1
INS_E09877267C55,REQ_02C91093AD9E,6,1660.0000000000002,v0.1
INS_E09877267C55,REQ_524EBDB31180,7,21070.0,v0.1
INS_A805C88B8B9C,REQ_2011006F868D,0,30000.0,v0.1
INS_A805C88B8B9C,REQ_BF578E7CC909,1,30000.0,v0.1
INS_A805C88B8B9C,REQ_834A9B7EAC4E,2,8760.0,v0.1
INS_A805C88B8B9C,REQ_A0E6E4FA77E7,3,130.0,v0.1
INS_A805C88B8B9C,REQ_88D5D9464F75,4,7040.000000000001,v0.1
INS_A805C88B8B9C,REQ_868733E89AC7,5,30000.0,v0.1
INS_A805C88B8B9C,REQ_71433A9B30DA,6,10150.0,v0.1
INS_A805C88B8B9C,REQ_A518DDC1C548,7,5440.0,v0.1
INS_A805C88B8B9C,REQ_C4233E70C73D,8,30000.0,v0.1
INS_A805C88B8B9C,REQ_98B42D323E4F,9,23000.0,v0.1
INS_A805C88B8B9C,REQ_5A94D9ED3BC0,10,6620.0,v0.1
INS_A805C88B8B9C,REQ_0AC7CF2336A3,11,950.0,v0.1
INS_A805C88B8B9C,REQ_884065026F33,12,24340.0,v0.1
INS_A901A2465C82,REQ_273FF54FB935,0,850.0,v0.1
INS_A901A2465C82,REQ_24A0FC83E6B3,1,1190.0,v0.1
INS_A901A2465C82,REQ_AB50D1883C71,2,650.0,v0.1
INS_A901A2465C82,REQ_07E4FB8F4DBC,3,110.00000000000001,v0.1
INS_A901A2465C82,REQ_38A567FF39CE,4,6170.0,v0.1
INS_A901A2465C82,REQ_FAC35B04426B,5,3210.0,v0.1
INS_A901A2465C82,REQ_81E2E10C5B84,6,640.0,v0.1
INS_A901A2465C82,REQ_18068B39D79E,7,7320.0,v0.1
INS_A901A2465C82,REQ_68C31F1CAC2D,8,1050.0,v0.1
INS_A901A2465C82,REQ_FCE180C3C273,9,26389.999999999996,v0.1
INS_A901A2465C82,REQ_6A4957437689,10,30000.0,v0.1
INS_A901A2465C82,REQ_059EEC290DAD,11,3440.0,v0.1
INS_A901A2465C82,REQ_C4D6941179E4,12,800.0,v0.1
INS_A901A2465C82,REQ_17821CDA46FF,13,12890.0,v0.1
INS_A901A2465C82,REQ_4B55F52CF98A,14,30000.0,v0.1
INS_A901A2465C82,REQ_F71D9AB96FE8,15,450.0,v0.1
INS_A901A2465C82,REQ_A9A51A4E22B6,16,3800.0,v0.1
INS_A901A2465C82,REQ_4E777567CD0E,17,1390.0,v0.1
INS_A901A2465C82,REQ_D543292C9EED,18,30000.0,v0.1
INS_A901A2465C82,REQ_C743FD875FDE,19,28900.0,v0.1
INS_A901A2465C82,REQ_21C904C94B86,20,30000.0,v0.1
INS_A901A2465C82,REQ_654DC0C3938A,21,7200.0,v0.1
INS_A901A2465C82,REQ_0555C0C363F5,22,240.0,v0.1
INS_A901A2465C82,REQ_713ACE5C8CC9,23,7020.0,v0.1
INS_A901A2465C82,REQ_B5CA52F8B039,24,27250.0,v0.1
INS_A901A2465C82,REQ_77974F60BFEB,25,100.0,v0.1
INS_50B1F55C8FD3,REQ_3C110A7451AA,0,30000.0,v0.1
INS_50B1F55C8FD3,REQ_F26378D02269,1,30000.0,v0.1
INS_50B1F55C8FD3,REQ_A7B945D73A87,2,30000.0,v0.1
INS_50B1F55C8FD3,REQ_83460775ABB9,3,30000.0,v0.1
INS_50B1F55C8FD3,REQ_BAD5094FC616,4,30000.0,v0.1
INS_50B1F55C8FD3,REQ_725ACAF24939,5,30000.0,v0.1
INS_50B1F55C8FD3,REQ_46E51E8D1FD6,6,30000.0,v0.1
INS_50B1F55C8FD3,REQ_C6B6CEDEAAEE,7,30000.0,v0.1
INS_FFF03874DA54,REQ_2EEC5049312D,0,30000.0,v0.1
INS_FFF03874DA54,REQ_E53FD2528DEA,1,24560.0,v0.1
INS_FFF03874DA54,REQ_A03D66F00923,2,9460.0,v0.1
INS_FFF03874DA54,REQ_166E0CF5130F,3,4510.0,v0.1
INS_FFF03874DA54,REQ_D6EE8B112D34,4,480.0,v0.1
INS_FFF03874DA54,REQ_CA1FFED8988F,5,220.00000000000003,v0.1
INS_FFF03874DA54,REQ_9713BF821640,6,9610.0,v0.1
INS_FFF03874DA54,REQ_8BA9516C756F,7,360.0,v0.1
INS_FFF03874DA54,REQ_6F8C8FE918DB,8,2030.0,v0.1
INS_FFF03874DA54,REQ_BF8630911444,9,2190.0,v0.1
INS_FFF03874DA54,REQ_F5EE2A8DE040,10,30000.0,v0.1
INS_FFF03874DA54,REQ_184EA327ED07,11,3840.0,v0.1
INS_FFF03874DA54,REQ_6E074BDB7BD0,12,31090.0,v0.1
INS_FFF03874DA54,REQ_96BE0A5EE29D,13,13120.0,v0.1
INS_FFF03874DA54,REQ_66D02E6F456A,14,3550.0,v0.1
INS_FFF03874DA54,REQ_16297D10EFF7,15,30000.0,v0.1
INS_FFF03874DA54,REQ_5C4348974988,16,6730.0,v0.1
INS_FFF03874DA54,REQ_D6E759275A57,17,510.0,v0.1
INS_FFF03874DA54,REQ_2653E2CE72CA,18,9710.0,v0.1
INS_FFF03874DA54,REQ_9E3FD0D49839,19,9810.0,v0.1
INS_FFF03874DA54,REQ_4FE2F0DFAE90,20,4480.0,v0.1
INS_FFF03874DA54,REQ_3C57D958700D,21,30000.0,v0.1
INS_FFF03874DA54,REQ_178320B0E9FF,22,409.99999999999994,v0.1
INS_FFF03874DA54,REQ_B5DF55636BE5,23,11380.0,v0.1
INS_FFF03874DA54,REQ_728DDDB512E2,24,15390.0,v0.1
INS_FFF03874DA54,REQ_59FF5B2D4BCA,25,1320.0,v0.1
INS_FFF03874DA54,REQ_C939A1158F08,26,3710.0,v0.1
INS_FFF03874DA54,REQ_82646173084F,27,10010.0,v0.1
INS_FFF03874DA54,REQ_BAD9A56BC435,28,440.0,v0.1
INS_FFF03874DA54,REQ_416685A18601,29,90.0,v0.1
INS_FFF03874DA54,REQ_57D07A71A882,30,12510.0,v0.1
INS_FFF03874DA54,REQ_13AA883B4045,31,370.0,v0.1
INS_6F91970CE864,REQ_0294C15A932B,0,2039.9999999999998,v0.1
INS_6F91970CE864,REQ_893AD8F6D013,1,30000.0,v0.1
INS_6F91970CE864,REQ_DE81721B4FF6,2,1750.0,v0.1
INS_6F91970CE864,REQ_5772E744F046,3,23880.0,v0.1
INS_6F91970CE864,REQ_206F111ACA73,4,3750.0,v0.1
INS_6F91970CE864,REQ_352A42B99106,5,590.0,v0.1
INS_6F91970CE864,REQ_DF3C7FDE473D,6,17230.0,v0.1
INS_6F91970CE864,REQ_EECCFA1E423B,7,8230.0,v0.1
INS_6F91970CE864,REQ_D71C13F9A946,8,30000.0,v0.1
INS_DAC6D3C8D0F9,REQ_8B1FAA897F08,0,4640.0,v0.1
INS_DAC6D3C8D0F9,REQ_3D90BFE39B83,1,30000.0,v0.1
INS_DAC6D3C8D0F9,REQ_05542A5FF46E,2,250.0,v0.1
INS_DAC6D3C8D0F9,REQ_E64956A59FDA,3,7570.0,v0.1
INS_DAC6D3C8D0F9,REQ_4BAD607AD507,4,1360.0,v0.1
INS_DAC6D3C8D0F9,REQ_CF5D6C715FB7,5,2600.0,v0.1
INS_DAC6D3C8D0F9,REQ_AB48A58A6E7F,6,30000.0,v0.1
INS_DAC6D3C8D0F9,REQ_9858C6B74A3F,7,970.0,v0.1
INS_DAC6D3C8D0F9,REQ_1990375E67BE,8,7680.0,v0.1
INS_DAC6D3C8D0F9,REQ_E03D234E33EB,9,2540.0,v0.1
INS_DAC6D3C8D0F9,REQ_B0CF8D84D86E,10,1250.0,v0.1
INS_DAC6D3C8D0F9,REQ_2F3E28119956,11,15400.0,v0.1
INS_DAC6D3C8D0F9,REQ_5D743E6778BE,12,8970.0,v0.1
INS_C8B2AE492412,REQ_59EB36629AFB,0,3320.0000000000005,v0.1
INS_C8B2AE492412,REQ_CC2F742C75C5,1,1320.0,v0.1
INS_C8B2AE492412,REQ_0C8006A7B0C2,2,2770.0,v0.1
INS_C8B2AE492412,REQ_5A3FB3A50B74,3,3120.0,v0.1
INS_C8B2AE492412,REQ_A62B09D8827A,4,240.0,v0.1
INS_C8B2AE492412,REQ_B7783E42C845,5,1650.0,v0.1
INS_C8B2AE492412,REQ_8C91A671E2C7,6,1550.0,v0.1
INS_C8B2AE492412,REQ_00D6AE04B353,7,2900.0,v0.1
INS_C8B2AE492412,REQ_4A4F5FCD9C49,8,2700.0,v0.1
INS_C8B2AE492412,REQ_9B9FDA10C9FF,9,15470.0,v0.1
INS_9A5F315D15AF,REQ_C6B6CEDEAAEE,0,30000.0,v0.1
INS_9A5F315D15AF,REQ_46E51E8D1FD6,1,30000.0,v0.1
INS_9A5F315D15AF,REQ_F26378D02269,2,30000.0,v0.1
INS_9A5F315D15AF,REQ_A7B945D73A87,3,30000.0,v0.1
INS_9A5F315D15AF,REQ_3C110A7451AA,4,30000.0,v0.1
INS_9A5F315D15AF,REQ_BAD5094FC616,5,30000.0,v0.1
INS_9A5F315D15AF,REQ_725ACAF24939,6,30000.0,v0.1
INS_9A5F315D15AF,REQ_83460775ABB9,7,30000.0,v0.1
INS_DDADA303F96C,REQ_35769EEF7E5F,0,30000.0,v0.1
INS_DDADA303F96C,REQ_7129D8CF936B,1,1310.0,v0.1
INS_DDADA303F96C,REQ_A00821A56185,2,950.0,v0.1
INS_DDADA303F96C,REQ_4039044FDC5E,3,10270.0,v0.1
INS_DDADA303F96C,REQ_E8A21C77F13F,4,9680.0,v0.1
INS_DDADA303F96C,REQ_8A7FA70289D1,5,11850.0,v0.1
INS_DDADA303F96C,REQ_55917DA2A050,6,30000.0,v0.1
INS_DDADA303F96C,REQ_16E839822ACE,7,1710.0000000000002,v0.1
INS_DDADA303F96C,REQ_30B74F9E21B0,8,10780.0,v0.1
INS_DDADA303F96C,REQ_E365E0D2353A,9,2150.0,v0.1
INS_07CE7D186411,REQ_67FEC8C29D44,0,2930.0,v0.1
INS_07CE7D186411,REQ_03DA1D8BCBE5,1,1520.0,v0.1
INS_07CE7D186411,REQ_02732A358DC8,2,17050.0,v0.1
INS_07CE7D186411,REQ_8953988849D3,3,4590.0,v0.1
INS_07CE7D186411,REQ_6EF281D64758,4,90.0,v0.1
INS_07CE7D186411,REQ_A91F3DE229F9,5,4180.0,v0.1
INS_07CE7D186411,REQ_6698DE87E049,6,30000.0,v0.1
INS_07CE7D186411,REQ_CAAC5A4EC05B,7,7530.0,v0.1
INS_07CE7D186411,REQ_BB19A296C38F,8,270.0,v0.1
INS_07CE7D186411,REQ_B52951F81B91,9,330.0,v0.1
INS_07CE7D186411,REQ_BCAC18893CBB,10,1989.9999999999998,v0.1
INS_07CE7D186411,REQ_A5770BF865BA,11,90.0,v0.1
INS_07CE7D186411,REQ_D7E16885CA4D,12,30000.0,v0.1
INS_07CE7D186411,REQ_612CF52AF4E2,13,800.0,v0.1
INS_07CE7D186411,REQ_F7AE8B0D5D3F,14,1350.0,v0.1
INS_FDC36E43D86E,REQ_29955146490B,0,240.0,v0.1
INS_FDC36E43D86E,REQ_1785103119BA,1,5170.0,v0.1
INS_FDC36E43D86E,REQ_5ADE234F250B,2,150.0,v0.1
INS_FDC36E43D86E,REQ_7EE87CB7929B,3,3330.0,v0.1
INS_FDC36E43D86E,REQ_0875FF28DEA8,4,250.0,v0.1
INS_FDC36E43D86E,REQ_CD3138801AB8,5,80.0,v0.1
INS_FDC36E43D86E,REQ_4AD35C76BCA6,6,7400.0,v0.1
INS_FDC36E43D86E,REQ_24ACF5DD0CD8,7,7550.0,v0.1
INS_FDC36E43D86E,REQ_3999AC9B7542,8,270.0,v0.1
INS_FDC36E43D86E,REQ_82229E51F722,9,280.0,v0.1
INS_FDC36E43D86E,REQ_05DD965B3498,10,100.0,v0.1
INS_FDC36E43D86E,REQ_9E7C91C0AEF0,11,80.0,v0.1
INS_FDC36E43D86E,REQ_B8BC7A88DD3F,12,3340.0,v0.1
INS_FDC36E43D86E,REQ_494809896FB1,13,30000.0,v0.1
INS_FDC36E43D86E,REQ_EF615D67E644,14,19860.0,v0.1
INS_FDC36E43D86E,REQ_7973ADD2994E,15,320.0,v0.1
INS_FDC36E43D86E,REQ_332D30EF20E9,16,30000.0,v0.1
INS_FDC36E43D86E,REQ_ECA3480848AE,17,3880.0,v0.1
INS_FDC36E43D86E,REQ_F0BE63F95380,18,4390.0,v0.1
INS_FDC36E43D86E,REQ_5D2A5C5631EA,19,5270.0,v0.1
INS_FDC36E43D86E,REQ_E4EF27D11EA0,20,24180.0,v0.1
INS_FDC36E43D86E,REQ_CE3455DB88C0,21,9260.0,v0.1
INS_FDC36E43D86E,REQ_A6E08097317D,22,30000.0,v0.1
INS_FDC36E43D86E,REQ_57A441F5A092,23,30000.0,v0.1
INS_FDC36E43D86E,REQ_D247F8408562,24,7950.0,v0.1
INS_FDC36E43D86E,REQ_03BB0869FE97,25,13930.0,v0.1
INS_FDC36E43D86E,REQ_E3A4C96F2545,26,6630.0,v0.1
INS_FDC36E43D86E,REQ_3D27752AA263,27,30000.0,v0.1
INS_FDC36E43D86E,REQ_8B58A6ED8196,28,430.0,v0.1
INS_FDC36E43D86E,REQ_A37294C566DB,29,23020.0,v0.1
INS_FDC36E43D86E,REQ_C241B50D74CB,30,7380.0,v0.1
INS_FDC36E43D86E,REQ_646C40127093,31,4520.0,v0.1
INS_FDC36E43D86E,REQ_4A46C627B068,32,30000.0,v0.1
INS_FDC36E43D86E,REQ_6AB9739A608E,33,30000.0,v0.1
INS_FDC36E43D86E,REQ_278A14F146EA,34,390.0,v0.1
INS_FDC36E43D86E,REQ_97A034723106,35,30000.0,v0.1
INS_FDC36E43D86E,REQ_21C768BD8F3A,36,310.0,v0.1
INS_FDC36E43D86E,REQ_D8BE48ED7FDE,37,3080.0,v0.1
INS_FDC36E43D86E,REQ_0B4782F7DADB,38,4300.0,v0.1
INS_FDC36E43D86E,REQ_2B57DB723306,39,13240.0,v0.1
INS_EE52A9D79AAB,REQ_2F85535AC6B4,0,1770.0,v0.1
INS_EE52A9D79AAB,REQ_9A89A556D06C,1,15530.0,v0.1
INS_EE52A9D79AAB,REQ_226564DDA886,2,19260.0,v0.1
INS_EE52A9D79AAB,REQ_E435CEF3B666,3,17990.0,v0.1
INS_EE52A9D79AAB,REQ_FA5D1CBDAA38,4,30000.0,v0.1
INS_EE52A9D79AAB,REQ_2F8A85BE4EE4,5,5330.0,v0.1
INS_EE52A9D79AAB,REQ_91AA31B28CE9,6,25750.0,v0.1
INS_EE52A9D79AAB,REQ_F2FB5866D897,7,7640.0,v0.1
INS_EE52A9D79AAB,REQ_2718C84A845D,8,1750.0,v0.1
INS_EE52A9D79AAB,REQ_4549ED3ADB24,9,1160.0,v0.1
INS_EE52A9D79AAB,REQ_ACE5CEDB229A,10,11790.0,v0.1
INS_EE52A9D79AAB,REQ_D6EDC88A0A2D,11,470.0,v0.1
INS_EE52A9D79AAB,REQ_57804759D4A5,12,410.0,v0.1
INS_EE52A9D79AAB,REQ_CF11892A36F8,13,26850.0,v0.1
INS_EE52A9D79AAB,REQ_BB45057A4676,14,490.0,v0.1
INS_EE52A9D79AAB,REQ_099439EB08D2,15,1350.0,v0.1
INS_EE52A9D79AAB,REQ_6A666C8A9FB8,16,2980.0,v0.1
INS_EE52A9D79AAB,REQ_17C2AFCDEDDC,17,30000.0,v0.1
INS_EE52A9D79AAB,REQ_295E46B7E897,18,1210.0,v0.1
INS_EE52A9D79AAB,REQ_BE610B7627B9,19,1750.0,v0.1
INS_EE52A9D79AAB,REQ_78BB1C8FA367,20,2800.0,v0.1
INS_EE52A9D79AAB,REQ_816164E623E5,21,330.0,v0.1
INS_EE52A9D79AAB,REQ_6D49C2576D08,22,500.0,v0.1
INS_EE52A9D79AAB,REQ_7D9BA37A0AF5,23,1120.0,v0.1
INS_EE52A9D79AAB,REQ_BD2AB4FD9304,24,1800.0,v0.1
INS_EE52A9D79AAB,REQ_5A91E8271E61,25,1250.0,v0.1
INS_28C279CCCDA6,REQ_2BE4704EFB60,0,270.0,v0.1
INS_28C279CCCDA6,REQ_231A91044222,1,600.0,v0.1
INS_28C279CCCDA6,REQ_E24D04763E27,2,190.0,v0.1
INS_28C279CCCDA6,REQ_DC90A30FB68E,3,8270.0,v0.1
INS_28C279CCCDA6,REQ_5A6566DAFC6C,4,1050.0,v0.1
INS_28C279CCCDA6,REQ_4B31F931F746,5,3020.0,v0.1
INS_28C279CCCDA6,REQ_DD44ACC13012,6,500.0,v0.1
INS_28C279CCCDA6,REQ_8A9668781AA1,7,6450.0,v0.1
INS_28C279CCCDA6,REQ_37FDAFE257BF,8,1430.0,v0.1
INS_28C279CCCDA6,REQ_C5E887D3F3BA,9,7890.0,v0.1
INS_28C279CCCDA6,REQ_C4B0A7BD85F7,10,430.0,v0.1
INS_28C279CCCDA6,REQ_B28C9C438DBA,11,21460.0,v0.1
INS_28C279CCCDA6,REQ_0CCDCB0D44A8,12,3820.0,v0.1
INS_28C279CCCDA6,REQ_DDDBFE9B56BE,13,30000.0,v0.1
INS_FC414ECD4A36,REQ_5F1B6242C3DD,0,2150.0,v0.1
INS_FC414ECD4A36,REQ_876FBD6ED478,1,30000.0,v0.1
INS_FC414ECD4A36,REQ_BB22CEA56608,2,500.0,v0.1
INS_FC414ECD4A36,REQ_A23E47A1C578,3,30000.0,v0.1
INS_FC414ECD4A36,REQ_FC15A30D7C41,4,200.0,v0.1
INS_FC414ECD4A36,REQ_A2E878752202,5,459.99999999999994,v0.1
INS_FC414ECD4A36,REQ_8FD0943C9A93,6,8850.0,v0.1
INS_FC414ECD4A36,REQ_C2D201E8BAB9,7,150.0,v0.1
INS_FC414ECD4A36,REQ_8539B76AF21B,8,210.0,v0.1
INS_FC414ECD4A36,REQ_E27CECDAAF22,9,1370.0,v0.1
INS_FC414ECD4A36,REQ_101005EE2DED,10,11910.0,v0.1
INS_FC414ECD4A36,REQ_A59DE8BF9CF8,11,1960.0,v0.1
INS_FC414ECD4A36,REQ_C1BE57E93AFE,12,900.0,v0.1
INS_FC414ECD4A36,REQ_E9DBA593E84C,13,80.0,v0.1
INS_FC414ECD4A36,REQ_44DDB20D7AA6,14,150.0,v0.1
INS_FC414ECD4A36,REQ_174308766537,15,170.0,v0.1
INS_FC414ECD4A36,REQ_21C6E187A6DB,16,30000.0,v0.1
INS_FC414ECD4A36,REQ_D2500AC89062,17,13519.999999999998,v0.1
INS_FC414ECD4A36,REQ_1C208B5F06A3,18,14760.0,v0.1
INS_FC414ECD4A36,REQ_4AC0C8977D4F,19,30000.0,v0.1
INS_FC414ECD4A36,REQ_BE0807C13E9A,20,80.0,v0.1
INS_FC414ECD4A36,REQ_95D64862EE39,21,5650.0,v0.1
INS_FC414ECD4A36,REQ_B32F6E68E3C7,22,1890.0,v0.1
INS_FC414ECD4A36,REQ_0C1911938B95,23,1600.0,v0.1
INS_FC414ECD4A36,REQ_826626C57AA2,24,120.0,v0.1
INS_FC414ECD4A36,REQ_8F1865413DF5,25,6450.0,v0.1
INS_FC414ECD4A36,REQ_54F1698CDB81,26,100.0,v0.1
INS_FC414ECD4A36,REQ_07EA4E92CD1D,27,8720.0,v0.1
INS_FC414ECD4A36,REQ_177CEE982D51,28,100.0,v0.1
INS_FC414ECD4A36,REQ_EA40DCC4EBAB,29,14040.0,v0.1
INS_FC414ECD4A36,REQ_768270D0D13F,30,7470.0,v0.1
INS_FC414ECD4A36,REQ_FB17C6E89C82,31,11300.0,v0.1
INS_A2FAEDB9C906,REQ_BC77265535EE,0,2540.0,v0.1
INS_A2FAEDB9C906,REQ_D74FAA17251C,1,350.0,v0.1
INS_A2FAEDB9C906,REQ_5EA1C03BF0BD,2,1000.0,v0.1
INS_A2FAEDB9C906,REQ_CC91CE37531E,3,1150.0,v0.1
INS_A2FAEDB9C906,REQ_54BF9C0955EC,4,1450.0,v0.1
INS_A2FAEDB9C906,REQ_4544441B2AF6,5,15100.0,v0.1
INS_A2FAEDB9C906,REQ_4DA5C8FA58C4,6,550.0,v0.1
INS_A2FAEDB9C906,REQ_14C487F7E586,7,3090.0,v0.1
INS_A2FAEDB9C906,REQ_B4F43B06E304,8,3050.0,v0.1
INS_A2FAEDB9C906,REQ_756C57A8516D,9,1080.0,v0.1
INS_A2FAEDB9C906,REQ_DBBBFF983FC9,10,22010.0,v0.1
INS_A2FAEDB9C906,REQ_876160DAD0FB,11,660.0,v0.1
INS_A2FAEDB9C906,REQ_DEF12EC898CB,12,1190.0,v0.1
INS_A2FAEDB9C906,REQ_69FCD206347B,13,3110.0,v0.1
INS_A2FAEDB9C906,REQ_18E6E80CF659,14,8260.0,v0.1
INS_A2FAEDB9C906,REQ_F45AD8FA5E3A,15,1050.0,v0.1
INS_A2FAEDB9C906,REQ_DBB07CC264FB,16,30000.0,v0.1
INS_A2FAEDB9C906,REQ_AA7AF77F593B,17,1090.0,v0.1
INS_A2FAEDB9C906,REQ_7A8432891A0F,18,23030.0,v0.1
INS_A2FAEDB9C906,REQ_127EF96C5730,19,1450.0,v0.1
INS_A2FAEDB9C906,REQ_C4FC4339523B,20,2660.0,v0.1
INS_A2FAEDB9C906,REQ_8CB3B716CE4D,21,640.0,v0.1
INS_A2FAEDB9C906,REQ_1CF44CB27553,22,30000.0,v0.1
INS_DC7C34F8B8C9,REQ_C88C07C72AE0,0,350.0,v0.1
INS_DC7C34F8B8C9,REQ_CFED64B1496D,1,22680.0,v0.1
INS_DC7C34F8B8C9,REQ_4F1B836A8285,2,1400.0,v0.1
INS_DC7C34F8B8C9,REQ_BA8E081FF5D4,3,4140.0,v0.1
INS_DC7C34F8B8C9,REQ_0D91D809D024,4,1050.0,v0.1
INS_DC7C34F8B8C9,REQ_ADB8F3E6086C,5,31520.0,v0.1
INS_DC7C34F8B8C9,REQ_E0AF2CC9254A,6,24130.0,v0.1
INS_DC7C34F8B8C9,REQ_71ED0AAC616B,7,1000.0,v0.1
INS_DC7C34F8B8C9,REQ_F394FA7A39C9,8,2000.0,v0.1
INS_DC7C34F8B8C9,REQ_BB99A112A717,9,3470.0000000000005,v0.1
INS_DC7C34F8B8C9,REQ_08527C57A5E9,10,30000.0,v0.1
INS_DC7C34F8B8C9,REQ_96463D912440,11,14370.0,v0.1
INS_DC7C34F8B8C9,REQ_AE27B3E5BE7B,12,320.0,v0.1
INS_DC7C34F8B8C9,REQ_2BEE5175A35E,13,1700.0,v0.1
INS_DC7C34F8B8C9,REQ_9517729DC6F5,14,30000.0,v0.1
INS_DC7C34F8B8C9,REQ_1472F9C509A1,15,5700.0,v0.1
INS_DC7C34F8B8C9,REQ_C3620844B984,16,1710.0,v0.1
INS_DC7C34F8B8C9,REQ_69A126A58F29,17,15730.0,v0.1
INS_DC7C34F8B8C9,REQ_35A7E7DFFE25,18,1019.9999999999999,v0.1
INS_DC7C34F8B8C9,REQ_4A8C35F087BF,19,30000.0,v0.1
INS_DC7C34F8B8C9,REQ_ECABD863DB81,20,800.0,v0.1
INS_DC7C34F8B8C9,REQ_7B231D12DC47,21,11850.0,v0.1
INS_DC7C34F8B8C9,REQ_6055E62A984E,22,15870.0,v0.1
INS_DC7C34F8B8C9,REQ_86A5C836CE13,23,1450.0,v0.1
INS_DC7C34F8B8C9,REQ_5369A007113B,24,600.0,v0.1
INS_DC7C34F8B8C9,REQ_4C276041F1E6,25,7280.0,v0.1
INS_DC7C34F8B8C9,REQ_7E8AA33D3648,26,2250.0,v0.1
INS_0B0635617E55,REQ_594C2059DC2E,0,1050.0,v0.1
INS_0B0635617E55,REQ_FED0525171EE,1,1450.0,v0.1
INS_0B0635617E55,REQ_EE9EF02672C0,2,30000.0,v0.1
INS_0B0635617E55,REQ_177C97AC7AA1,3,810.0,v0.1
INS_0B0635617E55,REQ_5E7A45C18CCE,4,7990.0,v0.1
INS_0B0635617E55,REQ_67361EAFF387,5,30000.0,v0.1
INS_0B0635617E55,REQ_712B9A1534C8,6,1510.0,v0.1
INS_0B0635617E55,REQ_F6630F709884,7,5460.0,v0.1
INS_0B0635617E55,REQ_1B425B2E096D,8,5770.0,v0.1
INS_0B0635617E55,REQ_C73459155D74,9,4240.0,v0.1
INS_0B0635617E55,REQ_55FED03D2CCB,10,30000.0,v0.1
INS_6DE6B6DE2DB4,REQ_2EE7177784EB,0,950.0,v0.1
INS_6DE6B6DE2DB4,REQ_84A7E388C443,1,8420.0,v0.1
INS_6DE6B6DE2DB4,REQ_437560C03E6B,2,890.0,v0.1
INS_6DE6B6DE2DB4,REQ_4AE151912E61,3,220.00000000000003,v0.1
INS_6DE6B6DE2DB4,REQ_E9D9D632177C,4,600.0,v0.1
INS_6DE6B6DE2DB4,REQ_D0E1A6E8E17C,5,110.00000000000001,v0.1
INS_6DE6B6DE2DB4,REQ_9EBBDF126BA4,6,14640.0,v0.1
INS_6DE6B6DE2DB4,REQ_219FC0579FB5,7,3000.0,v0.1
INS_6DE6B6DE2DB4,REQ_01A5122FC212,8,7990.0,v0.1
INS_6DE6B6DE2DB4,REQ_262B3A37E07A,9,15860.0,v0.1
INS_6DE6B6DE2DB4,REQ_E9C1040A15EB,10,4190.0,v0.1
INS_6DE6B6DE2DB4,REQ_26630843A382,11,290.0,v0.1
INS_6DE6B6DE2DB4,REQ_B482EAAB06AD,12,6709.999999999999,v0.1
INS_6DE6B6DE2DB4,REQ_59735FE0A2A3,13,4650.0,v0.1
INS_6DE6B6DE2DB4,REQ_3E0830BCF7E4,14,1450.0,v0.1
INS_6DE6B6DE2DB4,REQ_D09F215C828D,15,620.0,v0.1
INS_6DE6B6DE2DB4,REQ_54F1DCA39F33,16,1180.0,v0.1
INS_6DE6B6DE2DB4,REQ_D472D3C6098F,17,680.0,v0.1
INS_6DE6B6DE2DB4,REQ_EE042A13C890,18,30000.0,v0.1
INS_6DE6B6DE2DB4,REQ_7185E7356822,19,14510.0,v0.1
INS_6DE6B6DE2DB4,REQ_068EA07A83AB,20,30000.0,v0.1
INS_6DE6B6DE2DB4,REQ_418380863D03,21,610.0,v0.1
INS_6DE6B6DE2DB4,REQ_24D52BEADC04,22,16820.0,v0.1
INS_6DE6B6DE2DB4,REQ_22167DB45E4F,23,1300.0,v0.1
INS_6DE6B6DE2DB4,REQ_1FB88CB4FF30,24,860.0,v0.1
INS_6DE6B6DE2DB4,REQ_71B61A909F0D,25,1480.0,v0.1
INS_6DE6B6DE2DB4,REQ_D956C8EEA769,26,11360.0,v0.1
INS_9D622512D1CC,REQ_95D8300CB67F,0,30000.0,v0.1
INS_9D622512D1CC,REQ_1D3022A56C59,1,29640.0,v0.1
INS_9D622512D1CC,REQ_4FA750C3EB42,2,30000.0,v0.1
INS_9D622512D1CC,REQ_D0C666B4243B,3,11400.0,v0.1
INS_9D622512D1CC,REQ_F53D889DCE34,4,30000.0,v0.1
INS_9D622512D1CC,REQ_E72E2B7E84A1,5,6600.0,v0.1
INS_9D622512D1CC,REQ_A2B4B2E3B869,6,30000.0,v0.1
INS_9D622512D1CC,REQ_F2AFC438D0DB,7,100.0,v0.1
INS_9D622512D1CC,REQ_AE96F55073EE,8,150.0,v0.1
INS_9D622512D1CC,REQ_8CB3B3306FC2,9,1100.0,v0.1
INS_9D622512D1CC,REQ_017C470AA3A8,10,23290.0,v0.1
INS_9D622512D1CC,REQ_7BB4D8BAAC00,11,260.0,v0.1
INS_9D622512D1CC,REQ_73706963B396,12,13140.0,v0.1
INS_9D622512D1CC,REQ_DDEF03A9D2BE,13,1540.0,v0.1
INS_9D622512D1CC,REQ_50339901A49C,14,30000.0,v0.1
INS_9D622512D1CC,REQ_C83D17FB2AB0,15,750.0,v0.1
INS_9D622512D1CC,REQ_1DD75B0AAE93,16,15040.0,v0.1
INS_9D622512D1CC,REQ_23AE1A4F5118,17,1160.0,v0.1
INS_9D622512D1CC,REQ_2390E5A12A9A,18,540.0,v0.1
INS_9D622512D1CC,REQ_67A0D31A5134,19,1350.0,v0.1
INS_9D622512D1CC,REQ_171583F180FE,20,14440.0,v0.1
INS_9D622512D1CC,REQ_5AE19FCE4E2E,21,350.0,v0.1
INS_9D622512D1CC,REQ_ED4204E56981,22,880.0000000000001,v0.1
INS_9D622512D1CC,REQ_0A2D40EC1532,23,13650.0,v0.1
INS_9D622512D1CC,REQ_3F34BB2C8792,24,260.0,v0.1
INS_9D622512D1CC,REQ_E8C8180336C1,25,5730.0,v0.1
INS_9D622512D1CC,REQ_B2104E66F2AC,26,80.0,v0.1
INS_9D622512D1CC,REQ_62A4CC27B65E,27,13740.0,v0.1
INS_9D622512D1CC,REQ_189A45856D76,28,950.0,v0.1
INS_9D622512D1CC,REQ_1DF89A0E5030,29,370.0,v0.1
INS_9D622512D1CC,REQ_BE56207A12D2,30,8850.0,v0.1
INS_9D622512D1CC,REQ_AE7CC7EA497A,31,7310.0,v0.1
INS_9D622512D1CC,REQ_05C51AC0177D,32,750.0,v0.1
INS_9D622512D1CC,REQ_9CCB9790A003,33,3650.0,v0.1
INS_9D622512D1CC,REQ_FE1B229AD9D8,34,30000.0,v0.1
INS_9D622512D1CC,REQ_6A34CADD70EB,35,840.0,v0.1
INS_9D622512D1CC,REQ_D5A369FF33F6,36,1200.0,v0.1
INS_9D622512D1CC,REQ_E4D8046DF96D,37,340.0,v0.1
INS_9D622512D1CC,REQ_3B3788E4B5E3,38,30000.0,v0.1
INS_9D622512D1CC,REQ_7C79481DC62A,39,640.0,v0.1
INS_5498FB61FC73,REQ_E25E2DD074FB,0,17740.0,v0.1
INS_5498FB61FC73,REQ_04EF78E78706,1,20060.0,v0.1
INS_5498FB61FC73,REQ_4BE0C09F6875,2,20790.0,v0.1
INS_5498FB61FC73,REQ_5F446DF542CF,3,24970.0,v0.1
INS_8861B334F48A,REQ_42683BD90E2F,0,5980.0,v0.1
INS_8861B334F48A,REQ_73149BDE2AED,1,15910.0,v0.1
INS_8861B334F48A,REQ_5B8E166E7369,2,3650.0,v0.1
INS_8861B334F48A,REQ_478835E366BE,3,1810.0,v0.1
INS_8861B334F48A,REQ_5894D64C974A,4,520.0,v0.1
INS_8861B334F48A,REQ_EAF245ABE3EB,5,8820.0,v0.1
INS_8861B334F48A,REQ_23F458103E09,6,250.0,v0.1
INS_8861B334F48A,REQ_6D4E0DB0DB6E,7,1140.0,v0.1
INS_8861B334F48A,REQ_7E1CE34E5D29,8,20140.0,v0.1
INS_8861B334F48A,REQ_99AC8F80B95F,9,8840.0,v0.1
INS_8861B334F48A,REQ_C9D683A096E8,10,5000.0,v0.1
INS_8861B334F48A,REQ_849436F354CE,11,10870.0,v0.1
INS_8861B334F48A,REQ_8917CBAC7390,12,150.0,v0.1
INS_8861B334F48A,REQ_F66F2D49B45A,13,30000.0,v0.1
INS_8861B334F48A,REQ_FE64B0153CFD,14,5500.0,v0.1
INS_8861B334F48A,REQ_339C443B1D3B,15,30000.0,v0.1
INS_8861B334F48A,REQ_1B20A1BDDA5B,16,11770.0,v0.1
INS_8861B334F48A,REQ_00FF8C8E4CC7,17,200.0,v0.1
INS_8861B334F48A,REQ_30C40B196FF5,18,2740.0,v0.1
INS_8861B334F48A,REQ_A7F8BFF04C5A,19,6550.0,v0.1
INS_8861B334F48A,REQ_50CF6CAF2A48,20,10250.0,v0.1
INS_8861B334F48A,REQ_9013A637B0E9,21,9230.0,v0.1
INS_8861B334F48A,REQ_33B01AF19B98,22,9460.0,v0.1
INS_8861B334F48A,REQ_80EF7E18B2FD,23,3710.0,v0.1
INS_8861B334F48A,REQ_C75C67960DE4,24,700.0,v0.1
INS_C97D01C882D8,REQ_85C6C7240F49,0,7790.0,v0.1
INS_C97D01C882D8,REQ_127AC607B84C,1,4120.0,v0.1
INS_C97D01C882D8,REQ_34F541823433,2,850.0,v0.1
INS_C97D01C882D8,REQ_A71A45A8ABB3,3,6060.0,v0.1
INS_C97D01C882D8,REQ_7E4B89D68462,4,2350.0,v0.1
INS_C97D01C882D8,REQ_0334CCD7EF24,5,11780.0,v0.1
INS_C97D01C882D8,REQ_1ECCCD9B0737,6,860.0,v0.1
INS_C97D01C882D8,REQ_73BBDAD55772,7,1320.0,v0.1
INS_C97D01C882D8,REQ_B9E701BAFD1E,8,730.0,v0.1
INS_C97D01C882D8,REQ_695D8C12D579,9,25280.0,v0.1
INS_C97D01C882D8,REQ_B8795AB9533C,10,30000.0,v0.1
INS_C97D01C882D8,REQ_E4A18DDE65A0,11,5780.0,v0.1
INS_C97D01C882D8,REQ_E539FB4F988D,12,1040.0,v0.1
INS_C97D01C882D8,REQ_38C98D2AC8CC,13,30000.0,v0.1
INS_C97D01C882D8,REQ_BD11A90B5188,14,1100.0,v0.1
INS_C97D01C882D8,REQ_139C97FBECEE,15,19350.0,v0.1
INS_C97D01C882D8,REQ_94FF04C9B288,16,310.0,v0.1
INS_C97D01C882D8,REQ_0603D0C320AD,17,30000.0,v0.1
INS_C97D01C882D8,REQ_C545E817EFE4,18,4900.0,v0.1
INS_C97D01C882D8,REQ_6790E6939DD0,19,760.0,v0.1
INS_C97D01C882D8,REQ_395311E2ABB2,20,2600.0,v0.1
INS_C97D01C882D8,REQ_398156F7E09F,21,270.0,v0.1
INS_0F8A6D7650D3,REQ_851090088FFE,0,3880.0,v0.1
INS_0F8A6D7650D3,REQ_E44FFA769B52,1,1330.0,v0.1
INS_0F8A6D7650D3,REQ_288956639F85,2,880.0,v0.1
INS_0F8A6D7650D3,REQ_E1F0A0A03469,3,850.0,v0.1
INS_0F8A6D7650D3,REQ_A2143D8A6A5A,4,270.0,v0.1
INS_0F8A6D7650D3,REQ_4693B6AA9E13,5,10690.0,v0.1
INS_0F8A6D7650D3,REQ_4F5736232A73,6,610.0,v0.1
INS_0F8A6D7650D3,REQ_C598FA767B66,7,4700.0,v0.1
INS_0F8A6D7650D3,REQ_EF8DDF16723F,8,1200.0,v0.1
INS_0F8A6D7650D3,REQ_6CB2A0154044,9,6630.0,v0.1
INS_0F8A6D7650D3,REQ_0EF5FF6B9CC2,10,17010.0,v0.1
INS_0F8A6D7650D3,REQ_C731C47FA46A,11,480.0,v0.1
INS_0F8A6D7650D3,REQ_58178F00995C,12,13040.0,v0.1
INS_0F8A6D7650D3,REQ_1CA414B99154,13,1850.0,v0.1
INS_0F8A6D7650D3,REQ_446404AAF478,14,4350.0,v0.1
INS_0F8A6D7650D3,REQ_2345353ADBE9,15,1490.0,v0.1
INS_0F8A6D7650D3,REQ_2F46DA19F896,16,750.0,v0.1
INS_0F8A6D7650D3,REQ_249808A94F18,17,3280.0,v0.1
INS_0F8A6D7650D3,REQ_602C3976D3B8,18,2830.0,v0.1
INS_0F8A6D7650D3,REQ_6A3DB72020F7,19,500.0,v0.1
INS_0F8A6D7650D3,REQ_FC0125DB853A,20,1800.0,v0.1
INS_0F8A6D7650D3,REQ_ADF64AD2B6D3,21,1330.0,v0.1
INS_0F8A6D7650D3,REQ_1DDEFF5EACE5,22,360.0,v0.1
INS_0F8A6D7650D3,REQ_8F7E8FE5EFE5,23,9975.0,v0.1
INS_0F8A6D7650D3,REQ_F5652345EBD9,24,2039.9999999999998,v0.1
INS_0F8A6D7650D3,REQ_136259320047,25,350.0,v0.1
INS_0F8A6D7650D3,REQ_C09D72B16F08,26,280.0,v0.1
INS_0F8A6D7650D3,REQ_0D7F5C50E899,27,2050.0,v0.1
INS_0F8A6D7650D3,REQ_DA3FAE7CB0E4,28,500.0,v0.1
INS_0F8A6D7650D3,REQ_3B901C0D5713,29,10830.0,v0.1
INS_0F8A6D7650D3,REQ_A35F075737D1,30,510.0,v0.1
INS_0F8A6D7650D3,REQ_E1DD566B47A2,31,100.0,v0.1
INS_0F8A6D7650D3,REQ_5B4D60C6F8E2,32,400.0,v0.1
INS_0F8A6D7650D3,REQ_5A1D648BECB5,33,1120.0,v0.1
INS_0F8A6D7650D3,REQ_68E0B3BDD373,34,9700.0,v0.1
INS_0F8A6D7650D3,REQ_B5AB8A292263,35,3600.0,v0.1
INS_0F8A6D7650D3,REQ_B562F4C6BEEE,36,5875.0,v0.1
INS_0F8A6D7650D3,REQ_1F10824A262C,37,22410.0,v0.1
INS_0F8A6D7650D3,REQ_0B7264D097F7,38,8410.0,v0.1
INS_0F8A6D7650D3,REQ_65B96B3BBE20,39,25480.0,v0.1
INS_0F8A6D7650D3,REQ_EE215264CFFD,40,1880.0,v0.1
INS_129635D6D428,REQ_1C35E1C9A44C,0,13340.0,v0.1
INS_129635D6D428,REQ_0938FD678692,1,1900.0,v0.1
INS_129635D6D428,REQ_9F7A732FF711,2,6500.0,v0.1
INS_129635D6D428,REQ_A4A642D0DDC6,3,30000.0,v0.1
INS_129635D6D428,REQ_EE52AAAAC8AB,4,2860.0,v0.1
INS_129635D6D428,REQ_A29738DE48CF,5,30000.0,v0.1
INS_129635D6D428,REQ_539D08B806F2,6,470.0,v0.1
INS_129635D6D428,REQ_3DE0D65BD1C1,7,30000.0,v0.1
INS_129635D6D428,REQ_5A633402B426,8,910.0,v0.1
INS_129635D6D428,REQ_B40D23A4030F,9,3290.0,v0.1
INS_129635D6D428,REQ_F1D4F84DBBAE,10,1760.0000000000002,v0.1
INS_129635D6D428,REQ_4EACE74C442E,11,19040.0,v0.1
INS_129635D6D428,REQ_C8FBC4785A12,12,1650.0,v0.1
INS_129635D6D428,REQ_465F8A1E6A68,13,12860.0,v0.1
INS_129635D6D428,REQ_88A020157847,14,30000.0,v0.1
INS_129635D6D428,REQ_27014641108D,15,910.0,v0.1
INS_129635D6D428,REQ_2C9E9DAECE67,16,17660.0,v0.1
INS_129635D6D428,REQ_C65CF1065882,17,950.0,v0.1
INS_129635D6D428,REQ_0B27C069EC03,18,2550.0,v0.1
INS_129635D6D428,REQ_32342A3BA875,19,180.0,v0.1
INS_129635D6D428,REQ_83BABB6368D7,20,1980.0,v0.1
INS_129635D6D428,REQ_85585E79F9FD,21,14900.0,v0.1
INS_129635D6D428,REQ_5CCDE1076C51,22,30000.0,v0.1
INS_129635D6D428,REQ_DADA1D64AEBF,23,150.0,v0.1
INS_129635D6D428,REQ_92278EA61130,24,1700.0,v0.1
INS_129635D6D428,REQ_2916B1BF0C17,25,250.0,v0.1
INS_129635D6D428,REQ_D6DEB66CB312,26,1230.0,v0.1
INS_129635D6D428,REQ_EFCBF825E5F8,27,8900.0,v0.1
INS_129635D6D428,REQ_90588B6B3823,28,8420.0,v0.1
INS_129635D6D428,REQ_B9329A44E59F,29,2280.0,v0.1
INS_129635D6D428,REQ_ABD54DEBC2BC,30,14830.0,v0.1
INS_129635D6D428,REQ_9807FEEC729B,31,20180.0,v0.1
INS_129635D6D428,REQ_01A78081792F,32,1200.0,v0.1
INS_129635D6D428,REQ_010EF9CA815D,33,9030.0,v0.1
INS_129635D6D428,REQ_4FB973EC53CF,34,480.0,v0.1
INS_129635D6D428,REQ_74C1CC9E1E5E,35,2700.0,v0.1
INS_129635D6D428,REQ_4173C3E240D9,36,15330.0,v0.1
INS_129635D6D428,REQ_20466ADC774D,37,2750.0,v0.1
INS_129635D6D428,REQ_93180CC81821,38,9650.0,v0.1
INS_129635D6D428,REQ_7ABA9DD9083D,39,210.0,v0.1
INS_129635D6D428,REQ_8184F6B2D30F,40,4360.0,v0.1
INS_129635D6D428,REQ_CD4A2A3AC913,41,1000.0,v0.1
INS_129635D6D428,REQ_E562401D8B58,42,800.0,v0.1
INS_129635D6D428,REQ_4FA89AAA766D,43,1150.0,v0.1
INS_129635D6D428,REQ_DD33DECA51CF,44,1900.0,v0.1
INS_129635D6D428,REQ_7A3DF7AF6A09,45,30000.0,v0.1
INS_129635D6D428,REQ_9FDB97C8E276,46,30000.0,v0.1
INS_129635D6D428,REQ_B00D64C99A2F,47,4950.0,v0.1
INS_893CABD64BBB,REQ_EA85530B4E1C,0,200.0,v0.1
INS_893CABD64BBB,REQ_4D347C31A3BB,1,14480.0,v0.1
INS_893CABD64BBB,REQ_2EDAF1AE9FEE,2,13090.0,v0.1
INS_893CABD64BBB,REQ_AB84501C2EEC,3,19090.0,v0.1
INS_893CABD64BBB,REQ_22AA10FE403A,4,150.0,v0.1
INS_893CABD64BBB,REQ_4C5BFC2DCFD6,5,13900.0,v0.1
INS_893CABD64BBB,REQ_381D39CE6B29,6,24240.0,v0.1
INS_893CABD64BBB,REQ_4E790B225C9F,7,30000.0,v0.1
INS_5A6D36712CD4,REQ_9584C08AD877,0,919.9999999999999,v0.1
INS_5A6D36712CD4,REQ_10CA980B5C68,1,3679.9999999999995,v0.1
INS_5A6D36712CD4,REQ_13C47C1426A4,2,9810.0,v0.1
INS_5A6D36712CD4,REQ_457E4B6D4515,3,11910.0,v0.1
INS_5A6D36712CD4,REQ_809691E45A83,4,16170.000000000002,v0.1
INS_5A6D36712CD4,REQ_ED0D510420B0,5,30000.0,v0.1
INS_5A6D36712CD4,REQ_9D6BBDA98C05,6,23090.0,v0.1
INS_5A6D36712CD4,REQ_9FF3A0648E44,7,4810.0,v0.1
INS_5A6D36712CD4,REQ_2FC469D91F03,8,520.0,v0.1
INS_5A6D36712CD4,REQ_1375ECA47223,9,15760.0,v0.1
INS_5A6D36712CD4,REQ_BB40FFB05E44,10,950.0,v0.1
INS_5A6D36712CD4,REQ_9DD7EBCD8C80,11,800.0,v0.1
INS_64E3FA4BD1C8,REQ_E37687421391,0,2780.0,v0.1
INS_64E3FA4BD1C8,REQ_77D4222B7231,1,30000.0,v0.1
INS_64E3FA4BD1C8,REQ_0C668307F0E7,2,6550.0,v0.1
INS_64E3FA4BD1C8,REQ_D16E33298D6E,3,10550.0,v0.1
INS_64E3FA4BD1C8,REQ_8D7E5155F807,4,1000.0,v0.1
INS_64E3FA4BD1C8,REQ_08C8851B5DA3,5,4480.0,v0.1
INS_64E3FA4BD1C8,REQ_C47E964112AA,6,960.0,v0.1
INS_64E3FA4BD1C8,REQ_4EEF90BA9AB1,7,8010.0,v0.1
INS_64E3FA4BD1C8,REQ_EFBE62016D45,8,5010.0,v0.1
INS_7FB670E5E87D,REQ_1572DC92FE4B,0,1000.0,v0.1
INS_7FB670E5E87D,REQ_8779DF64E5AB,1,24280.0,v0.1
INS_7FB670E5E87D,REQ_984C26F00A2D,2,30000.0,v0.1
INS_7FB670E5E87D,REQ_9515BF2AC4F4,3,27439.999999999996,v0.1
INS_7FB670E5E87D,REQ_2A7A3F853B85,4,14120.0,v0.1
INS_7FB670E5E87D,REQ_6B84D3B97157,5,22140.0,v0.1
INS_7FB670E5E87D,REQ_9BBC930E0DC0,6,350.0,v0.1
INS_7FB670E5E87D,REQ_C600790D22D8,7,5600.0,v0.1
INS_7FB670E5E87D,REQ_4CE6F84B44EA,8,1530.0,v0.1
INS_7FB670E5E87D,REQ_E384F8DDE739,9,23320.0,v0.1
INS_5BBAF59ECE2A,REQ_293DD9C42372,0,1640.0,v0.1
INS_5BBAF59ECE2A,REQ_B3F0F9243848,1,530.0,v0.1
INS_5BBAF59ECE2A,REQ_6AFE66F5B936,2,8790.0,v0.1
INS_5BBAF59ECE2A,REQ_D36AF782C0A2,3,6250.0,v0.1
INS_5BBAF59ECE2A,REQ_CA61DAADD421,4,2870.0,v0.1
INS_5BBAF59ECE2A,REQ_127D3F2A1DDF,5,550.0,v0.1
INS_5BBAF59ECE2A,REQ_AA71ACC04515,6,200.0,v0.1
INS_5BBAF59ECE2A,REQ_528FC3312BC9,7,450.0,v0.1
INS_5BBAF59ECE2A,REQ_D18137DF8DEB,8,1030.0,v0.1
INS_5BBAF59ECE2A,REQ_8DE3F80ECC63,9,10120.0,v0.1
INS_96DF77262EA1,REQ_35CB9B1D3E5F,0,9250.0,v0.1
INS_96DF77262EA1,REQ_3B16D1C2185E,1,500.0,v0.1
INS_96DF77262EA1,REQ_ED0CDF63F01C,2,900.0,v0.1
INS_96DF77262EA1,REQ_C1C09FDBC68F,3,30000.0,v0.1
INS_96DF77262EA1,REQ_EFCC5E33D5AF,4,1350.0,v0.1
INS_96DF77262EA1,REQ_B8179C27E32A,5,560.0,v0.1
INS_96DF77262EA1,REQ_234088716DE5,6,2050.0,v0.1
INS_96DF77262EA1,REQ_8E6023862630,7,1019.9999999999999,v0.1
INS_96DF77262EA1,REQ_9BF16612D6DD,8,30000.0,v0.1
INS_96DF77262EA1,REQ_E43E6A377B78,9,630.0,v0.1
INS_96DF77262EA1,REQ_67167A83D399,10,22210.0,v0.1
INS_96DF77262EA1,REQ_99AC92F8B63E,11,500.0,v0.1
INS_96DF77262EA1,REQ_0DA9A352FC9A,12,750.0,v0.1
INS_96DF77262EA1,REQ_67CBE3FA8813,13,600.0,v0.1
INS_96DF77262EA1,REQ_47F9E8860393,14,160.0,v0.1
INS_96DF77262EA1,REQ_695B3F517AF6,15,30000.0,v0.1
INS_96DF77262EA1,REQ_0BE51FAFA111,16,1090.0,v0.1
INS_96DF77262EA1,REQ_6703CCB24411,17,1500.0,v0.1
INS_96DF77262EA1,REQ_3571241E6E37,18,280.0,v0.1
INS_96DF77262EA1,REQ_C4E6FD13EBA6,19,12950.0,v0.1
INS_96DF77262EA1,REQ_69254C3F84BC,20,30000.0,v0.1
INS_96DF77262EA1,REQ_0CF4315B7877,21,30000.0,v0.1
INS_96DF77262EA1,REQ_D7EAB87A0D3A,22,30000.0,v0.1
INS_96DF77262EA1,REQ_18E0E6FAF872,23,30000.0,v0.1
INS_96DF77262EA1,REQ_08A8282C1D58,24,850.0,v0.1
INS_96DF77262EA1,REQ_5BCD98755798,25,920.0,v0.1
INS_96DF77262EA1,REQ_5F0D87CA5156,26,1000.0,v0.1
INS_96DF77262EA1,REQ_DF54D746A290,27,869.9999999999999,v0.1
INS_96DF77262EA1,REQ_5A5ABDF38F20,28,300.0,v0.1
INS_96DF77262EA1,REQ_A8B5F20C461A,29,350.0,v0.1
INS_7553F7263E30,REQ_E504DF3A03E8,0,30000.0,v0.1
INS_7553F7263E30,REQ_A50C6073AA98,1,3970.0000000000005,v0.1
INS_7553F7263E30,REQ_4FC865CCE654,2,150.0,v0.1
INS_7553F7263E30,REQ_C62734E77C21,3,950.0,v0.1
INS_7553F7263E30,REQ_34BEBEEF0FF3,4,12630.0,v0.1
INS_7553F7263E30,REQ_82C7CB1AFA40,5,480.0,v0.1
INS_7553F7263E30,REQ_256C39E1F539,6,30000.0,v0.1
INS_7553F7263E30,REQ_7AA836D3F5BA,7,1060.0,v0.1
INS_7553F7263E30,REQ_7E9344CB1715,8,30000.0,v0.1
INS_7553F7263E30,REQ_AB8D2A162F4B,9,2850.0,v0.1
INS_7553F7263E30,REQ_8E463610CAD3,10,25920.0,v0.1
INS_7553F7263E30,REQ_28AF681AEFCA,11,30000.0,v0.1
INS_7553F7263E30,REQ_3C676ABB7CC1,12,910.0,v0.1
INS_7553F7263E30,REQ_2FE12C476DDA,13,13740.0,v0.1
INS_7553F7263E30,REQ_EC1F39E0DBFB,14,900.0,v0.1
INS_7553F7263E30,REQ_A53C9BE2DA41,15,670.0,v0.1
INS_7553F7263E30,REQ_C76472E125F6,16,18340.0,v0.1
INS_7553F7263E30,REQ_031242229A4A,17,3160.0,v0.1
INS_7553F7263E30,REQ_20B9B1623E1B,18,26190.0,v0.1
INS_7553F7263E30,REQ_A541F598DFF7,19,1650.0,v0.1
INS_7553F7263E30,REQ_5BB7630FE59B,20,1900.0,v0.1
INS_7553F7263E30,REQ_8E8312316443,21,13150.0,v0.1
INS_7553F7263E30,REQ_D5D91096E1D4,22,16260.000000000002,v0.1
INS_7553F7263E30,REQ_AD923901604A,23,6600.0,v0.1
INS_7553F7263E30,REQ_5A2D78231B92,24,500.0,v0.1
INS_7553F7263E30,REQ_A54EC414C339,25,1400.0,v0.1
INS_7553F7263E30,REQ_829F21B0FDF0,26,570.0,v0.1
INS_7553F7263E30,REQ_54E88BDABC5D,27,7950.0,v0.1
INS_6974E33C0EA5,REQ_72A09854E31A,0,19860.0,v0.1
INS_6974E33C0EA5,REQ_F1671B392DCB,1,450.0,v0.1
INS_6974E33C0EA5,REQ_A3648B7B6509,2,500.0,v0.1
INS_6974E33C0EA5,REQ_BD00A086B652,3,25860.000000000004,v0.1
INS_6974E33C0EA5,REQ_894DFA0E4566,4,30000.0,v0.1
INS_6974E33C0EA5,REQ_D3F9F7A08C88,5,700.0,v0.1
INS_6974E33C0EA5,REQ_7134229E05FD,6,6710.0,v0.1
INS_6974E33C0EA5,REQ_A356E7647DFF,7,2560.0,v0.1
INS_6974E33C0EA5,REQ_996853688AD7,8,30000.0,v0.1
INS_6974E33C0EA5,REQ_352266D9349C,9,1850.0,v0.1
INS_6974E33C0EA5,REQ_F7720CFF59F2,10,2510.0,v0.1
INS_6974E33C0EA5,REQ_514AD7EF47A9,11,1000.0,v0.1
INS_6974E33C0EA5,REQ_2E8E57A7C3E2,12,1600.0,v0.1
INS_6974E33C0EA5,REQ_A33A045761F6,13,30000.0,v0.1
INS_6974E33C0EA5,REQ_61FCE2EAFAA6,14,300.0,v0.1
INS_6974E33C0EA5,REQ_E61A88C7BE32,15,5510.0,v0.1
INS_6974E33C0EA5,REQ_B965A244103B,16,459.99999999999994,v0.1
INS_6974E33C0EA5,REQ_5040D8A82693,17,2770.0,v0.1
INS_6974E33C0EA5,REQ_F326976A7364,18,360.0,v0.1
INS_6974E33C0EA5,REQ_591D139D1739,19,5440.0,v0.1
INS_6974E33C0EA5,REQ_3C54BFDBBD6F,20,1660.0000000000002,v0.1
INS_6974E33C0EA5,REQ_56C62A8CE838,21,490.0,v0.1
INS_6974E33C0EA5,REQ_AB5897B13F9E,22,4990.0,v0.1
INS_CDD96730C807,REQ_596239391EE5,0,1720.0,v0.1
INS_CDD96730C807,REQ_41DA467FA6BD,1,500.0,v0.1
INS_CDD96730C807,REQ_D9A0734D29A8,2,9630.0,v0.1
INS_CDD96730C807,REQ_445D0883A223,3,30000.0,v0.1
INS_CDD96730C807,REQ_E5DF2F39319E,4,1140.0,v0.1
INS_CDD96730C807,REQ_DDD9A6A40A7D,5,160.0,v0.1
INS_CDD96730C807,REQ_8B27D90F9EE4,6,20860.0,v0.1
INS_CDD96730C807,REQ_A8106AA4BC2E,7,25000.0,v0.1
INS_CDD96730C807,REQ_71EA7B67D8C7,8,30000.0,v0.1
INS_CDD96730C807,REQ_0E81BD04C6DC,9,19240.0,v0.1
INS_CDD96730C807,REQ_34D1B6BB372C,10,30000.0,v0.1
INS_CDD96730C807,REQ_81E108DAD6A9,11,5120.0,v0.1
INS_CDD96730C807,REQ_E45E2EC4F8BD,12,610.0,v0.1
INS_CDD96730C807,REQ_9D3C60E292AA,13,9660.0,v0.1
INS_CDD96730C807,REQ_81B83C42F326,14,1270.0,v0.1
INS_CDD96730C807,REQ_42EFE2840429,15,540.0,v0.1
INS_CDD96730C807,REQ_2320C474B88F,16,30000.0,v0.1
INS_CDD96730C807,REQ_8C00875DD0ED,17,1330.0,v0.1
INS_CDD96730C807,REQ_619FAFCDA569,18,16960.0,v0.1
INS_CDD96730C807,REQ_4DEE818A8A19,19,20590.0,v0.1
INS_CDD96730C807,REQ_FC63F3F737E6,20,28940.0,v0.1
INS_CDD96730C807,REQ_597B26ECABD1,21,950.0,v0.1
INS_CDD96730C807,REQ_2AEC55AAF780,22,880.0,v0.1
INS_CDD96730C807,REQ_9D4E183ACF53,23,1450.0,v0.1
INS_CDD96730C807,REQ_F702367571A0,24,1320.0,v0.1
INS_CDD96730C807,REQ_AC9172A4F424,25,8750.0,v0.1
INS_CDD96730C807,REQ_89CBBC47B3AF,26,30000.0,v0.1
INS_CDD96730C807,REQ_1E6409D092FB,27,320.0,v0.1
INS_CDD96730C807,REQ_5C5A5D0FCE4D,28,960.0,v0.1
INS_CDD96730C807,REQ_7CC86299D9BD,29,6540.0,v0.1
INS_CDD96730C807,REQ_EC47B420D09D,30,28680.0,v0.1
INS_CDD96730C807,REQ_9E1A9BFCF469,31,1090.0,v0.1
INS_CDD96730C807,REQ_A0706A148C46,32,200.0,v0.1
INS_CDD96730C807,REQ_77DCCAB6157B,33,7580.0,v0.1
INS_CDD96730C807,REQ_461D9868612A,34,27100.0,v0.1
INS_CDD96730C807,REQ_7514CE6F48A3,35,350.0,v0.1
INS_CDD96730C807,REQ_215E09179961,36,430.0,v0.1
INS_CDD96730C807,REQ_9417A982DC8B,37,30000.0,v0.1
INS_CDD96730C807,REQ_BE457C8BA936,38,480.0,v0.1
INS_CDD96730C807,REQ_5E63F88EB100,39,30000.0,v0.1
INS_CDD96730C807,REQ_150A42335EAC,40,14640.0,v0.1
INS_CDD96730C807,REQ_17532EA14446,41,600.0,v0.1
INS_CDD96730C807,REQ_65B56FF360B6,42,450.0,v0.1
INS_CDD96730C807,REQ_95DD957F9D9B,43,27750.0,v0.1
INS_CDD96730C807,REQ_196F5F428592,44,5320.0,v0.1
INS_CDD96730C807,REQ_81F017923849,45,560.0,v0.1
INS_CDD96730C807,REQ_C07F2BCAF684,46,27440.0,v0.1
INS_CDD96730C807,REQ_98876F339FEF,47,8400.0,v0.1
INS_CDD96730C807,REQ_AB876C096C9E,48,990.0,v0.1
INS_CDD96730C807,REQ_1844B18D00E1,49,1660.0000000000002,v0.1
INS_CDD96730C807,REQ_3F496CE4D6C4,50,869.9999999999999,v0.1
INS_CDD96730C807,REQ_CC67F1804610,51,1600.0,v0.1
INS_CDD96730C807,REQ_78D10E8C4807,52,5060.0,v0.1
INS_CDD96730C807,REQ_407430148980,53,990.0,v0.1
INS_CDD96730C807,REQ_98F9B05BE909,54,30000.0,v0.1
INS_CDD96730C807,REQ_CAF0B69DAA90,55,30000.0,v0.1
INS_CDD96730C807,REQ_8E4E0ED93B16,56,770.0,v0.1
INS_DE9C0964F5A5,REQ_A6D9161B0552,0,27250.0,v0.1
INS_DE9C0964F5A5,REQ_022D8822B745,1,23040.0,v0.1
INS_DE9C0964F5A5,REQ_1B8CB35CC950,2,480.0,v0.1
INS_DE9C0964F5A5,REQ_A4A642D0DDC6,3,30000.0,v0.1
INS_DE9C0964F5A5,REQ_942616555374,4,1980.0,v0.1
INS_DE9C0964F5A5,REQ_9327C879F9BD,5,30000.0,v0.1
INS_DE9C0964F5A5,REQ_74C1CC9E1E5E,6,2700.0,v0.1
INS_DE9C0964F5A5,REQ_958B9FEEABC2,7,1880.0,v0.1
INS_DE9C0964F5A5,REQ_234543FA1E42,8,30000.0,v0.1
INS_DE9C0964F5A5,REQ_6BA2487E9B9E,9,30000.0,v0.1
INS_DE9C0964F5A5,REQ_340891DAFCBB,10,30000.0,v0.1
INS_DE9C0964F5A5,REQ_CD4A2A3AC913,11,1000.0,v0.1
INS_DE9C0964F5A5,REQ_992418F5AA47,12,9970.0,v0.1
INS_DE9C0964F5A5,REQ_52DC6142D6E7,13,19150.0,v0.1
INS_DE9C0964F5A5,REQ_FC9594C96F15,14,7059.999999999999,v0.1
INS_DE9C0964F5A5,REQ_009D77440B33,15,80.0,v0.1
INS_DE9C0964F5A5,REQ_C8FBC4785A12,16,1650.0,v0.1
INS_DE9C0964F5A5,REQ_A50BA5673F24,17,30000.0,v0.1
INS_DE9C0964F5A5,REQ_5EDD3A3ECE8B,18,140.0,v0.1
INS_DE9C0964F5A5,REQ_7CE9552B3848,19,1510.0,v0.1
INS_DE9C0964F5A5,REQ_3C40B0573683,20,4410.0,v0.1
INS_DE9C0964F5A5,REQ_AD62621E8799,21,5850.0,v0.1
INS_DE9C0964F5A5,REQ_855D7D84329A,22,30000.0,v0.1
INS_DE9C0964F5A5,REQ_7563C15C8DBB,23,22320.0,v0.1
INS_DE9C0964F5A5,REQ_93180CC81821,24,9650.0,v0.1
INS_DE9C0964F5A5,REQ_879A66DE0626,25,14700.0,v0.1
INS_DE9C0964F5A5,REQ_73044B292A9A,26,27380.0,v0.1
INS_DE9C0964F5A5,REQ_85585E79F9FD,27,14900.0,v0.1
INS_DE9C0964F5A5,REQ_565C814BC5CF,28,1000.0,v0.1
INS_DE9C0964F5A5,REQ_CF8F3070CB7B,29,490.0,v0.1
INS_DE9C0964F5A5,REQ_4EACE74C442E,30,19040.0,v0.1
INS_0744E3F727D5,REQ_B726F030F1F3,0,1600.0,v0.1
INS_0744E3F727D5,REQ_49A198C42451,1,930.0,v0.1
INS_0744E3F727D5,REQ_73713042FBD8,2,360.0,v0.1
INS_0744E3F727D5,REQ_D21F778FB861,3,1800.0,v0.1
INS_0744E3F727D5,REQ_A1560C7FA60D,4,510.0,v0.1
INS_0744E3F727D5,REQ_F632219A71D2,5,2850.0,v0.1
INS_0744E3F727D5,REQ_572562A921B0,6,13360.0,v0.1
INS_0744E3F727D5,REQ_038EFE9ECA18,7,1060.0,v0.1
INS_0744E3F727D5,REQ_CD1E5E1CC666,8,29000.0,v0.1
INS_0744E3F727D5,REQ_E77E8F1DFC5B,9,720.0,v0.1
INS_0744E3F727D5,REQ_695178D6D1B8,10,30000.0,v0.1
INS_0744E3F727D5,REQ_ED09787EFD23,11,3190.0,v0.1
INS_0744E3F727D5,REQ_5BE783F6159A,12,23210.0,v0.1
INS_0744E3F727D5,REQ_E12522396457,13,1800.0,v0.1
INS_0744E3F727D5,REQ_3AE4BB297DC3,14,22680.0,v0.1
INS_0744E3F727D5,REQ_98D6B8C6CAED,15,840.0,v0.1
INS_0744E3F727D5,REQ_E65342298B98,16,30000.0,v0.1
INS_0744E3F727D5,REQ_08558516D78D,17,1670.0,v0.1
INS_0744E3F727D5,REQ_843C99F914E7,18,400.0,v0.1
INS_0744E3F727D5,REQ_24820EF8A228,19,9170.0,v0.1
INS_0744E3F727D5,REQ_34E234ECB20D,20,8810.0,v0.1
INS_0744E3F727D5,REQ_016C70E7D369,21,20060.0,v0.1
INS_0744E3F727D5,REQ_9BC8DC5151B7,22,30000.0,v0.1
INS_0744E3F727D5,REQ_B331BAED52F6,23,1070.0,v0.1
INS_0744E3F727D5,REQ_B20C3CA3B909,24,1400.0,v0.1
INS_0744E3F727D5,REQ_F02DAC84B6AB,25,950.0,v0.1
INS_0744E3F727D5,REQ_6F8438226E7C,26,1050.0,v0.1
INS_0744E3F727D5,REQ_1B605BF03992,27,30000.0,v0.1
INS_0744E3F727D5,REQ_B4663F72E507,28,2330.0,v0.1
INS_0744E3F727D5,REQ_A711C5A195C8,29,30000.0,v0.1
INS_0744E3F727D5,REQ_381D39CE6B29,30,24240.0,v0.1
INS_0744E3F727D5,REQ_B17B66260ACA,31,16480.0,v0.1
INS_0744E3F727D5,REQ_8DF2A5A71C1A,32,15710.0,v0.1
INS_0744E3F727D5,REQ_28EB9D8A93FF,33,7760.0,v0.1
INS_0744E3F727D5,REQ_A940A934079A,34,22000.0,v0.1
INS_0744E3F727D5,REQ_AB19A9BAC603,35,150.0,v0.1
INS_0744E3F727D5,REQ_F453B0E30625,36,27060.0,v0.1
INS_0744E3F727D5,REQ_FA3EE11ABB86,37,30000.0,v0.1
INS_0744E3F727D5,REQ_222F3200DB2B,38,760.0,v0.1
INS_0744E3F727D5,REQ_07E3DF476C53,39,1600.0,v0.1
INS_0744E3F727D5,REQ_AB119BD1E7F9,40,1600.0,v0.1
INS_0744E3F727D5,REQ_9E6C1E5F16C3,41,22860.0,v0.1
INS_0744E3F727D5,REQ_1FDDF8133AEB,42,340.0,v0.1
INS_0744E3F727D5,REQ_8D5D926952E1,43,1530.0,v0.1
INS_0744E3F727D5,REQ_25AC210AA305,44,18040.0,v0.1
INS_0744E3F727D5,REQ_CEE41D9CBCDF,45,140.0,v0.1
INS_0744E3F727D5,REQ_0DA7A7BDC851,46,29650.0,v0.1
INS_0744E3F727D5,REQ_FC51EB031F47,47,30000.0,v0.1
INS_0744E3F727D5,REQ_9575D1B45F37,48,3640.0,v0.1
INS_0744E3F727D5,REQ_AD9C2E03E626,49,3300.0,v0.1
INS_0744E3F727D5,REQ_155663754056,50,360.0,v0.1
INS_0744E3F727D5,REQ_8B8D6C44B35C,51,80.0,v0.1
INS_0744E3F727D5,REQ_0B0BA20E667A,52,30000.0,v0.1
INS_0744E3F727D5,REQ_0234350148FB,53,1250.0,v0.1
INS_0744E3F727D5,REQ_A71E459A29FD,54,250.0,v0.1
INS_0744E3F727D5,REQ_A6E64A82E2AB,55,340.0,v0.1
INS_0744E3F727D5,REQ_15287F434F01,56,23670.0,v0.1
INS_0744E3F727D5,REQ_690F8408AA59,57,1340.0,v0.1
INS_F76D5CE65390,REQ_A91F3DE229F9,0,4180.0,v0.1
INS_F76D5CE65390,REQ_B9051C386294,1,270.0,v0.1
INS_F76D5CE65390,REQ_36DA0662F827,2,450.0,v0.1
INS_F76D5CE65390,REQ_7EEF441A9861,3,11800.0,v0.1
INS_F76D5CE65390,REQ_D5C0823C508F,4,30000.0,v0.1
INS_F76D5CE65390,REQ_EF59702C34A4,5,7810.0,v0.1
INS_F76D5CE65390,REQ_55FB1D421FCF,6,30000.0,v0.1
INS_F76D5CE65390,REQ_6C241FCCF081,7,30000.0,v0.1
INS_F76D5CE65390,REQ_A4CE05158140,8,9700.0,v0.1
INS_F76D5CE65390,REQ_DD2A1070DD9C,9,25300.0,v0.1
INS_DF8169C976F8,REQ_0C29D1C7632C,0,30000.0,v0.1
INS_DF8169C976F8,REQ_A673DE68CE58,1,26980.0,v0.1
INS_DF8169C976F8,REQ_2A92DFD89864,2,17760.0,v0.1
INS_DF8169C976F8,REQ_895E7DF735BD,3,14200.0,v0.1
INS_DF8169C976F8,REQ_9137C155DD72,4,13460.0,v0.1
INS_DF8169C976F8,REQ_6C087EA6F86F,5,30000.0,v0.1
INS_DF8169C976F8,REQ_75AB6204EF53,6,390.0,v0.1
INS_DF8169C976F8,REQ_B884FFFCE234,7,30000.0,v0.1
INS_DF8169C976F8,REQ_BC1B952684D8,8,30000.0,v0.1
INS_DF8169C976F8,REQ_C21D9002E4B1,9,22540.0,v0.1
INS_DF8169C976F8,REQ_25F94CE4E455,10,30000.0,v0.1
INS_DF8169C976F8,REQ_D7C981DEE0E7,11,7309.999999999999,v0.1
INS_DF8169C976F8,REQ_8BEBDFC315FC,12,15350.0,v0.1
INS_DF8169C976F8,REQ_AF8CDDA4D5E0,13,30000.0,v0.1
INS_DF8169C976F8,REQ_919DD27012C6,14,30000.0,v0.1
INS_DF8169C976F8,REQ_754815DAB900,15,30000.0,v0.1
INS_DF8169C976F8,REQ_48C9BCADCABD,16,30000.0,v0.1
INS_DF8169C976F8,REQ_CECF7A168639,17,30000.0,v0.1
INS_DF8169C976F8,REQ_4CC2DA46AECF,18,30000.0,v0.1
INS_DF8169C976F8,REQ_CB81322F5C84,19,6800.0,v0.1
INS_DF8169C976F8,REQ_05AC31DD7CD8,20,9310.0,v0.1
INS_DF8169C976F8,REQ_AA4AFAE13C6E,21,9800.0,v0.1
INS_DF8169C976F8,REQ_788FAF911A5E,22,550.0,v0.1
INS_DF8169C976F8,REQ_B928B17119AE,23,6080.0,v0.1
INS_DF8169C976F8,REQ_0CC67604B2B7,24,24350.0,v0.1
INS_DF8169C976F8,REQ_8F909F86C457,25,17800.0,v0.1
INS_DF8169C976F8,REQ_16000AC93CBF,26,17000.0,v0.1
INS_DF8169C976F8,REQ_89498E831993,27,30000.0,v0.1
INS_DF8169C976F8,REQ_BA4765F3E68D,28,30000.0,v0.1
INS_DEF290122A3D,REQ_1B747A5349CE,0,15150.0,v0.1
INS_DEF290122A3D,REQ_10A72A14F5AC,1,3920.0,v0.1
INS_DEF290122A3D,REQ_870302A9A467,2,409.99999999999994,v0.1
INS_DEF290122A3D,REQ_5A91DBC153B3,3,1500.0,v0.1
INS_DEF290122A3D,REQ_97FD4DF5602E,4,1750.0,v0.1
INS_DEF290122A3D,REQ_35D62FCEF897,5,1240.0,v0.1
INS_DEF290122A3D,REQ_94803D0054D3,6,19760.0,v0.1
INS_DEF290122A3D,REQ_5B53143811BA,7,4750.0,v0.1
INS_DEF290122A3D,REQ_971994255493,8,16680.0,v0.1
INS_2918FEB699C4,REQ_885507B50307,0,400.0,v0.1
INS_2918FEB699C4,REQ_A3BA574AD3D5,1,31080.0,v0.1
INS_2918FEB699C4,REQ_EEC8A15A9D1C,2,1500.0,v0.1
INS_2918FEB699C4,REQ_CE39BB356EED,3,29290.0,v0.1
INS_2918FEB699C4,REQ_873122EC4AAD,4,5840.0,v0.1
INS_2918FEB699C4,REQ_0118BB4443EB,5,1860.0000000000002,v0.1
INS_2918FEB699C4,REQ_04E234A54553,6,30000.0,v0.1
INS_2918FEB699C4,REQ_2FDF400E8823,7,180.0,v0.1
INS_2918FEB699C4,REQ_B48E6E855405,8,1560.0,v0.1
INS_2918FEB699C4,REQ_7AF975463275,9,8000.0,v0.1
INS_2918FEB699C4,REQ_E72E2B7E84A1,10,6600.0,v0.1
INS_50B06965A2E8,REQ_1722CFBE5746,0,250.0,v0.1
INS_50B06965A2E8,REQ_B2208B3B1682,1,450.0,v0.1
INS_50B06965A2E8,REQ_8C49A4D1CFD7,2,430.0,v0.1
INS_50B06965A2E8,REQ_A25DC3D4183E,3,1200.0,v0.1
INS_50B06965A2E8,REQ_9CDE143EBAEA,4,6030.0,v0.1
INS_50B06965A2E8,REQ_FFC39F10049A,5,6080.0,v0.1
INS_50B06965A2E8,REQ_11A4A1C31F2A,6,1750.0,v0.1
INS_50B06965A2E8,REQ_A34A8CEDC219,7,290.0,v0.1
INS_50B06965A2E8,REQ_42DEEA8A030A,8,19230.0,v0.1
INS_50B06965A2E8,REQ_49CFF340465B,9,310.0,v0.1
INS_50B06965A2E8,REQ_B27FF6D3A1D9,10,30000.0,v0.1
INS_50B06965A2E8,REQ_63E738F50E16,11,17530.0,v0.1
INS_50B06965A2E8,REQ_F00D700100CB,12,4230.0,v0.1
INS_50B06965A2E8,REQ_53AF7540084A,13,530.0,v0.1
INS_50B06965A2E8,REQ_59845693366C,14,19790.0,v0.1
INS_50B06965A2E8,REQ_949FC91C52D6,15,5240.0,v0.1
INS_50B06965A2E8,REQ_DD5B21FCE5DD,16,310.0,v0.1
INS_50B06965A2E8,REQ_8D03446E42A6,17,750.0,v0.1
INS_50B06965A2E8,REQ_1D516E8CFC8F,18,1080.0,v0.1
INS_5ABE991AD666,REQ_53267476CB50,0,440.00000000000006,v0.1
INS_5ABE991AD666,REQ_92BD5019B39D,1,1630.0,v0.1
INS_5ABE991AD666,REQ_50CA21A9568E,2,6800.0,v0.1
INS_5ABE991AD666,REQ_4A2452F2D77D,3,18200.0,v0.1
INS_5ABE991AD666,REQ_C1D62CAE2B40,4,11780.0,v0.1
INS_5ABE991AD666,REQ_87B02B52FD80,5,12190.0,v0.1
INS_5ABE991AD666,REQ_C5E8B020FFA0,6,6660.0,v0.1
INS_5ABE991AD666,REQ_C1F1B9A579B6,7,30000.0,v0.1
INS_B75BCB98AEEB,REQ_B42DE0D244D3,0,550.0,v0.1
INS_B75BCB98AEEB,REQ_EE9414884AAF,1,560.0,v0.1
INS_B75BCB98AEEB,REQ_B11BC4A88E6C,2,1750.0,v0.1
INS_B75BCB98AEEB,REQ_ACDC1372BE98,3,20090.0,v0.1
INS_B75BCB98AEEB,REQ_0F5C2CFA903B,4,910.0,v0.1
INS_B75BCB98AEEB,REQ_EC17E3B44FE5,5,10310.0,v0.1
INS_B75BCB98AEEB,REQ_B1DE6C44D033,6,29240.0,v0.1
INS_B75BCB98AEEB,REQ_B58A3FA98648,7,740.0,v0.1
INS_B75BCB98AEEB,REQ_AC114D89BEA6,8,25030.0,v0.1
INS_5D47AE8E4864,REQ_0EEB8AF3564A,0,300.0,v0.1
INS_5D47AE8E4864,REQ_EEF16DD3A50C,1,310.0,v0.1
INS_5D47AE8E4864,REQ_23E45069F0F1,2,10740.0,v0.1
INS_5D47AE8E4864,REQ_8102B086D1BB,3,720.0,v0.1
INS_5D47AE8E4864,REQ_27573B58C40B,4,30000.0,v0.1
INS_5D47AE8E4864,REQ_17BFC514CC45,5,340.0,v0.1
INS_5D47AE8E4864,REQ_E64F788D4F1A,6,900.0,v0.1
INS_5D47AE8E4864,REQ_CC3FBA2FE25C,7,3430.0,v0.1
INS_5D47AE8E4864,REQ_6B13ED7A4E0F,8,16940.0,v0.1
INS_5D47AE8E4864,REQ_EC792557EE09,9,5040.0,v0.1
INS_5D47AE8E4864,REQ_0F65D5BBDC14,10,1280.0,v0.1
INS_37A5FF485F96,REQ_2A67EBC5D97A,0,22140.0,v0.1
INS_37A5FF485F96,REQ_7C2DD2F770F2,1,760.0,v0.1
INS_37A5FF485F96,REQ_20D4178BB2A9,2,16550.0,v0.1
INS_37A5FF485F96,REQ_C6DE25BFC488,3,4970.0,v0.1
INS_37A5FF485F96,REQ_D344E66F92F9,4,2890.0,v0.1
INS_37A5FF485F96,REQ_C22B9B97863D,5,6050.0,v0.1
INS_37A5FF485F96,REQ_06D074FE444D,6,200.0,v0.1
INS_37A5FF485F96,REQ_F97DA4525313,7,3070.0,v0.1
INS_37A5FF485F96,REQ_AD4769172682,8,850.0,v0.1
INS_37A5FF485F96,REQ_E163D7C55144,9,19630.0,v0.1
INS_37A5FF485F96,REQ_33E2D06BED5C,10,26020.0,v0.1
INS_37A5FF485F96,REQ_CF5329BBF730,11,8290.0,v0.1
INS_37A5FF485F96,REQ_035410B26311,12,5060.0,v0.1
INS_37A5FF485F96,REQ_9621831757A4,13,30000.0,v0.1
INS_37A5FF485F96,REQ_692F730F2A4A,14,1960.0000000000002,v0.1
INS_37A5FF485F96,REQ_71185380AAA9,15,590.0,v0.1
INS_37A5FF485F96,REQ_DC50A77F1EC9,16,12780.0,v0.1
INS_37A5FF485F96,REQ_F0F5A02876B8,17,16220.0,v0.1
INS_37A5FF485F96,REQ_800DCABF2E9A,18,990.0,v0.1
INS_37A5FF485F96,REQ_665EC8D56582,19,300.0,v0.1
INS_37A5FF485F96,REQ_3CE444C41143,20,17780.0,v0.1
INS_37A5FF485F96,REQ_528B975CC58C,21,80.0,v0.1
INS_37A5FF485F96,REQ_7C657D8BF4C0,22,6670.0,v0.1
INS_37A5FF485F96,REQ_6BAED77F0011,23,1770.0,v0.1
INS_37A5FF485F96,REQ_1DB008150FDD,24,4560.0,v0.1
INS_37A5FF485F96,REQ_D363E93C6CF4,25,550.0,v0.1
INS_37A5FF485F96,REQ_83EB2727BF1C,26,3940.0,v0.1
INS_37A5FF485F96,REQ_F10146234BBF,27,6150.0,v0.1
INS_37A5FF485F96,REQ_3CF6C2ACEAA5,28,5610.0,v0.1
INS_37A5FF485F96,REQ_F4A9F926FA74,29,30000.0,v0.1
INS_37A5FF485F96,REQ_2886056121A9,30,6420.0,v0.1
INS_37A5FF485F96,REQ_BE4ED3384901,31,3740.0,v0.1
INS_EC696D246EBC,REQ_74C657B8B86D,0,5390.0,v0.1
INS_EC696D246EBC,REQ_042FDBECE9FB,1,450.0,v0.1
INS_EC696D246EBC,REQ_4BC7F7154F12,2,1540.0,v0.1
INS_EC696D246EBC,REQ_6AAA820BFD7F,3,1910.0000000000002,v0.1
INS_EC696D246EBC,REQ_87DBE975AFA0,4,1310.0,v0.1
INS_EC696D246EBC,REQ_E9D31F2201F6,5,960.0,v0.1
INS_EC696D246EBC,REQ_9B5B52573EC3,6,570.0,v0.1
INS_EC696D246EBC,REQ_F1135D064243,7,850.0,v0.1
INS_EC696D246EBC,REQ_2A855A6F9F17,8,500.0,v0.1
INS_EC696D246EBC,REQ_38E5C502CE8F,9,10180.0,v0.1
INS_EC696D246EBC,REQ_96E06D4A2A39,10,450.0,v0.1
INS_EC696D246EBC,REQ_60D4CD83426D,11,2910.0,v0.1
INS_EC696D246EBC,REQ_77244DB08E36,12,4600.0,v0.1
INS_EC696D246EBC,REQ_1C525B544F65,13,5750.0,v0.1
INS_EC696D246EBC,REQ_6B3FC9BA9A7E,14,150.0,v0.1
INS_EC696D246EBC,REQ_C113754B07A0,15,200.0,v0.1
INS_EC696D246EBC,REQ_D41201FEE239,16,360.0,v0.1
INS_EC696D246EBC,REQ_517B53669818,17,320.0,v0.1
INS_EC696D246EBC,REQ_1E2101AD981D,18,3900.0,v0.1
INS_EC696D246EBC,REQ_CC3C6633F7A3,19,2090.0,v0.1
INS_EC696D246EBC,REQ_91B0726EC68B,20,3070.0,v0.1
INS_EC696D246EBC,REQ_B63AEC9250C9,21,5960.0,v0.1
INS_EC696D246EBC,REQ_C5874835CDD2,22,2840.0,v0.1
INS_EC696D246EBC,REQ_FF0944D2FF96,23,200.0,v0.1
INS_EC696D246EBC,REQ_662CAD578F83,24,30000.0,v0.1
INS_EC696D246EBC,REQ_EBB53EEBDAD6,25,1100.0,v0.1
INS_EC696D246EBC,REQ_EBB543478EE9,26,790.0,v0.1
INS_EC696D246EBC,REQ_A91ED6995910,27,20790.0,v0.1
INS_EC696D246EBC,REQ_BA2E1B45EBD8,28,9180.0,v0.1
INS_EC696D246EBC,REQ_10BAFF6D8A6A,29,790.0,v0.1
INS_EC696D246EBC,REQ_79E0BA78084A,30,270.0,v0.1
INS_EC696D246EBC,REQ_1B1EE4737E80,31,3479.9999999999995,v0.1
INS_EC696D246EBC,REQ_D9E52D3F9F62,32,300.0,v0.1
INS_EC696D246EBC,REQ_4E0DB83E7CFB,33,5120.0,v0.1
INS_EC696D246EBC,REQ_35396231875D,34,30000.0,v0.1
INS_EC696D246EBC,REQ_5644CF490884,35,30000.0,v0.1
INS_EC696D246EBC,REQ_3609B3D48979,36,500.0,v0.1
INS_EC696D246EBC,REQ_211F8A089745,37,30000.0,v0.1
INS_EC696D246EBC,REQ_2CE073FA59BA,38,6150.0,v0.1
INS_EC696D246EBC,REQ_796E42F3CA1E,39,1620.0,v0.1
INS_EC696D246EBC,REQ_8A2F51F18DC8,40,5450.0,v0.1
INS_EC696D246EBC,REQ_FF7A4E569DDF,41,210.0,v0.1
INS_EC696D246EBC,REQ_0862D132C1F2,42,490.00000000000006,v0.1
INS_EC696D246EBC,REQ_9190985271CD,43,30000.0,v0.1
INS_EC696D246EBC,REQ_7B8DD973CF8A,44,160.0,v0.1
INS_EC696D246EBC,REQ_4D5CEA08E8AD,45,5750.0,v0.1
INS_EC696D246EBC,REQ_8FB98425D208,46,30000.0,v0.1
INS_EC696D246EBC,REQ_065C274CF952,47,7620.0,v0.1
INS_EC696D246EBC,REQ_E835FA2F7A38,48,300.0,v0.1
INS_ED167E8B3803,REQ_CED353E3D546,0,30000.0,v0.1
INS_ED167E8B3803,REQ_322AC47D4243,1,3050.0,v0.1
INS_ED167E8B3803,REQ_38D54EB74363,2,700.0,v0.1
INS_ED167E8B3803,REQ_28B9A77D99B0,3,800.0,v0.1
INS_ED167E8B3803,REQ_F5B35C7E5DD7,4,30000.0,v0.1
INS_ED167E8B3803,REQ_8348CBE3CB2D,5,790.0,v0.1
INS_ED167E8B3803,REQ_98713E0D7EA9,6,8810.0,v0.1
INS_ED167E8B3803,REQ_B7DB9BDF9466,7,960.0,v0.1
INS_ED167E8B3803,REQ_58DEFD3DA710,8,1240.0,v0.1
INS_ED167E8B3803,REQ_E81C4B3DBBE6,9,150.0,v0.1
INS_ED167E8B3803,REQ_1DAEDBCD140C,10,340.0,v0.1
INS_ED167E8B3803,REQ_7F9F9C4BF16E,11,9525.0,v0.1
INS_ED167E8B3803,REQ_1828AA87B289,12,9575.0,v0.1
INS_ED167E8B3803,REQ_80771C4C801D,13,570.0,v0.1
INS_ED167E8B3803,REQ_0A891FA83227,14,600.0,v0.1
INS_ED167E8B3803,REQ_C4E7AD334AB9,15,5450.0,v0.1
INS_ED167E8B3803,REQ_D019898D8348,16,30000.0,v0.1
INS_ED167E8B3803,REQ_AEEC8DF3BFDE,17,1110.0,v0.1
INS_ED167E8B3803,REQ_DC6B7585C4D0,18,4860.0,v0.1
INS_ED167E8B3803,REQ_45B1B05E1350,19,1850.0,v0.1
INS_ED167E8B3803,REQ_BDD798D55257,20,610.0,v0.1
INS_ED167E8B3803,REQ_48981B199A1C,21,600.0,v0.1
INS_ED167E8B3803,REQ_E0E52C04FDA4,22,13840.0,v0.1
INS_ED167E8B3803,REQ_4258A8B4CA2F,23,3020.0,v0.1
INS_ED167E8B3803,REQ_4B5F72E434DE,24,30700.0,v0.1
INS_ED167E8B3803,REQ_450E5B217501,25,23590.0,v0.1
INS_ED167E8B3803,REQ_507147B6E973,26,1430.0,v0.1
INS_ED167E8B3803,REQ_7E4EEFE50FCB,27,650.0,v0.1
INS_ED167E8B3803,REQ_F246E8F236D9,28,3870.0,v0.1
INS_ED167E8B3803,REQ_AAC427DF48ED,29,25750.0,v0.1
INS_ED167E8B3803,REQ_3EC038AB82C4,30,30000.0,v0.1
INS_ED167E8B3803,REQ_9A820428985D,31,3560.0,v0.1
INS_ED167E8B3803,REQ_1FF2F9719E8E,32,8700.0,v0.1
INS_ED167E8B3803,REQ_B5425FD7D5B7,33,26450.0,v0.1
INS_ED167E8B3803,REQ_61A03E475E2D,34,2860.0,v0.1
INS_ED167E8B3803,REQ_2A99B08B655F,35,19900.0,v0.1
INS_ED167E8B3803,REQ_204BEE4CBFC4,36,250.0,v0.1
INS_ED167E8B3803,REQ_F1679508B525,37,30000.0,v0.1
INS_ED167E8B3803,REQ_30D5468DDF0D,38,16770.0,v0.1
INS_ED167E8B3803,REQ_FAEE796CD2DD,39,2390.0,v0.1
INS_ED167E8B3803,REQ_C504CFC8CB42,40,3700.0,v0.1
INS_ED167E8B3803,REQ_EB0B614EFAE0,41,900.0,v0.1
INS_ED167E8B3803,REQ_A8B3AEBA9B37,42,240.0,v0.1
INS_ED167E8B3803,REQ_2FD589487799,43,22910.0,v0.1
INS_DB98C0AC6972,REQ_0DBE7D5E84D5,0,1200.0,v0.1
INS_DB98C0AC6972,REQ_96DF8DEE6FB4,1,8750.0,v0.1
INS_DB98C0AC6972,REQ_B96B12AADC58,2,3990.0,v0.1
INS_DB98C0AC6972,REQ_4DEC9B85AD35,3,520.0,v0.1
INS_DB98C0AC6972,REQ_181277DEDB26,4,10570.0,v0.1
INS_DB98C0AC6972,REQ_13AB4E50A776,5,990.0,v0.1
INS_DB98C0AC6972,REQ_8AE6AFEE8FF6,6,760.0,v0.1
INS_DB98C0AC6972,REQ_E21EED4BD3EB,7,30000.0,v0.1
INS_DB98C0AC6972,REQ_9D8035B8CAFA,8,12400.0,v0.1
INS_DB98C0AC6972,REQ_B132B9B954CC,9,14880.0,v0.1
INS_DB98C0AC6972,REQ_F7344605072E,10,28320.0,v0.1
INS_DB98C0AC6972,REQ_211AF99517E6,11,6750.0,v0.1
INS_DB98C0AC6972,REQ_EF3831408BF9,12,5000.0,v0.1
INS_DB98C0AC6972,REQ_EC735DEE3C25,13,11020.0,v0.1
INS_DB98C0AC6972,REQ_C07B1C068D62,14,4150.0,v0.1
INS_DB98C0AC6972,REQ_8ECF5D85FBFF,15,4910.0,v0.1
INS_DB98C0AC6972,REQ_EB6E83594F68,16,30000.0,v0.1
INS_DB98C0AC6972,REQ_8D13E89CE80E,17,13380.000000000002,v0.1
INS_DB98C0AC6972,REQ_0031EAF36E68,18,880.0000000000001,v0.1
INS_DB98C0AC6972,REQ_F27FB82EA937,19,2340.0,v0.1
INS_DB98C0AC6972,REQ_FD2AB8C22854,20,18000.0,v0.1
INS_DB98C0AC6972,REQ_B42DE0D244D3,21,550.0,v0.1
INS_DB98C0AC6972,REQ_C2575FF9196A,22,30000.0,v0.1
INS_DB98C0AC6972,REQ_647E1A691DEE,23,990.0,v0.1
INS_DB98C0AC6972,REQ_9A97F98D8B5F,24,1939.9999999999998,v0.1
INS_DB98C0AC6972,REQ_137E564E98DF,25,6080.0,v0.1
INS_DB98C0AC6972,REQ_815378FFC9AE,26,330.0,v0.1
INS_DB98C0AC6972,REQ_71D19C8CC09B,27,20290.0,v0.1
INS_DB98C0AC6972,REQ_E5E2B3EAFA52,28,850.0,v0.1
INS_DB98C0AC6972,REQ_EC17E3B44FE5,29,10310.0,v0.1
INS_DB98C0AC6972,REQ_A8AB07CFC859,30,850.0,v0.1
INS_DB98C0AC6972,REQ_E81CD13A29CF,31,28460.0,v0.1
INS_DB98C0AC6972,REQ_9E2654FE3CD5,32,12780.0,v0.1
INS_DB98C0AC6972,REQ_F961A381A16F,33,980.0000000000001,v0.1
INS_DB98C0AC6972,REQ_A30C3A23C5D3,34,28775.0,v0.1
INS_DB98C0AC6972,REQ_29C13C50F2E8,35,2650.0,v0.1
INS_DB98C0AC6972,REQ_0960EE089F98,36,6350.0,v0.1
INS_DB98C0AC6972,REQ_ED7C472EB420,37,1950.0,v0.1
INS_DB98C0AC6972,REQ_9A47C83FF30F,38,11540.0,v0.1
INS_10E8418B6F5F,REQ_407430148980,0,990.0,v0.1
INS_10E8418B6F5F,REQ_5C5A5D0FCE4D,1,960.0,v0.1
INS_10E8418B6F5F,REQ_9362DA4FF829,2,30000.0,v0.1
INS_10E8418B6F5F,REQ_F3960116E18E,3,350.0,v0.1
INS_10E8418B6F5F,REQ_4FF9A82F1E2D,4,409.99999999999994,v0.1
INS_10E8418B6F5F,REQ_65B56FF360B6,5,450.0,v0.1
INS_10E8418B6F5F,REQ_2808C3B2ECDE,6,550.0,v0.1
INS_10E8418B6F5F,REQ_D9A0734D29A8,7,9630.0,v0.1
INS_10E8418B6F5F,REQ_454C6239212E,8,210.0,v0.1
INS_10E8418B6F5F,REQ_98F9B05BE909,9,30000.0,v0.1
INS_10E8418B6F5F,REQ_F60A7CCE4F34,10,9930.0,v0.1
INS_10E8418B6F5F,REQ_9D4E183ACF53,11,1450.0,v0.1
INS_9B85FB7279F7,REQ_0BCEB310D378,0,2250.0,v0.1
INS_9B85FB7279F7,REQ_9A4200EEB394,1,30000.0,v0.1
INS_9B85FB7279F7,REQ_3A7778EC5A95,2,1650.0,v0.1
INS_9B85FB7279F7,REQ_CC196668CF40,3,1700.0,v0.1
INS_9B85FB7279F7,REQ_9DE4E7F5266D,4,1570.0,v0.1
INS_9B85FB7279F7,REQ_0A343448C22D,5,13940.0,v0.1
INS_9B85FB7279F7,REQ_A1560C7FA60D,6,510.0,v0.1
INS_9B85FB7279F7,REQ_4BEAC9221DF4,7,2940.0,v0.1
INS_9B85FB7279F7,REQ_0B0BA20E667A,8,30000.0,v0.1
INS_9B85FB7279F7,REQ_8103691AAD01,9,2470.0,v0.1
INS_9B85FB7279F7,REQ_569A1585DB1F,10,100.0,v0.1
INS_9B85FB7279F7,REQ_21929BCBD22B,11,19750.0,v0.1
INS_9B85FB7279F7,REQ_24820EF8A228,12,9170.0,v0.1
INS_9B85FB7279F7,REQ_F136032DCEA5,13,1620.0,v0.1
INS_9B85FB7279F7,REQ_F8C900859323,14,260.0,v0.1
INS_9B85FB7279F7,REQ_1108A81D4667,15,2650.0,v0.1
INS_9B85FB7279F7,REQ_50F414362815,16,30000.0,v0.1
INS_9B85FB7279F7,REQ_8F097EEB76C7,17,17320.0,v0.1
INS_9B85FB7279F7,REQ_AA908F0AC911,18,12240.0,v0.1
INS_9B85FB7279F7,REQ_17989B57DB03,19,25600.0,v0.1
INS_9B85FB7279F7,REQ_9BC8DC5151B7,20,30000.0,v0.1
INS_9B85FB7279F7,REQ_572562A921B0,21,13360.0,v0.1
INS_9B85FB7279F7,REQ_26EA1F7CFA43,22,1480.0,v0.1
INS_1E5BECA6A41F,REQ_A276DEC5CFA0,0,300.0,v0.1
INS_1E5BECA6A41F,REQ_4BE5A449DF3E,1,400.0,v0.1
INS_1E5BECA6A41F,REQ_03F4AAC86A03,2,17690.0,v0.1
INS_1E5BECA6A41F,REQ_BA617193CDA3,3,2530.0,v0.1
INS_1E5BECA6A41F,REQ_920EB65CF5CC,4,5990.0,v0.1
INS_1E5BECA6A41F,REQ_9ED1956EFBB3,5,8600.0,v0.1
INS_1E5BECA6A41F,REQ_F84E42E4B7E4,6,10940.0,v0.1
INS_1E5BECA6A41F,REQ_A36748C59723,7,1930.0,v0.1
INS_1E5BECA6A41F,REQ_3F70A81BC668,8,3220.0000000000005,v0.1
INS_1E5BECA6A41F,REQ_343149A8EC58,9,30000.0,v0.1
INS_1E5BECA6A41F,REQ_FD4775EB56F4,10,30000.0,v0.1
INS_1E5BECA6A41F,REQ_48F0C1318694,11,30000.0,v0.1
INS_1E5BECA6A41F,REQ_2BA75525B4E3,12,770.0,v0.1
INS_1E5BECA6A41F,REQ_00DC44ACF4EE,13,4360.0,v0.1
INS_1E5BECA6A41F,REQ_E3E72E28BD4C,14,8350.0,v0.1
INS_1E5BECA6A41F,REQ_E9350F4B37C6,15,540.0,v0.1
INS_1E5BECA6A41F,REQ_09AEE4948DC4,16,440.0,v0.1
INS_1E5BECA6A41F,REQ_7DD34FB3A17B,17,2200.0,v0.1
INS_1E5BECA6A41F,REQ_BE5DE3379D6C,18,250.0,v0.1
INS_1A15A7D5F171,REQ_8BE1ACCDE66F,0,15900.0,v0.1
INS_1A15A7D5F171,REQ_A471F0332C91,1,1850.0,v0.1
INS_1A15A7D5F171,REQ_05C892F3BD2D,2,1310.0,v0.1
INS_1A15A7D5F171,REQ_59B59195158E,3,700.0,v0.1
INS_1A15A7D5F171,REQ_F8F6D2391532,4,12400.0,v0.1
INS_1A15A7D5F171,REQ_50805BF7E10D,5,2690.0,v0.1
INS_1A15A7D5F171,REQ_4A558301B0A7,6,3660.0,v0.1
INS_1A15A7D5F171,REQ_FDE3FB39B62A,7,660.0,v0.1
INS_1A15A7D5F171,REQ_7ED4DF171716,8,620.0,v0.1
INS_1A15A7D5F171,REQ_E0695270B149,9,6350.0,v0.1
INS_1A15A7D5F171,REQ_66926302FC8F,10,29760.0,v0.1
INS_1A15A7D5F171,REQ_073BE1DB0E38,11,800.0,v0.1
INS_1A15A7D5F171,REQ_13628BDAB606,12,1180.0,v0.1
INS_1A15A7D5F171,REQ_7FA2CF6B1673,13,17570.0,v0.1
INS_1A15A7D5F171,REQ_E70BAB209A53,14,430.0,v0.1
INS_1A15A7D5F171,REQ_1E7F900A9484,15,2050.0,v0.1
INS_1A15A7D5F171,REQ_B553E220A196,16,1850.0,v0.1
INS_1A15A7D5F171,REQ_0D0B90AC7145,17,30410.0,v0.1
INS_1A15A7D5F171,REQ_F0B78E56864B,18,28430.0,v0.1
INS_1A15A7D5F171,REQ_C2579E616674,19,3340.0,v0.1
INS_1A15A7D5F171,REQ_D6C7AC426925,20,850.0,v0.1
INS_1A15A7D5F171,REQ_29D09A9E5260,21,2100.0,v0.1
INS_1A15A7D5F171,REQ_2A2789D4B75E,22,300.0,v0.1
INS_1A15A7D5F171,REQ_F2CF03720882,23,30000.0,v0.1
INS_1A15A7D5F171,REQ_9FB180E2370C,24,770.0,v0.1
INS_1A15A7D5F171,REQ_FA12C7BD3ACA,25,900.0,v0.1
INS_1A15A7D5F171,REQ_0ADD160285A1,26,30000.0,v0.1
INS_1A15A7D5F171,REQ_A8D74C308EE7,27,1180.0,v0.1
INS_1A15A7D5F171,REQ_73C67220D9A0,28,670.0,v0.1
INS_1A15A7D5F171,REQ_F44CE294099A,29,1930.0,v0.1
INS_1A15A7D5F171,REQ_1D92A89155E0,30,900.0,v0.1
INS_1A15A7D5F171,REQ_208A1B114090,31,1050.0,v0.1
INS_1A15A7D5F171,REQ_BE01846B1356,32,409.99999999999994,v0.1
INS_1A15A7D5F171,REQ_FF73D1CC8AC1,33,980.0000000000001,v0.1
INS_1A15A7D5F171,REQ_10463910EFC9,34,2430.0,v0.1
INS_1A15A7D5F171,REQ_9496A82CA8F8,35,16470.0,v0.1
INS_1A15A7D5F171,REQ_92EA5E9156DD,36,2680.0,v0.1
INS_1A15A7D5F171,REQ_51DB589C62F1,37,27210.0,v0.1
INS_1A15A7D5F171,REQ_8EE7040935E4,38,2480.0,v0.1
INS_1A15A7D5F171,REQ_6E14B82B4854,39,27370.0,v0.1
INS_1A15A7D5F171,REQ_588E1204D477,40,520.0,v0.1
INS_1A15A7D5F171,REQ_11CD57CB4FBB,41,1480.0,v0.1
INS_1A15A7D5F171,REQ_FD7D1D4FC086,42,2120.0,v0.1
INS_1A15A7D5F171,REQ_EE5B59190A89,43,3960.0,v0.1
INS_1A15A7D5F171,REQ_DD385E54FC12,44,3320.0,v0.1
INS_775994291970,REQ_33C2C612A12F,0,4300.0,v0.1
INS_775994291970,REQ_4DEE818A8A19,1,20590.0,v0.1
INS_775994291970,REQ_8B27D90F9EE4,2,20860.0,v0.1
INS_775994291970,REQ_969DD40745D2,3,8840.0,v0.1
INS_775994291970,REQ_8E3D4F0D5363,4,10830.0,v0.1
INS_775994291970,REQ_CAF0B69DAA90,5,30000.0,v0.1
INS_775994291970,REQ_F75EA1AFCA7F,6,670.0,v0.1
INS_775994291970,REQ_8C00875DD0ED,7,1330.0,v0.1
INS_775994291970,REQ_C07F2BCAF684,8,27440.0,v0.1
INS_E736A5BE0D3C,REQ_C1FE9B8F1C2E,0,30000.0,v0.1
INS_E736A5BE0D3C,REQ_71055D2DCAB6,1,2020.0,v0.1
INS_E736A5BE0D3C,REQ_756CC06BCD55,2,1520.0,v0.1
INS_E736A5BE0D3C,REQ_88F3676022BC,3,30000.0,v0.1
INS_E736A5BE0D3C,REQ_A27334F4E9F9,4,22790.0,v0.1
INS_E736A5BE0D3C,REQ_F5BB882FE6D9,5,1540.0,v0.1
INS_E736A5BE0D3C,REQ_D37705574024,6,30000.0,v0.1
INS_E736A5BE0D3C,REQ_F7A0FDF29899,7,2490.0,v0.1
INS_E736A5BE0D3C,REQ_611F26F0EA34,8,11130.0,v0.1
INS_E736A5BE0D3C,REQ_9B792ED83DB4,9,2160.0,v0.1
INS_E736A5BE0D3C,REQ_A613CB4EE918,10,3360.0,v0.1
INS_E736A5BE0D3C,REQ_018407D56F22,11,13900.0,v0.1
INS_E736A5BE0D3C,REQ_BB41F75A89C2,12,24970.0,v0.1
INS_E736A5BE0D3C,REQ_5C23D61970C1,13,30000.0,v0.1
INS_E736A5BE0D3C,REQ_4D02E71B408F,14,10730.0,v0.1
INS_E736A5BE0D3C,REQ_56C0A106158B,15,8650.0,v0.1
INS_E736A5BE0D3C,REQ_F5BFC8B12663,16,7810.0,v0.1
INS_E736A5BE0D3C,REQ_28E7798F452C,17,260.0,v0.1
INS_E736A5BE0D3C,REQ_F9D66FD27F63,18,6200.0,v0.1
INS_E736A5BE0D3C,REQ_FDB285482F8B,19,650.0,v0.1
INS_E736A5BE0D3C,REQ_BECFF6CCAF98,20,3600.0,v0.1
INS_E736A5BE0D3C,REQ_98BBBC429229,21,2050.0,v0.1
INS_E736A5BE0D3C,REQ_AAB58EEC93EB,22,2650.0,v0.1
INS_E736A5BE0D3C,REQ_3BEED42C5921,23,15790.0,v0.1
INS_E736A5BE0D3C,REQ_B1430D5E56E0,24,350.0,v0.1
INS_E736A5BE0D3C,REQ_40A833198CD0,25,6300.0,v0.1
INS_E736A5BE0D3C,REQ_FB4829D7125E,26,30000.0,v0.1
INS_E736A5BE0D3C,REQ_224B63994723,27,800.0,v0.1
INS_E736A5BE0D3C,REQ_DB19FA7868F8,28,1060.0,v0.1
INS_E736A5BE0D3C,REQ_2F90EC5F8598,29,4440.0,v0.1
INS_E736A5BE0D3C,REQ_D82CFCD53C8B,30,8600.0,v0.1
INS_E736A5BE0D3C,REQ_58350E103DB1,31,2810.0,v0.1
INS_E736A5BE0D3C,REQ_022D2B16349B,32,2160.0,v0.1
INS_E736A5BE0D3C,REQ_9AFF844AAAF8,33,459.99999999999994,v0.1
INS_E736A5BE0D3C,REQ_F7758FD4D8C5,34,15930.0,v0.1
INS_E736A5BE0D3C,REQ_AA16510FC3D3,35,3900.0,v0.1
INS_E736A5BE0D3C,REQ_870302A9A467,36,409.99999999999994,v0.1
INS_E736A5BE0D3C,REQ_F8EDAD6D486E,37,400.0,v0.1
INS_E736A5BE0D3C,REQ_CA5E0D7AD0C9,38,2220.0,v0.1
INS_E736A5BE0D3C,REQ_5339B314BBD0,39,30000.0,v0.1
INS_E736A5BE0D3C,REQ_FB4E8A3541FF,40,4540.0,v0.1
INS_E736A5BE0D3C,REQ_2E81007324B6,41,1160.0,v0.1
INS_E736A5BE0D3C,REQ_E4EC12873157,42,30000.0,v0.1
INS_E736A5BE0D3C,REQ_CD4D3F330F5A,43,12600.0,v0.1
INS_E736A5BE0D3C,REQ_7AA52CCD8A1B,44,3479.9999999999995,v0.1
INS_E736A5BE0D3C,REQ_A84CC0CD2FED,45,8410.0,v0.1
INS_E736A5BE0D3C,REQ_9EBFC15F32F5,46,4050.0,v0.1
INS_E736A5BE0D3C,REQ_0306603EAA1D,47,1850.0,v0.1
INS_E736A5BE0D3C,REQ_966544AAE425,48,30000.0,v0.1
INS_E736A5BE0D3C,REQ_101B85ECFD82,49,29810.000000000004,v0.1
INS_E736A5BE0D3C,REQ_7E5536654395,50,650.0,v0.1
INS_E736A5BE0D3C,REQ_07F57F3DBFB0,51,1200.0,v0.1
INS_E736A5BE0D3C,REQ_02135A1BDDBB,52,6710.0,v0.1
INS_E736A5BE0D3C,REQ_971994255493,53,16680.0,v0.1
INS_E736A5BE0D3C,REQ_B29A704A65D1,54,680.0,v0.1
INS_E736A5BE0D3C,REQ_1ABF5EAA6EE0,55,10150.0,v0.1
INS_E736A5BE0D3C,REQ_54651364C373,56,1170.0,v0.1
INS_E736A5BE0D3C,REQ_14D716BCDF31,57,4320.0,v0.1
INS_CC4351CD085C,REQ_A29CFD8B83B6,0,30000.0,v0.1
INS_CC4351CD085C,REQ_697E519961F7,1,690.0,v0.1
INS_CC4351CD085C,REQ_7444168D66F2,2,2270.0,v0.1
INS_CC4351CD085C,REQ_F03C20EC2977,3,2450.0,v0.1
INS_CC4351CD085C,REQ_C23759BA118A,4,30000.0,v0.1
INS_CC4351CD085C,REQ_F7D0332C1058,5,3900.0,v0.1
INS_CC4351CD085C,REQ_DD671F0F2CAE,6,30000.0,v0.1
INS_CC4351CD085C,REQ_44C8E7AC232E,7,3020.0,v0.1
INS_CC4351CD085C,REQ_7F75A1557476,8,19110.0,v0.1
INS_CC4351CD085C,REQ_531A211CC2F3,9,30000.0,v0.1
INS_CC4351CD085C,REQ_9191AE7CAFD9,10,14720.0,v0.1
INS_CC4351CD085C,REQ_B148B0EFB48F,11,1050.0,v0.1
INS_CC4351CD085C,REQ_8250D8F44AFF,12,30000.0,v0.1
INS_CC4351CD085C,REQ_AC00D455754D,13,1360.0,v0.1
INS_CC4351CD085C,REQ_D5D3C35531F4,14,720.0,v0.1
INS_CC4351CD085C,REQ_135E87C0014A,15,16770.0,v0.1
INS_CC4351CD085C,REQ_1CEC63EA0092,16,1310.0,v0.1
INS_CC4351CD085C,REQ_2098F41F1836,17,650.0,v0.1
INS_CC4351CD085C,REQ_10B0A03BC880,18,11250.0,v0.1
INS_CC4351CD085C,REQ_4DC6C29A29E3,19,21490.0,v0.1
INS_CC4351CD085C,REQ_F873778396A8,20,250.0,v0.1
INS_CC4351CD085C,REQ_83E1C9D57374,21,4740.0,v0.1
INS_CC4351CD085C,REQ_84137D8168FB,22,30000.0,v0.1
INS_CC4351CD085C,REQ_A6E81DE90623,23,30000.0,v0.1
INS_CC4351CD085C,REQ_F3762DC3816D,24,210.0,v0.1
INS_CC4351CD085C,REQ_36F1F6E19C23,25,30000.0,v0.1
INS_CC4351CD085C,REQ_91136E4035B1,26,700.0,v0.1
INS_CC4351CD085C,REQ_F728E575929A,27,730.0,v0.1
INS_CC4351CD085C,REQ_522BA59BD074,28,680.0,v0.1
INS_CC4351CD085C,REQ_7FA24236A58D,29,1000.0,v0.1
INS_CC4351CD085C,REQ_25D2AF758FA0,30,30000.0,v0.1
INS_CC4351CD085C,REQ_FFD4369FB5CE,31,350.0,v0.1
INS_CC4351CD085C,REQ_506CDF6AC7B6,32,280.0,v0.1
INS_CC4351CD085C,REQ_C05CB48BA421,33,869.9999999999999,v0.1
INS_CC4351CD085C,REQ_4A78CF12D72B,34,1060.0,v0.1
INS_CC4351CD085C,REQ_6B5830A853EE,35,30000.0,v0.1
INS_CC4351CD085C,REQ_91EA61165B56,36,26400.0,v0.1
INS_CC4351CD085C,REQ_F57389DB1E77,37,8100.0,v0.1
INS_CC4351CD085C,REQ_DE385D883C4C,38,6650.0,v0.1
INS_CC4351CD085C,REQ_8DE88962776F,39,25530.0,v0.1
INS_CC4351CD085C,REQ_8CBB5AEA4771,40,430.0,v0.1
INS_CC4351CD085C,REQ_EEB7204B7E55,41,16140.0,v0.1
INS_CC4351CD085C,REQ_E29C5F25C91E,42,30000.0,v0.1
INS_CC4351CD085C,REQ_BDDE9BA940B1,43,14300.0,v0.1
INS_CC4351CD085C,REQ_5131979409CB,44,30000.0,v0.1
INS_CC4351CD085C,REQ_3BE6CED12DF3,45,400.0,v0.1
INS_CC4351CD085C,REQ_DDD37422EBAC,46,30000.0,v0.1
INS_CC4351CD085C,REQ_4047C57721C9,47,450.0,v0.1
INS_CC4351CD085C,REQ_0A578E4B805B,48,30000.0,v0.1
INS_CC4351CD085C,REQ_02EECC21177C,49,1170.0,v0.1
INS_CC4351CD085C,REQ_E5C06BE93ECC,50,14870.0,v0.1
INS_CC4351CD085C,REQ_B2817F7AC1E1,51,190.0,v0.1
INS_CC4351CD085C,REQ_592AFC845464,52,9670.0,v0.1
INS_CC4351CD085C,REQ_79B676EA9E68,53,400.0,v0.1
INS_21A37DBDB7A4,REQ_F44582B10D46,0,30000.0,v0.1
INS_21A37DBDB7A4,REQ_E11232C83C78,1,950.0,v0.1
INS_21A37DBDB7A4,REQ_6F9AB16963D5,2,30000.0,v0.1
INS_21A37DBDB7A4,REQ_542823B12358,3,430.0,v0.1
INS_21A37DBDB7A4,REQ_777E816CA743,4,30000.0,v0.1
INS_21A37DBDB7A4,REQ_DB94E0C29307,5,30000.0,v0.1
INS_21A37DBDB7A4,REQ_0B4389B1765E,6,18290.0,v0.1
INS_21A37DBDB7A4,REQ_C3ACF7A6C380,7,1470.0,v0.1
INS_21A37DBDB7A4,REQ_FCE7DD662FDA,8,120.0,v0.1
INS_5D1E3FA2D893,REQ_D204DA5A8578,0,30000.0,v0.1
INS_5D1E3FA2D893,REQ_358DB6825B05,1,21960.0,v0.1
INS_5D1E3FA2D893,REQ_9F7F1F581EAD,2,3140.0,v0.1
INS_5D1E3FA2D893,REQ_89F8CEEF86AA,3,6520.0,v0.1
INS_5D1E3FA2D893,REQ_9448AB192A90,4,8480.0,v0.1
INS_5D1E3FA2D893,REQ_895544F2A2E1,5,18000.0,v0.1
INS_5D1E3FA2D893,REQ_81A95118B816,6,1420.0,v0.1
INS_5D1E3FA2D893,REQ_58E00B5AB3BA,7,30000.0,v0.1
INS_5D1E3FA2D893,REQ_FE276D7892F6,8,30000.0,v0.1
INS_5D1E3FA2D893,REQ_366C833A8E00,9,23530.0,v0.1
INS_5D1E3FA2D893,REQ_168790C7E8D1,10,400.0,v0.1
INS_5D1E3FA2D893,REQ_016B2EC386D5,11,6220.0,v0.1
INS_5D1E3FA2D893,REQ_58C160D1F184,12,6550.0,v0.1
INS_5D1E3FA2D893,REQ_2D25B10342FD,13,30000.0,v0.1
INS_5D1E3FA2D893,REQ_5B4F148514FA,14,1340.0,v0.1
INS_5D1E3FA2D893,REQ_1261D407526D,15,13125.0,v0.1
INS_5D1E3FA2D893,REQ_02C33DDB4C25,16,360.0,v0.1
INS_5D1E3FA2D893,REQ_C468D42402C3,17,5860.0,v0.1
INS_34C22E355581,REQ_608FCF4846C3,0,9710.0,v0.1
INS_34C22E355581,REQ_5CFA01752774,1,19240.0,v0.1
INS_34C22E355581,REQ_BF7BF22A1DC9,2,10800.0,v0.1
INS_34C22E355581,REQ_98FF2B728749,3,30000.0,v0.1
INS_34C22E355581,REQ_8171E518F6C7,4,2250.0,v0.1
INS_34C22E355581,REQ_51FC17C4D1E9,5,9960.0,v0.1
INS_34C22E355581,REQ_392B2948DF92,6,440.0,v0.1
INS_34C22E355581,REQ_0FB29F5A7384,7,30000.0,v0.1
INS_34C22E355581,REQ_1D06D307DAC5,8,21400.0,v0.1
INS_34C22E355581,REQ_F23D6808C9CD,9,150.0,v0.1
INS_34C22E355581,REQ_E5E622A79347,10,1130.0,v0.1
INS_34C22E355581,REQ_AFEDDA861D77,11,350.0,v0.1
INS_34C22E355581,REQ_6EE2FD4B9471,12,400.0,v0.1
INS_34C22E355581,REQ_27E0A190E2BC,13,8020.0,v0.1
INS_34C22E355581,REQ_D3B6BB78E724,14,30000.0,v0.1
INS_34C22E355581,REQ_F1D169E18D99,15,21230.0,v0.1
INS_34C22E355581,REQ_3E1658CEFDD7,16,30000.0,v0.1
INS_34C22E355581,REQ_F088477FB019,17,18200.0,v0.1
INS_34C22E355581,REQ_4675E663762F,18,30000.0,v0.1
INS_34C22E355581,REQ_47914282B4CC,19,30000.0,v0.1
INS_34C22E355581,REQ_35FBD7D61C2F,20,600.0,v0.1
INS_34C22E355581,REQ_C2FE8CF19728,21,7810.0,v0.1
INS_34C22E355581,REQ_123C309AED98,22,8020.0,v0.1
INS_34C22E355581,REQ_70B3DA456903,23,10510.0,v0.1
INS_34C22E355581,REQ_B02719EFD260,24,7090.0,v0.1
INS_34C22E355581,REQ_83D300AB74F9,25,30000.0,v0.1
INS_34C22E355581,REQ_F661A2A59AB5,26,1630.0,v0.1
INS_34C22E355581,REQ_D7FEBC145808,27,30000.0,v0.1
INS_34C22E355581,REQ_5D34DF5FA952,28,500.0,v0.1
INS_34C22E355581,REQ_1F88ADC53F80,29,10200.0,v0.1
INS_34C22E355581,REQ_0BABCCE44C40,30,640.0,v0.1
INS_34C22E355581,REQ_BE3D3F84371B,31,30000.0,v0.1
INS_34C22E355581,REQ_30174A4577D6,32,24670.0,v0.1
INS_34C22E355581,REQ_2A1884AD9095,33,1010.0,v0.1
INS_34C22E355581,REQ_56529CAF4FF5,34,600.0,v0.1
INS_34C22E355581,REQ_842EB539BDE2,35,7900.0,v0.1
INS_34C22E355581,REQ_476DADE8ADBB,36,30000.0,v0.1
INS_34C22E355581,REQ_17E9C87541EB,37,20140.0,v0.1
INS_34C22E355581,REQ_79E11EAE0445,38,26190.0,v0.1
INS_74AC73AD2F25,REQ_88A020157847,0,30000.0,v0.1
INS_74AC73AD2F25,REQ_9C662FF73FD1,1,919.9999999999999,v0.1
INS_74AC73AD2F25,REQ_D1B58C85FEC2,2,22380.0,v0.1
INS_74AC73AD2F25,REQ_EE52AAAAC8AB,3,2860.0,v0.1
INS_74AC73AD2F25,REQ_7896D0BACB80,4,30000.0,v0.1
INS_74AC73AD2F25,REQ_234543FA1E42,5,30000.0,v0.1
INS_74AC73AD2F25,REQ_AF766983FFB2,6,30000.0,v0.1
INS_74AC73AD2F25,REQ_710DD23A40E8,7,1100.0,v0.1
INS_74AC73AD2F25,REQ_66690A219E45,8,10450.0,v0.1
INS_74AC73AD2F25,REQ_C3AD4A6A1A7E,9,30570.0,v0.1
INS_74AC73AD2F25,REQ_8741A342CA67,10,12120.0,v0.1
INS_74AC73AD2F25,REQ_E7E565FDEBC7,11,2760.0,v0.1
INS_1F5B95EFEE44,REQ_2B8791FC42DC,0,1430.0,v0.1
INS_1F5B95EFEE44,REQ_7D8D8E06169D,1,30000.0,v0.1
INS_1F5B95EFEE44,REQ_4B67746260EB,2,250.0,v0.1
INS_1F5B95EFEE44,REQ_B0988AFEED77,3,130.0,v0.1
INS_1F5B95EFEE44,REQ_031242229A4A,4,3160.0,v0.1
INS_1F5B95EFEE44,REQ_CA97D6808B54,5,19290.0,v0.1
INS_1F5B95EFEE44,REQ_3324AB962E64,6,1300.0,v0.1
INS_1F5B95EFEE44,REQ_DA39C335CF46,7,140.0,v0.1
INS_1F5B95EFEE44,REQ_3EE50D993CFC,8,520.0,v0.1
INS_1F5B95EFEE44,REQ_2D92DED237B1,9,270.0,v0.1
INS_0EDEB1C09D8B,REQ_F5E0617B5051,0,470.0,v0.1
INS_0EDEB1C09D8B,REQ_3A1EEB16A4F1,1,640.0,v0.1
INS_0EDEB1C09D8B,REQ_F6B913C2D23F,2,770.0,v0.1
INS_0EDEB1C09D8B,REQ_D8A48846ADC2,3,180.0,v0.1
INS_0EDEB1C09D8B,REQ_83FEF5C912AF,4,3200.0,v0.1
INS_0EDEB1C09D8B,REQ_D6C9FA4251B9,5,3390.0,v0.1
INS_0EDEB1C09D8B,REQ_B614B06C94C8,6,1500.0,v0.1
INS_0EDEB1C09D8B,REQ_E952969469B9,7,2590.0,v0.1
INS_0EDEB1C09D8B,REQ_AD5A43A67461,8,980.0,v0.1
INS_0EDEB1C09D8B,REQ_6DF88F8301E7,9,12130.0,v0.1
INS_0EDEB1C09D8B,REQ_B54CD52418B6,10,1380.0,v0.1
INS_0EDEB1C09D8B,REQ_BB95FDA5ECBC,11,4150.0,v0.1
INS_0EDEB1C09D8B,REQ_49ECFBE3EC54,12,12950.0,v0.1
INS_0EDEB1C09D8B,REQ_1CA3223EF2A1,13,1750.0,v0.1
INS_0EDEB1C09D8B,REQ_C316B5EDCC15,14,30000.0,v0.1
INS_0EDEB1C09D8B,REQ_D28F13DC7F7D,15,660.0,v0.1
INS_0EDEB1C09D8B,REQ_3F53CE836370,16,1960.0000000000002,v0.1
INS_0EDEB1C09D8B,REQ_3F428F6BB938,17,390.0,v0.1
INS_0EDEB1C09D8B,REQ_BA062425FD0B,18,3760.0,v0.1
INS_0EDEB1C09D8B,REQ_0DECB5A7C6A9,19,12080.0,v0.1
INS_0EDEB1C09D8B,REQ_BA36CF722BE4,20,9580.0,v0.1
INS_0EDEB1C09D8B,REQ_B3AF8A5DC68F,21,24700.0,v0.1
INS_0EDEB1C09D8B,REQ_2D4251E22E5C,22,8660.0,v0.1
INS_0EDEB1C09D8B,REQ_5A46F3842791,23,1180.0,v0.1
INS_0EDEB1C09D8B,REQ_63FF8F8D4AEC,24,790.0,v0.1
INS_0EDEB1C09D8B,REQ_BF71677FAD60,25,1950.0,v0.1
INS_8DA0233D20E1,REQ_A19DED5675AC,0,19330.0,v0.1
INS_8DA0233D20E1,REQ_E217EB45503F,1,8680.0,v0.1
INS_8DA0233D20E1,REQ_25495EC8E8CF,2,480.0,v0.1
INS_8DA0233D20E1,REQ_E53FD2528DEA,3,24560.0,v0.1
INS_8DA0233D20E1,REQ_2EEC5049312D,4,30000.0,v0.1
INS_8DA0233D20E1,REQ_312B60881B16,5,2150.0,v0.1
INS_8DA0233D20E1,REQ_EEC57104CF09,6,409.99999999999994,v0.1
INS_8DA0233D20E1,REQ_9E6A6A603324,7,14480.0,v0.1
INS_8DA0233D20E1,REQ_5338B4DF7F26,8,6300.0,v0.1
INS_8DA0233D20E1,REQ_41632751CE21,9,459.99999999999994,v0.1
INS_8DA0233D20E1,REQ_16297D10EFF7,10,30000.0,v0.1
INS_8DA0233D20E1,REQ_0E0155C19CC3,11,19980.0,v0.1
INS_8DA0233D20E1,REQ_2BD5A83B1127,12,3650.0,v0.1
INS_8DA0233D20E1,REQ_6E074BDB7BD0,13,31090.0,v0.1
INS_8DA0233D20E1,REQ_EF35931F387D,14,26060.0,v0.1
INS_8DA0233D20E1,REQ_E4A5079E9917,15,640.0,v0.1
INS_8DA0233D20E1,REQ_96BE0A5EE29D,16,13120.0,v0.1
INS_20FB7D0D27BB,REQ_6DF256328EAF,0,30000.0,v0.1
INS_20FB7D0D27BB,REQ_D2849ECD6532,1,3600.0,v0.1
INS_20FB7D0D27BB,REQ_5B284E4D453C,2,2760.0,v0.1
INS_20FB7D0D27BB,REQ_BBD8ADED0398,3,24560.0,v0.1
INS_20FB7D0D27BB,REQ_EE23D3B4EC60,4,21570.0,v0.1
INS_20FB7D0D27BB,REQ_8C108B1A8CD9,5,2190.0,v0.1
INS_20FB7D0D27BB,REQ_812117FEE27A,6,26820.0,v0.1
INS_20FB7D0D27BB,REQ_C544E4CAB413,7,30000.0,v0.1
INS_20FB7D0D27BB,REQ_212BE6E302EB,8,12170.0,v0.1
INS_20FB7D0D27BB,REQ_653877277A23,9,90.0,v0.1
INS_20FB7D0D27BB,REQ_8C6C4AC0C1AD,10,2170.0,v0.1
INS_336E3C9775B0,REQ_398FA7BA3261,0,160.0,v0.1
INS_336E3C9775B0,REQ_8F3422200705,1,19460.0,v0.1
INS_336E3C9775B0,REQ_3E487B0E3A95,2,560.0,v0.1
INS_336E3C9775B0,REQ_E7A2F7C52740,3,3230.0,v0.1
INS_336E3C9775B0,REQ_57B106F7BFF5,4,750.0,v0.1
INS_336E3C9775B0,REQ_8D459DB542CD,5,150.0,v0.1
INS_336E3C9775B0,REQ_E6B8CBD7FD1B,6,30000.0,v0.1
INS_336E3C9775B0,REQ_132458C37869,7,1520.0,v0.1
INS_336E3C9775B0,REQ_D3BF67FC74B5,8,1480.0,v0.1
INS_336E3C9775B0,REQ_08C034F7C1B9,9,23250.0,v0.1
INS_336E3C9775B0,REQ_D2E663D95771,10,10100.0,v0.1
INS_336E3C9775B0,REQ_52AEBFF2DB74,11,22460.0,v0.1
INS_336E3C9775B0,REQ_E91ED6604B46,12,1600.0,v0.1
INS_336E3C9775B0,REQ_21E51BCCF60C,13,7650.0,v0.1
INS_336E3C9775B0,REQ_7DCC1704E8AD,14,200.0,v0.1
INS_336E3C9775B0,REQ_E82A6BE87B2A,15,1400.0,v0.1
INS_336E3C9775B0,REQ_A2C0800A101E,16,30000.0,v0.1
INS_336E3C9775B0,REQ_565E2383B2BC,17,22330.0,v0.1
INS_E7DB87C3A3C2,REQ_7316E36FB9C5,0,12310.0,v0.1
INS_E7DB87C3A3C2,REQ_7601CFF91624,1,30000.0,v0.1
INS_E7DB87C3A3C2,REQ_ECEB0B1438B0,2,26630.0,v0.1
INS_E7DB87C3A3C2,REQ_5CB3314F49C3,3,30000.0,v0.1
INS_E7DB87C3A3C2,REQ_456881F0BC67,4,30000.0,v0.1
INS_E7DB87C3A3C2,REQ_90A4E616152A,5,27730.0,v0.1
INS_E7DB87C3A3C2,REQ_EBCCFA1E6A7F,6,17640.0,v0.1
INS_E7DB87C3A3C2,REQ_0305DEE325F4,7,27480.0,v0.1
INS_E7DB87C3A3C2,REQ_9EF709420473,8,21920.0,v0.1
INS_E7DB87C3A3C2,REQ_F7DCAD255861,9,28220.0,v0.1
INS_E7DB87C3A3C2,REQ_8495F52429CF,10,30000.0,v0.1
INS_E7DB87C3A3C2,REQ_1FBD7665CEF8,11,30000.0,v0.1
INS_E7DB87C3A3C2,REQ_A3B267051658,12,22480.0,v0.1
INS_E7DB87C3A3C2,REQ_B7AFBFEAA524,13,25850.0,v0.1
INS_E7DB87C3A3C2,REQ_44AC8A2E9FF7,14,19500.0,v0.1
INS_E7DB87C3A3C2,REQ_290207E6E90E,15,20590.0,v0.1
INS_E7DB87C3A3C2,REQ_D41663ABDA7E,16,18930.0,v0.1
INS_E7DB87C3A3C2,REQ_E74EE37E0E0B,17,13730.0,v0.1
INS_5A1487282EBD,REQ_6986EE8C69A6,0,640.0,v0.1
INS_5A1487282EBD,REQ_8E831FE00B8E,1,2260.0,v0.1
INS_5A1487282EBD,REQ_7EE102948FF3,2,2550.0,v0.1
INS_5A1487282EBD,REQ_9079A477A5D6,3,30000.0,v0.1
INS_5A1487282EBD,REQ_6EA288BEC6B9,4,2750.0,v0.1
INS_5A1487282EBD,REQ_3D3C16E801F7,5,300.0,v0.1
INS_5A1487282EBD,REQ_B93E23263AB8,6,2420.0,v0.1
INS_5A1487282EBD,REQ_A38750AD929A,7,2000.0,v0.1
INS_5A1487282EBD,REQ_4984A5B4D545,8,30000.0,v0.1
INS_5A1487282EBD,REQ_B6BEFD76A3FC,9,23990.0,v0.1
INS_5A1487282EBD,REQ_01F5CCDF5AF5,10,1090.0,v0.1
INS_5A1487282EBD,REQ_0951D86769CE,11,400.0,v0.1
INS_5A1487282EBD,REQ_AC0A129C0239,12,870.0,v0.1
INS_5A1487282EBD,REQ_A2860BA61975,13,710.0,v0.1
INS_5A1487282EBD,REQ_56A15D50CCE6,14,290.0,v0.1
INS_5A1487282EBD,REQ_90FA64371840,15,6790.0,v0.1
INS_5A1487282EBD,REQ_6A20D344B16D,16,1100.0,v0.1
INS_5A1487282EBD,REQ_E25BDE7648E5,17,900.0,v0.1
INS_5A1487282EBD,REQ_EEE0C4FB5C22,18,16790.0,v0.1
INS_5A1487282EBD,REQ_47CA6BE9F763,19,30000.0,v0.1
INS_5A1487282EBD,REQ_C9C4785A0564,20,2930.0,v0.1
INS_152EA60EBA8E,REQ_4B28389D8C08,0,5900.0,v0.1
INS_152EA60EBA8E,REQ_A922C60B56A4,1,30000.0,v0.1
INS_152EA60EBA8E,REQ_EE649E025EAA,2,14720.0,v0.1
INS_152EA60EBA8E,REQ_37F7EB3DFB07,3,30000.0,v0.1
INS_152EA60EBA8E,REQ_966B338E8AF9,4,8540.0,v0.1
INS_152EA60EBA8E,REQ_6E25F830CFDF,5,30750.0,v0.1
INS_152EA60EBA8E,REQ_68A05259AB87,6,30000.0,v0.1
INS_152EA60EBA8E,REQ_05CAE0932F9F,7,18040.0,v0.1
INS_152EA60EBA8E,REQ_2FD8A97D7106,8,30000.0,v0.1
INS_152EA60EBA8E,REQ_5DB843AC7447,9,1800.0,v0.1
INS_152EA60EBA8E,REQ_CA78BA838027,10,500.0,v0.1
INS_152EA60EBA8E,REQ_6971112E3344,11,600.0,v0.1
INS_152EA60EBA8E,REQ_10A9E3A15696,12,30000.0,v0.1
INS_FD04A3EE0D61,REQ_BC3AE572C21A,0,30000.0,v0.1
INS_FD04A3EE0D61,REQ_B2B151895B58,1,30000.0,v0.1
INS_FD04A3EE0D61,REQ_18D05FE184DB,2,30000.0,v0.1
INS_FD04A3EE0D61,REQ_3D137029DB76,3,30000.0,v0.1
INS_FD04A3EE0D61,REQ_24B4F438D94F,4,30000.0,v0.1
INS_FD04A3EE0D61,REQ_A095E3AC1D21,5,30000.0,v0.1
INS_FD04A3EE0D61,REQ_A683694C8366,6,30000.0,v0.1
INS_FD04A3EE0D61,REQ_B65209DD6FB1,7,30000.0,v0.1
INS_EFEBB3A59C8B,REQ_5D4DB328DDE5,0,30000.0,v0.1
INS_EFEBB3A59C8B,REQ_72D0CC6DA501,1,11230.0,v0.1
INS_EFEBB3A59C8B,REQ_6E288D72522A,2,3429.9999999999995,v0.1
INS_EFEBB3A59C8B,REQ_77D69E581F42,3,13460.0,v0.1
INS_EFEBB3A59C8B,REQ_06503611AB30,4,580.0,v0.1
INS_EFEBB3A59C8B,REQ_EF17DA465B5B,5,200.0,v0.1
INS_EFEBB3A59C8B,REQ_2F12BC502EE6,6,1560.0,v0.1
INS_EFEBB3A59C8B,REQ_A4E9D352AA82,7,600.0,v0.1
INS_EFEBB3A59C8B,REQ_0F80CB109C91,8,12500.0,v0.1
INS_EFEBB3A59C8B,REQ_0FB608C09FD7,9,1360.0,v0.1
INS_EFEBB3A59C8B,REQ_99A476393370,10,30000.0,v0.1
INS_EFEBB3A59C8B,REQ_1BE69C052C06,11,10850.0,v0.1
INS_8BACBDBB9CE8,REQ_46FF1F34EAA0,0,2050.0,v0.1
INS_8BACBDBB9CE8,REQ_FFE428014ADC,1,1670.0,v0.1
INS_8BACBDBB9CE8,REQ_869068042822,2,19170.0,v0.1
INS_8BACBDBB9CE8,REQ_A3F59149BE36,3,3480.0,v0.1
INS_8BACBDBB9CE8,REQ_261F9469E7DB,4,30000.0,v0.1
INS_8BACBDBB9CE8,REQ_EC5FD6CBAD93,5,24600.0,v0.1
INS_8BACBDBB9CE8,REQ_EFA4D57EC38F,6,30000.0,v0.1
INS_8BACBDBB9CE8,REQ_0F8D17908872,7,15275.0,v0.1
INS_8BACBDBB9CE8,REQ_B5A83472960E,8,1750.0,v0.1
INS_8BACBDBB9CE8,REQ_B246229BAAA2,9,1580.0,v0.1
INS_8BACBDBB9CE8,REQ_732C52F414A8,10,300.0,v0.1
INS_8BACBDBB9CE8,REQ_9422F7363AF5,11,1610.0000000000002,v0.1
INS_8BACBDBB9CE8,REQ_6A84958EDD89,12,2060.0,v0.1
INS_8BACBDBB9CE8,REQ_5A8EB402DD36,13,1060.0,v0.1
INS_8BACBDBB9CE8,REQ_CA1E1B07F1AC,14,250.0,v0.1
INS_8BACBDBB9CE8,REQ_748FC4A40031,15,830.0,v0.1
INS_E65EF528B1D9,REQ_96C5B1F3CF00,0,1850.0,v0.1
INS_E65EF528B1D9,REQ_F137F734B4B4,1,1620.0,v0.1
INS_E65EF528B1D9,REQ_6025582F7607,2,2520.0,v0.1
INS_E65EF528B1D9,REQ_096113C8D5BE,3,700.0,v0.1
INS_E65EF528B1D9,REQ_3BCCCDACE0F1,4,900.0,v0.1
INS_E65EF528B1D9,REQ_2AB1C62BFFB8,5,4620.0,v0.1
INS_E65EF528B1D9,REQ_2B0CF9AE6E27,6,30000.0,v0.1
INS_E65EF528B1D9,REQ_8B9BBF4FCB52,7,18170.0,v0.1
INS_E65EF528B1D9,REQ_38136340457B,8,12350.0,v0.1
INS_E65EF528B1D9,REQ_2E20E3E807AD,9,800.0,v0.1
INS_E65EF528B1D9,REQ_3E299B88916D,10,80.0,v0.1
INS_E65EF528B1D9,REQ_B01A6DE75CB4,11,20040.0,v0.1
INS_E65EF528B1D9,REQ_CDB34DDCB2FB,12,22870.0,v0.1
INS_E65EF528B1D9,REQ_93EE2BE9A4F7,13,4300.0,v0.1
INS_E65EF528B1D9,REQ_EB7BDD03B9C5,14,1200.0,v0.1
INS_E65EF528B1D9,REQ_B82F77813B27,15,10700.0,v0.1
INS_E65EF528B1D9,REQ_C00E849BE12D,16,3840.0,v0.1
INS_E65EF528B1D9,REQ_749AA0B98AE0,17,23180.0,v0.1
INS_E65EF528B1D9,REQ_265CBF035B89,18,9910.0,v0.1
INS_E65EF528B1D9,REQ_09C6EE095614,19,30000.0,v0.1
INS_E65EF528B1D9,REQ_DAB6AD3B9259,20,150.0,v0.1
INS_3F1D5F049EE8,REQ_CB61DE9026AC,0,1350.0,v0.1
INS_3F1D5F049EE8,REQ_5D5D0ECB4C66,1,250.0,v0.1
INS_3F1D5F049EE8,REQ_0D0B90AC7145,2,30410.0,v0.1
INS_3F1D5F049EE8,REQ_78908539C3D7,3,1040.0,v0.1
INS_3F1D5F049EE8,REQ_95B21D4A09D9,4,770.0,v0.1
INS_3F1D5F049EE8,REQ_9BDEA7CFFAB4,5,180.0,v0.1
INS_3F1D5F049EE8,REQ_2A7F2885ED19,6,6660.0,v0.1
INS_3F1D5F049EE8,REQ_7FA2CF6B1673,7,17570.0,v0.1
INS_3F1D5F049EE8,REQ_F8F6D2391532,8,12400.0,v0.1
INS_3F1D5F049EE8,REQ_5E5D77F95919,9,7830.0,v0.1
INS_3F1D5F049EE8,REQ_7645EA8A9B8F,10,16770.0,v0.1
INS_3F1D5F049EE8,REQ_1E7F900A9484,11,2050.0,v0.1
INS_3F1D5F049EE8,REQ_FD7D1D4FC086,12,2120.0,v0.1
INS_3F1D5F049EE8,REQ_B553E220A196,13,1850.0,v0.1
INS_3F1D5F049EE8,REQ_1D92A89155E0,14,900.0,v0.1
INS_3F1D5F049EE8,REQ_A3803C9F2D34,15,300.0,v0.1
INS_3F1D5F049EE8,REQ_337F78C800DF,16,1480.0,v0.1
INS_3F1D5F049EE8,REQ_CB10E439B3EB,17,670.0,v0.1
INS_3F1D5F049EE8,REQ_B8117273D0E4,18,8300.0,v0.1
INS_3F1D5F049EE8,REQ_1A361B695FBC,19,3890.0,v0.1
INS_3F1D5F049EE8,REQ_073BE1DB0E38,20,800.0,v0.1
INS_3F1D5F049EE8,REQ_51EFF18D4D6E,21,3779.9999999999995,v0.1
INS_3F1D5F049EE8,REQ_E70BAB209A53,22,430.0,v0.1
INS_3F1D5F049EE8,REQ_9A7E605503F7,23,9910.0,v0.1
INS_3F1D5F049EE8,REQ_10463910EFC9,24,2430.0,v0.1
INS_3F1D5F049EE8,REQ_29D09A9E5260,25,2100.0,v0.1
INS_3F1D5F049EE8,REQ_BE8EBB4050BD,26,680.0,v0.1
INS_3F1D5F049EE8,REQ_9DE1D2A9F0B8,27,5590.0,v0.1
INS_3F1D5F049EE8,REQ_5E3822251E59,28,490.00000000000006,v0.1
INS_3F1D5F049EE8,REQ_94989857435F,29,310.0,v0.1
INS_3F1D5F049EE8,REQ_B00AFA331A09,30,10240.0,v0.1
INS_3F1D5F049EE8,REQ_D30CCAE7941C,31,150.0,v0.1
INS_3F1D5F049EE8,REQ_E36CDAB8B8EA,32,1350.0,v0.1
INS_3F1D5F049EE8,REQ_A8D74C308EE7,33,1180.0,v0.1
INS_3F1D5F049EE8,REQ_70A59454C007,34,9680.0,v0.1
INS_3F1D5F049EE8,REQ_95590F6238AE,35,4740.0,v0.1
INS_3F1D5F049EE8,REQ_208A1B114090,36,1050.0,v0.1
INS_3F1D5F049EE8,REQ_44244FE2405B,37,7090.0,v0.1
INS_3F1D5F049EE8,REQ_6E14B82B4854,38,27370.0,v0.1
INS_3F1D5F049EE8,REQ_220DF6FE60F0,39,2400.0,v0.1
INS_BA160AE54144,REQ_D094D76BE4BD,0,1260.0,v0.1
INS_BA160AE54144,REQ_831FFC27B6B2,1,30000.0,v0.1
INS_BA160AE54144,REQ_886530A358C2,2,30000.0,v0.1
INS_BA160AE54144,REQ_42CF39EC4D6C,3,900.0,v0.1
INS_BA160AE54144,REQ_2E20E3E807AD,4,800.0,v0.1
INS_BA160AE54144,REQ_41AC752F203F,5,18200.0,v0.1
INS_BA160AE54144,REQ_30476E6A7AC6,6,2370.0,v0.1
INS_BA160AE54144,REQ_582512259BD1,7,7330.0,v0.1
INS_BA160AE54144,REQ_33DEAF0E3355,8,2550.0,v0.1
INS_BA160AE54144,REQ_770C781EDACD,9,30000.0,v0.1
INS_BA160AE54144,REQ_97B3A4BCF784,10,10750.0,v0.1
INS_BA160AE54144,REQ_6670ECAD8D31,11,240.0,v0.1
INS_BA160AE54144,REQ_EFDA1856BD7E,12,2100.0,v0.1
INS_BA160AE54144,REQ_DFD7578E426A,13,1000.0,v0.1
INS_BA160AE54144,REQ_6025582F7607,14,2520.0,v0.1
INS_BA160AE54144,REQ_096113C8D5BE,15,700.0,v0.1
INS_BA160AE54144,REQ_D2582CEA65A9,16,29620.0,v0.1
INS_BA160AE54144,REQ_2E89D839C23E,17,13390.0,v0.1
INS_BA160AE54144,REQ_68B0A57F5053,18,100.0,v0.1
INS_BA160AE54144,REQ_4B01384BF101,19,30000.0,v0.1
INS_BA160AE54144,REQ_75FD4675B98C,20,9710.0,v0.1
INS_BA160AE54144,REQ_B0B1551C0EB5,21,1360.0,v0.1
INS_BA160AE54144,REQ_18E7FB064EE0,22,770.0,v0.1
INS_BA160AE54144,REQ_CCDD9CAA83DA,23,2290.0,v0.1
INS_BA160AE54144,REQ_F02762B0513E,24,19400.0,v0.1
INS_BA160AE54144,REQ_5256F7DEEBB8,25,400.0,v0.1
INS_BA160AE54144,REQ_D0CF4751F3E0,26,700.0,v0.1
INS_BA160AE54144,REQ_021A5742ED64,27,760.0,v0.1
INS_BA160AE54144,REQ_5110838A982A,28,27510.0,v0.1
INS_BA160AE54144,REQ_1FDC51B35B2B,29,3629.9999999999995,v0.1
INS_BA160AE54144,REQ_2B0CF9AE6E27,30,30000.0,v0.1
INS_BA160AE54144,REQ_5DDB9EF90EFE,31,250.0,v0.1
INS_BA160AE54144,REQ_4BF631B824D2,32,29940.0,v0.1
INS_BA160AE54144,REQ_EB7BDD03B9C5,33,1200.0,v0.1
INS_BA160AE54144,REQ_DBBC62D4DC19,34,110.0,v0.1
INS_BA160AE54144,REQ_B01A6DE75CB4,35,20040.0,v0.1
INS_BA160AE54144,REQ_EF9851A6A81A,36,9950.0,v0.1
INS_BA160AE54144,REQ_EE2F03E13169,37,459.99999999999994,v0.1
INS_BA160AE54144,REQ_A53547E26186,38,30000.0,v0.1
INS_BA160AE54144,REQ_A24C0669E19F,39,3629.9999999999995,v0.1
INS_BA160AE54144,REQ_EDDFE0D9F7E5,40,16670.0,v0.1
INS_BA160AE54144,REQ_331752B8F388,41,30000.0,v0.1
INS_BA160AE54144,REQ_F137F734B4B4,42,1620.0,v0.1
INS_BA160AE54144,REQ_BA70C6EEB63D,43,3800.0,v0.1
INS_A753CF830456,REQ_B281CBC15CE1,0,480.0,v0.1
INS_A753CF830456,REQ_88463CE54A9C,1,24000.0,v0.1
INS_A753CF830456,REQ_3A4FF9788E84,2,520.0,v0.1
INS_A753CF830456,REQ_0FF003E9E2BA,3,1630.0,v0.1
INS_A753CF830456,REQ_50B058A8DB79,4,770.0,v0.1
INS_A753CF830456,REQ_B6C7019C0BD6,5,1490.0,v0.1
INS_A753CF830456,REQ_8CE08E8A4EF6,6,30000.0,v0.1
INS_A753CF830456,REQ_97B1FE758BF0,7,570.0,v0.1
INS_A753CF830456,REQ_290BCAC3ECC7,8,240.0,v0.1
INS_A753CF830456,REQ_440641C200E0,9,220.00000000000003,v0.1
INS_A753CF830456,REQ_79AA1B381532,10,600.0,v0.1
INS_A753CF830456,REQ_138105C95662,11,919.9999999999999,v0.1
INS_A753CF830456,REQ_D6B633D79B1E,12,520.0,v0.1
INS_A753CF830456,REQ_1CCC74CE1A46,13,200.0,v0.1
INS_A753CF830456,REQ_5219E3B61110,14,200.0,v0.1
INS_A753CF830456,REQ_00D7C1B87093,15,12970.0,v0.1
INS_A753CF830456,REQ_FF602B046766,16,30000.0,v0.1
INS_A753CF830456,REQ_45E7B9893AE5,17,3800.0,v0.1
INS_356853986337,REQ_79BE0D505D82,0,2580.0,v0.1
INS_356853986337,REQ_DFA86C9343DD,1,2200.0,v0.1
INS_356853986337,REQ_8704BE7B712A,2,16820.0,v0.1
INS_356853986337,REQ_DE8AA58152DC,3,2280.0,v0.1
INS_356853986337,REQ_2DB4832D7EDD,4,11730.0,v0.1
INS_356853986337,REQ_70B1BC51BB53,5,570.0,v0.1
INS_356853986337,REQ_376F332C4B6F,6,430.0,v0.1
INS_356853986337,REQ_66AE040001F0,7,4560.0,v0.1
INS_356853986337,REQ_BF75ED5149F7,8,10075.0,v0.1
INS_356853986337,REQ_46461EE48A15,9,11310.0,v0.1
INS_356853986337,REQ_101D7733E79C,10,740.0,v0.1
INS_356853986337,REQ_5DCD5CBEC970,11,480.0,v0.1
INS_356853986337,REQ_0A4B5A6CBF51,12,1310.0,v0.1
INS_356853986337,REQ_799A0056E639,13,890.0,v0.1
INS_356853986337,REQ_8FFF263C1DD3,14,6909.999999999999,v0.1
INS_2CE92B70E5AE,REQ_8D13E89CE80E,0,13380.000000000002,v0.1
INS_2CE92B70E5AE,REQ_B7EF69C5B230,1,16010.000000000002,v0.1
INS_2CE92B70E5AE,REQ_1B4BF1034FED,2,8690.0,v0.1
INS_2CE92B70E5AE,REQ_B42DE0D244D3,3,550.0,v0.1
INS_2CE92B70E5AE,REQ_0F5C2CFA903B,4,910.0,v0.1
INS_2CE92B70E5AE,REQ_815378FFC9AE,5,330.0,v0.1
INS_2CE92B70E5AE,REQ_2D7A2CC1069A,6,7600.0,v0.1
INS_2CE92B70E5AE,REQ_E9DA7E71A6EC,7,1100.0,v0.1
INS_2CE92B70E5AE,REQ_6281124B3E50,8,3030.0,v0.1
INS_2CE92B70E5AE,REQ_0D4CA0407307,9,450.0,v0.1
INS_2CE92B70E5AE,REQ_1ACEB1ED52AC,10,6230.0,v0.1
INS_2CE92B70E5AE,REQ_EE722157CDA3,11,800.0,v0.1
INS_2CE92B70E5AE,REQ_F7226CB1A765,12,11350.0,v0.1
INS_2CE92B70E5AE,REQ_20F99852A07D,13,3640.0,v0.1
INS_2CE92B70E5AE,REQ_5ACFE1D3C0A1,14,16239.999999999998,v0.1
INS_2CE92B70E5AE,REQ_A30C3A23C5D3,15,28775.0,v0.1
INS_2CE92B70E5AE,REQ_49075A4F332E,16,820.0,v0.1
INS_2CE92B70E5AE,REQ_B96B12AADC58,17,3990.0,v0.1
INS_2CE92B70E5AE,REQ_9D8035B8CAFA,18,12400.0,v0.1
INS_2CE92B70E5AE,REQ_F03C5F5B7AD2,19,820.0,v0.1
INS_2CE92B70E5AE,REQ_8DC0C2ACA068,20,26400.0,v0.1
INS_2CE92B70E5AE,REQ_4325E3170018,21,25750.0,v0.1
INS_2CE92B70E5AE,REQ_E5E2B3EAFA52,22,850.0,v0.1
INS_2CE92B70E5AE,REQ_ED7C472EB420,23,1950.0,v0.1
INS_2CE92B70E5AE,REQ_2614ED3A824C,24,1430.0,v0.1
INS_1CF731FDA1C3,REQ_BA80F34DAA20,0,2100.0,v0.1
INS_1CF731FDA1C3,REQ_1C2D16956B4E,1,1150.0,v0.1
INS_1CF731FDA1C3,REQ_CC72C857F097,2,360.0,v0.1
INS_1CF731FDA1C3,REQ_C8F7A99A9D6D,3,1850.0,v0.1
INS_1CF731FDA1C3,REQ_C2371FAE36CB,4,250.0,v0.1
INS_1CF731FDA1C3,REQ_5BA22D9AFCF9,5,30000.0,v0.1
INS_1CF731FDA1C3,REQ_32EE723E5550,6,2350.0,v0.1
INS_1CF731FDA1C3,REQ_A74C812E6E2A,7,3929.9999999999995,v0.1
INS_1CF731FDA1C3,REQ_BE3E354EB6E0,8,15590.0,v0.1
INS_1CF731FDA1C3,REQ_859BDEB96A5A,9,440.0,v0.1
INS_1CF731FDA1C3,REQ_9D6296C6EF24,10,730.0,v0.1
INS_1CF731FDA1C3,REQ_941B3D1C641D,11,480.0,v0.1
INS_1CF731FDA1C3,REQ_8FB3EA082364,12,20160.0,v0.1
INS_1CF731FDA1C3,REQ_D45AAC989689,13,1650.0,v0.1
INS_1CF731FDA1C3,REQ_B25D4FEF3213,14,1950.0,v0.1
INS_1CF731FDA1C3,REQ_6CDA80AEE4C5,15,409.99999999999994,v0.1
INS_1CF731FDA1C3,REQ_79A8DE4A212F,16,3000.0,v0.1
INS_1CF731FDA1C3,REQ_E655BE748010,17,670.0,v0.1
INS_1CF731FDA1C3,REQ_4F5FA4EBB6A7,18,27520.0,v0.1
INS_1CF731FDA1C3,REQ_F47DBCF4E4EB,19,660.0,v0.1
INS_1CF731FDA1C3,REQ_8C77E2B15C10,20,30000.0,v0.1
INS_1CF731FDA1C3,REQ_42309B6CD3C1,21,3150.0,v0.1
INS_1CF731FDA1C3,REQ_68B395247C4C,22,20090.0,v0.1
INS_1CF731FDA1C3,REQ_7C4B15441730,23,1500.0,v0.1
INS_1CF731FDA1C3,REQ_02C805AEAEA1,24,30000.0,v0.1
INS_1CF731FDA1C3,REQ_5A6244B4663D,25,30000.0,v0.1
INS_1CF731FDA1C3,REQ_37C9290859CF,26,1300.0,v0.1
INS_1CF731FDA1C3,REQ_76ED1FB25E5B,27,700.0,v0.1
INS_800BC63C4DB9,REQ_0D91D809D024,0,1050.0,v0.1
INS_800BC63C4DB9,REQ_9517729DC6F5,1,30000.0,v0.1
INS_800BC63C4DB9,REQ_83E38817F0AF,2,1760.0000000000002,v0.1
INS_800BC63C4DB9,REQ_F70416EDC880,3,760.0,v0.1
INS_800BC63C4DB9,REQ_162F29B2FF6F,4,2080.0,v0.1
INS_800BC63C4DB9,REQ_B9D641784860,5,9180.0,v0.1
INS_800BC63C4DB9,REQ_B5A76BA17987,6,30000.0,v0.1
INS_800BC63C4DB9,REQ_4B0F4ACBB031,7,30000.0,v0.1
INS_BF53483FDB7E,REQ_EF6D44F36868,0,29470.0,v0.1
INS_BF53483FDB7E,REQ_F7587BAE7ED7,1,330.0,v0.1
INS_BF53483FDB7E,REQ_98A35B869D6E,2,10970.0,v0.1
INS_BF53483FDB7E,REQ_037DD8E43937,3,2000.0,v0.1
INS_BF53483FDB7E,REQ_894EF11359C2,4,11790.0,v0.1
INS_BF53483FDB7E,REQ_20E924D3FA5D,5,24820.0,v0.1
INS_BF53483FDB7E,REQ_ADEF82E73E24,6,2390.0,v0.1
INS_BF53483FDB7E,REQ_62372636344C,7,30000.0,v0.1
INS_BF53483FDB7E,REQ_73DAF694BE91,8,290.0,v0.1
INS_BF53483FDB7E,REQ_63B5E8766DA6,9,390.0,v0.1
INS_BF53483FDB7E,REQ_37610F6CDA06,10,6710.0,v0.1
INS_BF53483FDB7E,REQ_671B0EFD8E07,11,100.0,v0.1
INS_BF53483FDB7E,REQ_C1BF0997A8D4,12,620.0,v0.1
INS_BF53483FDB7E,REQ_C59976F4939E,13,11840.0,v0.1
INS_1A9FF9073314,REQ_67A0D31A5134,0,1350.0,v0.1
INS_1A9FF9073314,REQ_9D899B0F8EB1,1,30000.0,v0.1
INS_1A9FF9073314,REQ_5E0DA6BC301B,2,100.0,v0.1
INS_1A9FF9073314,REQ_2F7B23B9BA13,3,26500.0,v0.1
INS_1A9FF9073314,REQ_8ED1064419D7,4,28580.0,v0.1
INS_1A9FF9073314,REQ_7E92BEF65FB0,5,1670.0,v0.1
INS_1A9FF9073314,REQ_6A34CADD70EB,6,840.0,v0.1
INS_1A9FF9073314,REQ_AF68296A4379,7,270.0,v0.1
INS_1A9FF9073314,REQ_4FB20A7D8C33,8,1030.0,v0.1
INS_1A9FF9073314,REQ_6A7D2965453F,9,320.0,v0.1
INS_1A9FF9073314,REQ_16B5B77CD70B,10,800.0,v0.1
INS_1A9FF9073314,REQ_C7CCB1079C8A,11,920.0,v0.1
INS_1A9FF9073314,REQ_FB5659796D56,12,5090.0,v0.1
INS_D8E8E2F72534,REQ_ECEB0B1438B0,0,26630.0,v0.1
INS_D8E8E2F72534,REQ_8495F52429CF,1,30000.0,v0.1
INS_D8E8E2F72534,REQ_EBCCFA1E6A7F,2,17640.0,v0.1
INS_D8E8E2F72534,REQ_7316E36FB9C5,3,12310.0,v0.1
INS_D8E8E2F72534,REQ_1FBD7665CEF8,4,30000.0,v0.1
INS_D8E8E2F72534,REQ_7601CFF91624,5,30000.0,v0.1
INS_D8E8E2F72534,REQ_E74EE37E0E0B,6,13730.0,v0.1
INS_D8E8E2F72534,REQ_A3B267051658,7,22480.0,v0.1
INS_A59D44973DAA,REQ_AEF663439293,0,30000.0,v0.1
INS_A59D44973DAA,REQ_A32C35A4771B,1,400.0,v0.1
INS_A59D44973DAA,REQ_9F20A7913B64,2,90.0,v0.1
INS_A59D44973DAA,REQ_5EA7A43F24E7,3,6150.0,v0.1
INS_A59D44973DAA,REQ_59223B4DEB65,4,1110.0,v0.1
INS_A59D44973DAA,REQ_9DF8877D8084,5,2820.0,v0.1
INS_A59D44973DAA,REQ_C6237F2ABE0E,6,7140.0,v0.1
INS_A59D44973DAA,REQ_8AD54249E8FC,7,30000.0,v0.1
INS_A59D44973DAA,REQ_1B08E4EFB66B,8,1780.0,v0.1
INS_A59D44973DAA,REQ_ADFA85953AC1,9,650.0,v0.1
INS_A59D44973DAA,REQ_3DBB691E310E,10,2230.0,v0.1
INS_E3C4AD606F2D,REQ_0E491877C88C,0,400.0,v0.1
INS_E3C4AD606F2D,REQ_6D285253A8DD,1,890.0,v0.1
INS_E3C4AD606F2D,REQ_424070DD463B,2,17400.0,v0.1
INS_E3C4AD606F2D,REQ_CADD114DED9D,3,30000.0,v0.1
INS_E3C4AD606F2D,REQ_AA7C04E735C9,4,1000.0,v0.1
INS_E3C4AD606F2D,REQ_F25A997BA326,5,80.0,v0.1
INS_E3C4AD606F2D,REQ_35FEEF0563AE,6,200.0,v0.1
INS_E3C4AD606F2D,REQ_EE55864D0390,7,1600.0,v0.1
INS_E3C4AD606F2D,REQ_A2FBDF4B517D,8,30000.0,v0.1
INS_E3C4AD606F2D,REQ_71F8071D149D,9,1200.0,v0.1
INS_E3C4AD606F2D,REQ_70179BB00997,10,440.0,v0.1
INS_E3C4AD606F2D,REQ_248EDF158F79,11,21610.0,v0.1
INS_E3C4AD606F2D,REQ_6F365B9A10D6,12,12720.0,v0.1
INS_E3C4AD606F2D,REQ_88C84371AB2E,13,1260.0,v0.1
INS_E3C4AD606F2D,REQ_859E5B4399B4,14,3660.0,v0.1
INS_E3C4AD606F2D,REQ_A5CB97293E4A,15,12900.0,v0.1
INS_E3C4AD606F2D,REQ_2A9417EC0108,16,380.0,v0.1
INS_E3C4AD606F2D,REQ_00572427D972,17,650.0,v0.1
INS_E3C4AD606F2D,REQ_07E4FB8F4DBC,18,110.00000000000001,v0.1
INS_E3C4AD606F2D,REQ_FAC35B04426B,19,3210.0,v0.1
INS_E3C4AD606F2D,REQ_18068B39D79E,20,7320.0,v0.1
INS_E3C4AD606F2D,REQ_552CF2FE4F8A,21,509.99999999999994,v0.1
INS_E3C4AD606F2D,REQ_B4D5AB65AF44,22,21040.0,v0.1
INS_E3C4AD606F2D,REQ_3667A3E9EE26,23,7980.0,v0.1
INS_E3C4AD606F2D,REQ_F1034C58488C,24,459.99999999999994,v0.1
INS_E3C4AD606F2D,REQ_50B854B09498,25,560.0,v0.1
INS_E3C4AD606F2D,REQ_4551FEF76D9E,26,1450.0,v0.1
INS_35C313EFB549,REQ_E91ED6604B46,0,1600.0,v0.1
INS_35C313EFB549,REQ_934EEB551F7E,1,5470.0,v0.1
INS_35C313EFB549,REQ_E7741B378B8A,2,29380.0,v0.1
INS_35C313EFB549,REQ_9CADA706A9D0,3,10040.0,v0.1
INS_35C313EFB549,REQ_565E2383B2BC,4,22330.0,v0.1
INS_35C313EFB549,REQ_00F0467884B8,5,200.0,v0.1
INS_35C313EFB549,REQ_1F329FEA67E8,6,2760.0,v0.1
INS_35C313EFB549,REQ_54DE6754A633,7,9060.0,v0.1
INS_35C313EFB549,REQ_5B502E961F67,8,3890.0,v0.1
INS_35C313EFB549,REQ_B0E3CA64DDFC,9,990.0,v0.1
INS_35C313EFB549,REQ_45AEA870FE71,10,7850.0,v0.1
INS_35C313EFB549,REQ_2E5D9BA1873D,11,4830.0,v0.1
INS_35C313EFB549,REQ_5F7B7BBC9CAD,12,12860.0,v0.1
INS_35C313EFB549,REQ_6FCD5C4F8614,13,6900.0,v0.1
INS_35C313EFB549,REQ_A366EE8A7A3B,14,16100.0,v0.1
INS_35C313EFB549,REQ_C28F9C9D9C74,15,1960.0,v0.1
INS_35C313EFB549,REQ_72918D0C07EE,16,6400.0,v0.1
INS_35C313EFB549,REQ_9FA96F59246C,17,2650.0,v0.1
INS_35C313EFB549,REQ_5A51464C4985,18,6340.0,v0.1
INS_35C313EFB549,REQ_E6B8CBD7FD1B,19,30000.0,v0.1
INS_35C313EFB549,REQ_DACF937878F7,20,14690.0,v0.1
INS_35C313EFB549,REQ_132458C37869,21,1520.0,v0.1
INS_35C313EFB549,REQ_F120BDA3DAC4,22,1280.0,v0.1
INS_35C313EFB549,REQ_58F13630694D,23,600.0,v0.1
INS_35C313EFB549,REQ_DFB5E4EBADC0,24,210.0,v0.1
INS_35C313EFB549,REQ_9B2A1891DD70,25,400.0,v0.1
INS_35C313EFB549,REQ_278338904C61,26,90.0,v0.1
INS_99BAB361EB37,REQ_C7827761339D,0,1480.0,v0.1
INS_99BAB361EB37,REQ_4731BDA22226,1,250.0,v0.1
INS_99BAB361EB37,REQ_F050129F2E73,2,4070.0000000000005,v0.1
INS_99BAB361EB37,REQ_9FDC12CC74E1,3,4520.0,v0.1
INS_99BAB361EB37,REQ_EEE0C4FB5C22,4,16790.0,v0.1
INS_99BAB361EB37,REQ_E6569D97AA69,5,2130.0,v0.1
INS_99BAB361EB37,REQ_B81E3E31C267,6,1050.0,v0.1
INS_99BAB361EB37,REQ_FEB7BB52BBBD,7,30000.0,v0.1
INS_4D9A63519AAC,REQ_1EE226D19579,0,11900.0,v0.1
INS_4D9A63519AAC,REQ_3F8D90E7B904,1,12900.0,v0.1
INS_4D9A63519AAC,REQ_E629FD0DAA0A,2,10650.0,v0.1
INS_4D9A63519AAC,REQ_353659939B55,3,4170.0,v0.1
INS_E86139762D5C,REQ_69D56BBCF26F,0,6030.0,v0.1
INS_E86139762D5C,REQ_6BA15A9416F2,1,560.0,v0.1
INS_E86139762D5C,REQ_6DBA718640F8,2,26250.0,v0.1
INS_E86139762D5C,REQ_B5D2E1C452F2,3,1000.0,v0.1
INS_E86139762D5C,REQ_188215BCF7C6,4,1300.0,v0.1
INS_E86139762D5C,REQ_4E3E62F8B00C,5,300.0,v0.1
INS_E86139762D5C,REQ_9FFFB31A11E1,6,30000.0,v0.1
INS_E86139762D5C,REQ_AC842A9D7EF0,7,330.0,v0.1
INS_E86139762D5C,REQ_BFD24D937C26,8,22410.0,v0.1
INS_E86139762D5C,REQ_564EB8A6F276,9,2320.0,v0.1
INS_7A59F3D11B8C,REQ_0A02FB8B58FB,0,100.0,v0.1
INS_7A59F3D11B8C,REQ_E758C6761242,1,2470.0,v0.1
INS_7A59F3D11B8C,REQ_42FDB627B5DB,2,12750.0,v0.1
INS_7A59F3D11B8C,REQ_DB42944C83C4,3,4930.0,v0.1
INS_7A59F3D11B8C,REQ_FE1B229AD9D8,4,30000.0,v0.1
INS_7A59F3D11B8C,REQ_F3C210E9B39A,5,440.0,v0.1
INS_7A59F3D11B8C,REQ_D434D4197E68,6,30000.0,v0.1
INS_7A59F3D11B8C,REQ_5AE19FCE4E2E,7,350.0,v0.1
INS_7A59F3D11B8C,REQ_B9CA0C45C5AC,8,600.0,v0.1
INS_7A59F3D11B8C,REQ_AE7CC7EA497A,9,7310.0,v0.1
INS_7A59F3D11B8C,REQ_017C470AA3A8,10,23290.0,v0.1
INS_7A59F3D11B8C,REQ_C7CCB1079C8A,11,920.0,v0.1
INS_7A59F3D11B8C,REQ_F5EB51196F3F,12,80.0,v0.1
INS_7A59F3D11B8C,REQ_3B1A9B374C84,13,780.0,v0.1
INS_7A59F3D11B8C,REQ_1D3022A56C59,14,29640.0,v0.1
INS_7A59F3D11B8C,REQ_D477868F8EA7,15,1390.0,v0.1
INS_7A59F3D11B8C,REQ_6A7D2965453F,16,320.0,v0.1
INS_7A59F3D11B8C,REQ_387FC04CB0D2,17,8540.0,v0.1
INS_7A59F3D11B8C,REQ_02D8ADAB835C,18,30000.0,v0.1
INS_7A59F3D11B8C,REQ_38E5F7F81A4F,19,30000.0,v0.1
INS_7A59F3D11B8C,REQ_B2104E66F2AC,20,80.0,v0.1
INS_7A59F3D11B8C,REQ_C16D9E2DB7B9,21,130.0,v0.1
INS_7A59F3D11B8C,REQ_16B5B77CD70B,22,800.0,v0.1
INS_7A59F3D11B8C,REQ_FFD42CB3C94D,23,440.0,v0.1
INS_7A59F3D11B8C,REQ_D5A369FF33F6,24,1200.0,v0.1
INS_7A59F3D11B8C,REQ_C83D17FB2AB0,25,750.0,v0.1
INS_7A59F3D11B8C,REQ_0A2D40EC1532,26,13650.0,v0.1
INS_7A59F3D11B8C,REQ_FAF90C6F41A1,27,14730.0,v0.1
INS_7A59F3D11B8C,REQ_DCDD433071C9,28,6970.0,v0.1
INS_7A59F3D11B8C,REQ_B75DC2C178C0,29,1230.0,v0.1
INS_7A59F3D11B8C,REQ_7C79481DC62A,30,640.0,v0.1
INS_7A59F3D11B8C,REQ_B2BFA0071457,31,1180.0,v0.1
INS_7A59F3D11B8C,REQ_58EE350131C6,32,250.0,v0.1
INS_7A59F3D11B8C,REQ_B48E6E855405,33,1560.0,v0.1
INS_7A59F3D11B8C,REQ_140EDF94C185,34,16090.0,v0.1
INS_7A59F3D11B8C,REQ_9CE228F88D69,35,1080.0,v0.1
INS_7A59F3D11B8C,REQ_AE96F55073EE,36,150.0,v0.1
INS_7A59F3D11B8C,REQ_94EEEFB187B1,37,920.0,v0.1
INS_7A59F3D11B8C,REQ_B503F6C6024F,38,23640.0,v0.1
INS_7A59F3D11B8C,REQ_7013929C9575,39,1010.0,v0.1
INS_7A59F3D11B8C,REQ_07358B073408,40,1470.0,v0.1
INS_7A59F3D11B8C,REQ_F2AFC438D0DB,41,100.0,v0.1
INS_7A59F3D11B8C,REQ_C3BFB99F3940,42,23940.0,v0.1
INS_00BBAC82CD1D,REQ_1E3410F4B0A4,0,400.0,v0.1
INS_00BBAC82CD1D,REQ_4EF6725009E6,1,5130.0,v0.1
INS_00BBAC82CD1D,REQ_A80D23D686F0,2,2450.0,v0.1
INS_00BBAC82CD1D,REQ_CC82FBBEBC1E,3,9240.0,v0.1
INS_00BBAC82CD1D,REQ_D526E1D7FCEF,4,3690.0,v0.1
INS_00BBAC82CD1D,REQ_4B0608D2931B,5,1860.0000000000002,v0.1
INS_00BBAC82CD1D,REQ_900889251D8D,6,30700.0,v0.1
INS_00BBAC82CD1D,REQ_0D4EF68F5D54,7,1000.0,v0.1
INS_434CBC2330E7,REQ_34869E50361C,0,430.0,v0.1
INS_434CBC2330E7,REQ_E894677A2133,1,780.0,v0.1
INS_434CBC2330E7,REQ_D0B0B489F69B,2,9300.0,v0.1
INS_434CBC2330E7,REQ_BD06A9142F61,3,2330.0,v0.1
INS_434CBC2330E7,REQ_BC5B138DA298,4,14810.0,v0.1
INS_434CBC2330E7,REQ_3B4C2639B85C,5,4470.0,v0.1
INS_434CBC2330E7,REQ_993BAD625138,6,710.0,v0.1
INS_434CBC2330E7,REQ_331FDED52422,7,490.00000000000006,v0.1
INS_434CBC2330E7,REQ_9DF8877D8084,8,2820.0,v0.1
INS_434CBC2330E7,REQ_188B7E8A507C,9,3100.0,v0.1
INS_434CBC2330E7,REQ_C08B4098AC7B,10,1910.0000000000002,v0.1
INS_434CBC2330E7,REQ_4ED7D8CCB037,11,2310.0,v0.1
INS_434CBC2330E7,REQ_5D44587AAFB2,12,30000.0,v0.1
INS_434CBC2330E7,REQ_8E2D8C3C9E7B,13,840.0,v0.1
INS_1552EC739583,REQ_2A976635D27D,0,1240.0,v0.1
INS_1552EC739583,REQ_8A9668781AA1,1,6450.0,v0.1
INS_1552EC739583,REQ_C7FB76A9A779,2,700.0,v0.1
INS_1552EC739583,REQ_908CAF957017,3,1560.0,v0.1
INS_1552EC739583,REQ_5A6566DAFC6C,4,1050.0,v0.1
INS_1552EC739583,REQ_5EB88076CE0B,5,3250.0,v0.1
INS_1552EC739583,REQ_F24631BB6CBF,6,30000.0,v0.1
INS_1552EC739583,REQ_7A6BD429118B,7,12290.0,v0.1
INS_1552EC739583,REQ_15A905EC90C4,8,21350.0,v0.1
INS_1552EC739583,REQ_94608E003334,9,30000.0,v0.1
INS_1552EC739583,REQ_E420D913E16D,10,30000.0,v0.1
INS_1552EC739583,REQ_B06EE1FBD790,11,440.0,v0.1
INS_1552EC739583,REQ_809E38F7BDBD,12,5620.0,v0.1
INS_1552EC739583,REQ_2BE4704EFB60,13,270.0,v0.1
INS_1552EC739583,REQ_C298899600A4,14,11490.0,v0.1
INS_1552EC739583,REQ_2F7599126195,15,1100.0,v0.1
INS_1552EC739583,REQ_A6E56314B16D,16,25730.0,v0.1
INS_1552EC739583,REQ_8375EEC9D338,17,30000.0,v0.1
INS_1552EC739583,REQ_F1BCE2171353,18,30000.0,v0.1
INS_1552EC739583,REQ_231A91044222,19,600.0,v0.1
INS_1552EC739583,REQ_0CB5319CA597,20,320.0,v0.1
INS_6F17819B3183,REQ_156675988C06,0,2100.0,v0.1
INS_6F17819B3183,REQ_D086008F0084,1,3650.0,v0.1
INS_6F17819B3183,REQ_FC6F7F404AC4,2,120.0,v0.1
INS_6F17819B3183,REQ_3C1D26F90403,3,880.0,v0.1
INS_6F17819B3183,REQ_52E956DD30AB,4,11040.0,v0.1
INS_6F17819B3183,REQ_3DB52BE901E1,5,1100.0,v0.1
INS_6F17819B3183,REQ_059F366FAE83,6,17660.0,v0.1
INS_6F17819B3183,REQ_4750ABFBA67C,7,1680.0,v0.1
INS_6F17819B3183,REQ_57F4721345D4,8,490.00000000000006,v0.1
INS_6F17819B3183,REQ_E7FE37A0D723,9,100.0,v0.1
INS_6F17819B3183,REQ_B422448D41B1,10,280.0,v0.1
INS_6F17819B3183,REQ_B73C3EE0150A,11,15980.0,v0.1
INS_6F17819B3183,REQ_F604ED7D0759,12,100.0,v0.1
INS_6F17819B3183,REQ_7B74BFC133C9,13,2190.0,v0.1
INS_6F17819B3183,REQ_B33225AD93F9,14,150.0,v0.1
INS_6F17819B3183,REQ_C81F2B59F617,15,430.0,v0.1
INS_6F17819B3183,REQ_30430FDDD98B,16,200.0,v0.1
INS_6F17819B3183,REQ_13A514398013,17,8390.0,v0.1
INS_6F17819B3183,REQ_61D77E272462,18,760.0,v0.1
INS_6F17819B3183,REQ_5D4E7320B9A0,19,450.0,v0.1
INS_ACC26FDCBD12,REQ_8EEE07C05E40,0,22240.0,v0.1
INS_ACC26FDCBD12,REQ_EB0A69100AD6,1,18050.0,v0.1
INS_ACC26FDCBD12,REQ_67CE8D05773F,2,14130.0,v0.1
INS_ACC26FDCBD12,REQ_31DE447D84E8,3,1120.0,v0.1
INS_ACC26FDCBD12,REQ_1F325A448AE1,4,3670.0,v0.1
INS_ACC26FDCBD12,REQ_C6B2909469C3,5,5250.0,v0.1
INS_ACC26FDCBD12,REQ_F20A595D4E7E,6,3340.0,v0.1
INS_ACC26FDCBD12,REQ_74DD74A84310,7,25130.0,v0.1
INS_ACC26FDCBD12,REQ_5044E1700977,8,350.0,v0.1
INS_15E1D642A127,REQ_BE088E54F9C0,0,1130.0,v0.1
INS_15E1D642A127,REQ_8250D8F44AFF,1,30000.0,v0.1
INS_15E1D642A127,REQ_54A820606E93,2,5550.0,v0.1
INS_15E1D642A127,REQ_DA1C8B33B227,3,800.0,v0.1
INS_15E1D642A127,REQ_F728E575929A,4,730.0,v0.1
INS_15E1D642A127,REQ_5E57D62A3EFC,5,500.0,v0.1
INS_15E1D642A127,REQ_4047C57721C9,6,450.0,v0.1
INS_15E1D642A127,REQ_0A578E4B805B,7,30000.0,v0.1
INS_15E1D642A127,REQ_870B9F6C2E9A,8,12960.0,v0.1
INS_15E1D642A127,REQ_28B4C2E39602,9,240.0,v0.1
INS_15E1D642A127,REQ_88CA3C9E6C60,10,4660.0,v0.1
INS_15E1D642A127,REQ_D4F6442B8ED2,11,650.0,v0.1
INS_15E1D642A127,REQ_135E87C0014A,12,16770.0,v0.1
INS_15E1D642A127,REQ_EFFD3A81450C,13,560.0,v0.1
INS_15E1D642A127,REQ_620CDFB85935,14,30000.0,v0.1
INS_15E1D642A127,REQ_7FA24236A58D,15,1000.0,v0.1
INS_15E1D642A127,REQ_41A6E756A9C7,16,229.99999999999997,v0.1
INS_15E1D642A127,REQ_3336C2C739F3,17,18990.0,v0.1
INS_15E1D642A127,REQ_33148623562C,18,1800.0,v0.1
INS_15E1D642A127,REQ_C75946DD15B8,19,22540.0,v0.1
INS_15E1D642A127,REQ_44C8E7AC232E,20,3020.0,v0.1
INS_15E1D642A127,REQ_3BE6CED12DF3,21,400.0,v0.1
INS_15E1D642A127,REQ_D124E8853BB5,22,680.0,v0.1
INS_15E1D642A127,REQ_C7DD4B27A336,23,3770.0000000000005,v0.1
INS_15E1D642A127,REQ_83E1C9D57374,24,4740.0,v0.1
INS_15E1D642A127,REQ_E0A70A80DC3A,25,30000.0,v0.1
INS_15E1D642A127,REQ_B556FA0B9CEB,26,4250.0,v0.1
INS_15E1D642A127,REQ_CE59E27AA6D3,27,30000.0,v0.1
INS_15E1D642A127,REQ_EEB7204B7E55,28,16140.0,v0.1
INS_15E1D642A127,REQ_57315A996C15,29,27470.0,v0.1
INS_15E1D642A127,REQ_5131979409CB,30,30000.0,v0.1
INS_15E1D642A127,REQ_6CAD75416723,31,4830.0,v0.1
INS_15E1D642A127,REQ_DD671F0F2CAE,32,30000.0,v0.1
INS_15E1D642A127,REQ_AC00D455754D,33,1360.0,v0.1
INS_15E1D642A127,REQ_B2B9D60D2BAE,34,10260.0,v0.1
INS_15E1D642A127,REQ_1DA03B636B4A,35,869.9999999999999,v0.1
INS_15E1D642A127,REQ_98671A3B10FE,36,26220.0,v0.1
INS_15E1D642A127,REQ_91EA61165B56,37,26400.0,v0.1
INS_15E1D642A127,REQ_1F394D8B9588,38,1430.0,v0.1
INS_15E1D642A127,REQ_F873778396A8,39,250.0,v0.1
INS_15E1D642A127,REQ_BF0CD571A678,40,5210.0,v0.1
INS_15E1D642A127,REQ_E0B64BFDD084,41,26710.0,v0.1
INS_15E1D642A127,REQ_D5D3C35531F4,42,720.0,v0.1
INS_15E1D642A127,REQ_A6E81DE90623,43,30000.0,v0.1
INS_15E1D642A127,REQ_02EECC21177C,44,1170.0,v0.1
INS_15E1D642A127,REQ_672A76195622,45,3600.0,v0.1
INS_C8AE14D0762B,REQ_E3563DA090B3,0,21230.0,v0.1
INS_C8AE14D0762B,REQ_98C7BAA7FCF7,1,470.0,v0.1
INS_C8AE14D0762B,REQ_14BB8AD022C4,2,30000.0,v0.1
INS_C8AE14D0762B,REQ_DC39A137062A,3,30000.0,v0.1
INS_C8AE14D0762B,REQ_086D9345AEC7,4,30000.0,v0.1
INS_C8AE14D0762B,REQ_DD17D460083B,5,30000.0,v0.1
INS_C8AE14D0762B,REQ_2818550CE00F,6,290.0,v0.1
INS_C8AE14D0762B,REQ_30759B79BCF9,7,470.0,v0.1
INS_C8AE14D0762B,REQ_73382BB866EA,8,15030.0,v0.1
INS_C8AE14D0762B,REQ_1E6F949B367C,9,630.0,v0.1
INS_C8AE14D0762B,REQ_B3494222D5E1,10,800.0,v0.1
INS_C8AE14D0762B,REQ_245C25648A9A,11,30000.0,v0.1
INS_47EB57365B67,REQ_FC08FF64C64A,0,710.0,v0.1
INS_47EB57365B67,REQ_355E54F1C91E,1,20250.0,v0.1
INS_47EB57365B67,REQ_3555EBC2F42F,2,5070.0,v0.1
INS_47EB57365B67,REQ_5BAA1557AC4D,3,19810.0,v0.1
INS_47EB57365B67,REQ_02C0E6C73973,4,200.0,v0.1
INS_47EB57365B67,REQ_136B83A4CFC0,5,30000.0,v0.1
INS_47EB57365B67,REQ_67F2404F832D,6,30000.0,v0.1
INS_47EB57365B67,REQ_368BA6DCDD44,7,21250.0,v0.1
INS_47EB57365B67,REQ_81705362B06D,8,5600.0,v0.1
INS_47EB57365B67,REQ_1A16CD099641,9,26100.0,v0.1
INS_E76D59F393C2,REQ_BB5B4DD76BDA,0,1140.0,v0.1
INS_E76D59F393C2,REQ_66E868BAB833,1,6270.0,v0.1
INS_E76D59F393C2,REQ_EBD2B0D630C5,2,7360.0,v0.1
INS_E76D59F393C2,REQ_9C612EA16BCF,3,28680.0,v0.1
INS_E76D59F393C2,REQ_7DA785334CF2,4,15610.0,v0.1
INS_E76D59F393C2,REQ_C0738D1D64A8,5,4029.9999999999995,v0.1
INS_E76D59F393C2,REQ_227B8C6A2063,6,30000.0,v0.1
INS_E76D59F393C2,REQ_203E8E3FEC52,7,11190.0,v0.1
INS_E76D59F393C2,REQ_F9D0E96E4FAC,8,11120.0,v0.1
INS_E76D59F393C2,REQ_D02F3CF2C798,9,12230.0,v0.1
INS_E76D59F393C2,REQ_ACCDC25DFFAA,10,280.0,v0.1
INS_E76D59F393C2,REQ_2658218CD89F,11,780.0,v0.1
INS_E76D59F393C2,REQ_E2B0CE29A84C,12,10930.0,v0.1
INS_E76D59F393C2,REQ_5EC6A859117B,13,430.0,v0.1
INS_E76D59F393C2,REQ_C6E293A21418,14,650.0,v0.1
INS_E76D59F393C2,REQ_DD7715C30243,15,7310.0,v0.1
INS_E76D59F393C2,REQ_E0F9B52FB897,16,30560.0,v0.1
INS_E76D59F393C2,REQ_0ADEB6C54C1F,17,3050.0,v0.1
INS_E76D59F393C2,REQ_F8429D8F9171,18,17830.0,v0.1
INS_E76D59F393C2,REQ_A9444A9F8868,19,1300.0,v0.1
INS_E76D59F393C2,REQ_4CA2EA0A3465,20,5150.0,v0.1
INS_E76D59F393C2,REQ_4DD8E2F6191D,21,30000.0,v0.1
INS_E76D59F393C2,REQ_8E6A017DE1DC,22,4525.0,v0.1
INS_E76D59F393C2,REQ_5A8EDB060881,23,24975.0,v0.1
INS_E76D59F393C2,REQ_2848512878C8,24,22290.0,v0.1
INS_E76D59F393C2,REQ_077614E57E70,25,6930.0,v0.1
INS_E76D59F393C2,REQ_019E750AD829,26,15630.0,v0.1
INS_E76D59F393C2,REQ_3E64ACFA86AC,27,3160.0,v0.1
INS_E76D59F393C2,REQ_B4470138690B,28,11450.0,v0.1
INS_E76D59F393C2,REQ_8FFF263C1DD3,29,6909.999999999999,v0.1
INS_017B358E0DFD,REQ_96E5FF8BF105,0,14840.0,v0.1
INS_017B358E0DFD,REQ_A62989C04FD0,1,9660.0,v0.1
INS_017B358E0DFD,REQ_3F428F6BB938,2,390.0,v0.1
INS_017B358E0DFD,REQ_0DECB5A7C6A9,3,12080.0,v0.1
INS_017B358E0DFD,REQ_F13093BF79B3,4,4750.0,v0.1
INS_017B358E0DFD,REQ_CD9CBEE77137,5,7490.0,v0.1
INS_017B358E0DFD,REQ_44E7A8E10EF6,6,10790.0,v0.1
INS_017B358E0DFD,REQ_81E832633FC0,7,18220.0,v0.1
INS_017B358E0DFD,REQ_E67FD480EC8F,8,1710.0000000000002,v0.1
INS_017B358E0DFD,REQ_0BB456136FEA,9,250.0,v0.1
INS_017B358E0DFD,REQ_296D63892447,10,310.0,v0.1
INS_017B358E0DFD,REQ_2D4251E22E5C,11,8660.0,v0.1
INS_017B358E0DFD,REQ_CCCFC8E0CEAD,12,1350.0,v0.1
INS_017B358E0DFD,REQ_B77AEB3CC75F,13,4190.0,v0.1
INS_017B358E0DFD,REQ_72C2B2F35C04,14,2210.0,v0.1
INS_017B358E0DFD,REQ_AD5A43A67461,15,980.0,v0.1
INS_017B358E0DFD,REQ_9D45FD735258,16,3550.0,v0.1
INS_017B358E0DFD,REQ_C951AECBFD5A,17,890.0,v0.1
INS_017B358E0DFD,REQ_2CA1ACCE985C,18,550.0,v0.1
INS_017B358E0DFD,REQ_82AF5BB9D7B9,19,520.0,v0.1
INS_017B358E0DFD,REQ_63FF8F8D4AEC,20,790.0,v0.1
INS_017B358E0DFD,REQ_7B29AE0C67D2,21,190.0,v0.1
INS_E4CFBAD4BB6D,REQ_A1E9E04CD6E0,0,2300.0,v0.1
INS_E4CFBAD4BB6D,REQ_6CD517BFE00C,1,9220.0,v0.1
INS_E4CFBAD4BB6D,REQ_957E1F91B23C,2,550.0,v0.1
INS_E4CFBAD4BB6D,REQ_5F35832E95C9,3,580.0,v0.1
INS_E4CFBAD4BB6D,REQ_4B61F4FC546D,4,1160.0,v0.1
INS_E4CFBAD4BB6D,REQ_83F36DA01736,5,640.0,v0.1
INS_E4CFBAD4BB6D,REQ_ABEF335172A0,6,17750.0,v0.1
INS_E4CFBAD4BB6D,REQ_75771D8D194B,7,4320.0,v0.1
INS_E4CFBAD4BB6D,REQ_E1DE1558BD46,8,18160.0,v0.1
INS_E4CFBAD4BB6D,REQ_572C93FCFF09,9,700.0,v0.1
INS_E4CFBAD4BB6D,REQ_CBF0EB488AD6,10,22450.0,v0.1
INS_E4CFBAD4BB6D,REQ_4987B0092974,11,550.0,v0.1
INS_E4CFBAD4BB6D,REQ_2B8ACD8846C6,12,550.0,v0.1
INS_E4CFBAD4BB6D,REQ_330024056D58,13,30000.0,v0.1
INS_E4CFBAD4BB6D,REQ_FBB1316DB5C9,14,2140.0,v0.1
INS_E4CFBAD4BB6D,REQ_6762C0A07231,15,640.0,v0.1
INS_E4CFBAD4BB6D,REQ_C3ACF7A6C380,16,1470.0,v0.1
INS_E4CFBAD4BB6D,REQ_CB0039D99065,17,30000.0,v0.1
INS_E4CFBAD4BB6D,REQ_6B0E71FC6641,18,28810.0,v0.1
INS_E4CFBAD4BB6D,REQ_2EE69D58373E,19,250.0,v0.1
INS_E4CFBAD4BB6D,REQ_FEE4A225A350,20,570.0,v0.1
INS_E4CFBAD4BB6D,REQ_179403864327,21,30000.0,v0.1
INS_E4CFBAD4BB6D,REQ_F8D72CF62010,22,25170.0,v0.1
INS_E4CFBAD4BB6D,REQ_5692C3690D6F,23,180.0,v0.1
INS_E4CFBAD4BB6D,REQ_74577D6FE522,24,30000.0,v0.1
INS_E4CFBAD4BB6D,REQ_542823B12358,25,430.0,v0.1
INS_E4CFBAD4BB6D,REQ_5D0DE971D0B8,26,2880.0,v0.1
INS_E4CFBAD4BB6D,REQ_76AFAD80C5E8,27,30000.0,v0.1
INS_E4CFBAD4BB6D,REQ_FFDD6F184981,28,2180.0,v0.1
INS_E4CFBAD4BB6D,REQ_B27D739DCB80,29,26650.0,v0.1
INS_E4CFBAD4BB6D,REQ_CB6B4686E195,30,12660.0,v0.1
INS_E4CFBAD4BB6D,REQ_60DBA0922864,31,2030.0,v0.1
INS_E4CFBAD4BB6D,REQ_0B4389B1765E,32,18290.0,v0.1
INS_E4CFBAD4BB6D,REQ_C51172E4090F,33,600.0,v0.1
INS_E4CFBAD4BB6D,REQ_5E4D10AA0489,34,30000.0,v0.1
INS_E4CFBAD4BB6D,REQ_4B5F73A73127,35,17820.0,v0.1
INS_E4CFBAD4BB6D,REQ_AB7B3D4ABFE8,36,6420.0,v0.1
INS_E4CFBAD4BB6D,REQ_F1C707AFF7B5,37,1500.0,v0.1
INS_E4CFBAD4BB6D,REQ_9B0F91E2C180,38,1180.0,v0.1
INS_E4CFBAD4BB6D,REQ_1A91A2C8CEDA,39,30000.0,v0.1
INS_E4CFBAD4BB6D,REQ_EE557363A73D,40,920.0,v0.1
INS_E4CFBAD4BB6D,REQ_677D21E47746,41,270.0,v0.1
INS_E4CFBAD4BB6D,REQ_E6370840FB47,42,30000.0,v0.1
INS_E4CFBAD4BB6D,REQ_D129BBBE7646,43,600.0,v0.1
INS_E4CFBAD4BB6D,REQ_A7C8DCDD5325,44,11820.0,v0.1
INS_E4CFBAD4BB6D,REQ_C23E7BDF33C2,45,13370.0,v0.1
INS_E4CFBAD4BB6D,REQ_D1F570780BD5,46,250.0,v0.1
INS_E4CFBAD4BB6D,REQ_BD9689A03B3F,47,26420.0,v0.1
INS_E4CFBAD4BB6D,REQ_0D5067BB4DA0,48,370.0,v0.1
INS_E4CFBAD4BB6D,REQ_929A5F92DC05,49,1350.0,v0.1
INS_E4CFBAD4BB6D,REQ_EC249E3845CD,50,30000.0,v0.1
INS_E4CFBAD4BB6D,REQ_893A3BB0F7DB,51,230.0,v0.1
INS_E4CFBAD4BB6D,REQ_E412F9EE83D4,52,26670.0,v0.1
INS_E4CFBAD4BB6D,REQ_CC23D346DFEB,53,720.0,v0.1
INS_E4CFBAD4BB6D,REQ_F65A28449C46,54,1080.0,v0.1
INS_B12ADE4BC977,REQ_C6B6CEDEAAEE,0,30000.0,v0.1
INS_B12ADE4BC977,REQ_A7B945D73A87,1,30000.0,v0.1
INS_B12ADE4BC977,REQ_BAD5094FC616,2,30000.0,v0.1
INS_B12ADE4BC977,REQ_725ACAF24939,3,30000.0,v0.1
INS_B12ADE4BC977,REQ_3C110A7451AA,4,30000.0,v0.1
INS_B12ADE4BC977,REQ_46E51E8D1FD6,5,30000.0,v0.1
INS_B12ADE4BC977,REQ_F26378D02269,6,30000.0,v0.1
INS_B12ADE4BC977,REQ_83460775ABB9,7,30000.0,v0.1
INS_78564026531E,REQ_06E359693CA6,0,19720.0,v0.1
INS_78564026531E,REQ_783F117D7CD5,1,5900.0,v0.1
INS_78564026531E,REQ_1C76FD8C1624,2,30000.0,v0.1
INS_78564026531E,REQ_12FC333BF2F0,3,20820.0,v0.1
INS_78564026531E,REQ_2E548F664125,4,650.0,v0.1
INS_78564026531E,REQ_556130B054D2,5,5620.0,v0.1
INS_78564026531E,REQ_74926C9BDD34,6,170.0,v0.1
INS_78564026531E,REQ_4325CBA4E732,7,170.0,v0.1
INS_78564026531E,REQ_5C2BE68E8CF5,8,30000.0,v0.1
INS_78564026531E,REQ_32231C911D2A,9,8020.0,v0.1
INS_78564026531E,REQ_841D397F9541,10,470.0,v0.1
INS_78564026531E,REQ_7C76B9607B35,11,17110.0,v0.1
INS_78564026531E,REQ_8D97AB6C68CA,12,420.0,v0.1
INS_78564026531E,REQ_8B8432E315BF,13,20750.0,v0.1
INS_78564026531E,REQ_6E82405C1149,14,30000.0,v0.1
INS_78564026531E,REQ_EE8EF986163B,15,670.0,v0.1
INS_78564026531E,REQ_D897449063BB,16,850.0,v0.1
INS_78564026531E,REQ_0182754D1614,17,30000.0,v0.1
INS_78564026531E,REQ_D3077EBDFBFD,18,17780.0,v0.1
INS_78564026531E,REQ_4D5673F0E7B1,19,2860.0,v0.1
INS_78564026531E,REQ_E15E4CC09230,20,7800.0,v0.1
INS_78564026531E,REQ_572EFAD818FF,21,30000.0,v0.1
INS_78564026531E,REQ_C08B95417E01,22,1530.0,v0.1
INS_78564026531E,REQ_6384D898B4B9,23,5420.0,v0.1
INS_28E4C23AD452,REQ_2880EC081247,0,670.0,v0.1
INS_28E4C23AD452,REQ_1ECB4E3C1412,1,18510.0,v0.1
INS_28E4C23AD452,REQ_EDB4DB7F94AD,2,30000.0,v0.1
INS_28E4C23AD452,REQ_62AC4D4530C1,3,3180.0,v0.1
INS_28E4C23AD452,REQ_8BA7B5D3972A,4,270.0,v0.1
INS_28E4C23AD452,REQ_01C79D752A4B,5,10520.0,v0.1
INS_28E4C23AD452,REQ_D2BF7BF2541C,6,490.0,v0.1
INS_28E4C23AD452,REQ_0FB608C09FD7,7,1360.0,v0.1
INS_28E4C23AD452,REQ_133429E73C0B,8,11280.0,v0.1
INS_28E4C23AD452,REQ_84D2BA542CDA,9,30000.0,v0.1
INS_28E4C23AD452,REQ_182B12B60BFF,10,30000.0,v0.1
INS_C4C7B3654791,REQ_91136E4035B1,0,700.0,v0.1
INS_C4C7B3654791,REQ_D9E87DE60B9A,1,1870.0,v0.1
INS_C4C7B3654791,REQ_28B4C2E39602,2,240.0,v0.1
INS_C4C7B3654791,REQ_C7DD4B27A336,3,3770.0000000000005,v0.1
INS_C4C7B3654791,REQ_BDCE5E07FA92,4,1590.0,v0.1
INS_C4C7B3654791,REQ_421567B70639,5,14980.0,v0.1
INS_C4C7B3654791,REQ_E7DB83FFC43C,6,1960.0,v0.1
INS_C4C7B3654791,REQ_C23759BA118A,7,30000.0,v0.1
INS_C4C7B3654791,REQ_57315A996C15,8,27470.0,v0.1
INS_C4C7B3654791,REQ_F873778396A8,9,250.0,v0.1
INS_C4C7B3654791,REQ_BF0CD571A678,10,5210.0,v0.1
INS_C4C7B3654791,REQ_2098F41F1836,11,650.0,v0.1
INS_C4C7B3654791,REQ_8220628132B5,12,600.0,v0.1
INS_C4C7B3654791,REQ_88CA3C9E6C60,13,4660.0,v0.1
INS_C4C7B3654791,REQ_D5C21B373646,14,230.0,v0.1
INS_C4C7B3654791,REQ_FFD4369FB5CE,15,350.0,v0.1
INS_C4C7B3654791,REQ_8745DBFB3CE3,16,7780.0,v0.1
INS_C4C7B3654791,REQ_582DD689676B,17,400.0,v0.1
INS_C4C7B3654791,REQ_8FFFEAAA1E49,18,1170.0,v0.1
INS_C4C7B3654791,REQ_A29CFD8B83B6,19,30000.0,v0.1
INS_C4C7B3654791,REQ_8ACE5AE522E8,20,24130.0,v0.1
INS_C4C7B3654791,REQ_B68591D594C6,21,1250.0,v0.1
INS_D12D54F17989,REQ_1A470F4FADB1,0,5010.0,v0.1
INS_D12D54F17989,REQ_A4D4A5BAF6BF,1,21140.0,v0.1
INS_D12D54F17989,REQ_D02202BC365A,2,30000.0,v0.1
INS_D12D54F17989,REQ_FC76114FA18F,3,1120.0,v0.1
INS_D12D54F17989,REQ_BD2A7D33102D,4,30000.0,v0.1
INS_D12D54F17989,REQ_6A460DB35DE0,5,20950.0,v0.1
INS_D12D54F17989,REQ_3383222AB8B2,6,30000.0,v0.1
INS_D12D54F17989,REQ_FC70BE40DEFB,7,22760.0,v0.1
INS_E50CB091E629,REQ_E25E2DD074FB,0,17740.0,v0.1
INS_E50CB091E629,REQ_4BE0C09F6875,1,20790.0,v0.1
INS_E50CB091E629,REQ_04EF78E78706,2,20060.0,v0.1
INS_E50CB091E629,REQ_5F446DF542CF,3,24970.0,v0.1
INS_DE331DBF62A9,REQ_BF71677FAD60,0,1950.0,v0.1
INS_DE331DBF62A9,REQ_F13093BF79B3,1,4750.0,v0.1
INS_DE331DBF62A9,REQ_AD5A43A67461,2,980.0,v0.1
INS_DE331DBF62A9,REQ_0A14608DFC42,3,10810.0,v0.1
INS_DE331DBF62A9,REQ_699CE58671CD,4,4120.0,v0.1
INS_DE331DBF62A9,REQ_83FEF5C912AF,5,3200.0,v0.1
INS_DE331DBF62A9,REQ_06A78334D0F9,6,190.0,v0.1
INS_DE331DBF62A9,REQ_A0A9AEC77E01,7,21280.0,v0.1
INS_DE331DBF62A9,REQ_1088CA87B6CA,8,13850.0,v0.1
INS_DE331DBF62A9,REQ_7806BD9C2AB2,9,2100.0,v0.1
INS_DE331DBF62A9,REQ_B7E6610B0EB7,10,1130.0,v0.1
INS_DE331DBF62A9,REQ_4F33D790EBDA,11,9990.0,v0.1
INS_DE331DBF62A9,REQ_DB6E3F9066AA,12,940.0,v0.1
INS_0EEE82DF6C1D,REQ_0B10F73CC301,0,30000.0,v0.1
INS_0EEE82DF6C1D,REQ_F582D12C4093,1,5820.0,v0.1
INS_0EEE82DF6C1D,REQ_55007D3FC21D,2,11510.0,v0.1
INS_0EEE82DF6C1D,REQ_28C9A8141C4D,3,300.0,v0.1
INS_0EEE82DF6C1D,REQ_0AB234D774DC,4,24760.0,v0.1
INS_0EEE82DF6C1D,REQ_D094C6DBBB86,5,8240.0,v0.1
INS_0EEE82DF6C1D,REQ_0D5DB4610099,6,30000.0,v0.1
INS_0EEE82DF6C1D,REQ_DD6A1855E900,7,7020.0,v0.1
INS_0EEE82DF6C1D,REQ_6D6F23A91C90,8,110.00000000000001,v0.1
INS_0EEE82DF6C1D,REQ_85C35CE33D65,9,420.0,v0.1
INS_0EEE82DF6C1D,REQ_4FF05F840BEC,10,15270.0,v0.1
INS_0EEE82DF6C1D,REQ_48DD5C0FB18F,11,30000.0,v0.1
INS_0EEE82DF6C1D,REQ_94E47DD0439D,12,11150.0,v0.1
INS_0EEE82DF6C1D,REQ_34CBB021649E,13,440.00000000000006,v0.1
INS_0EEE82DF6C1D,REQ_F8E6477E138F,14,30000.0,v0.1
INS_0EEE82DF6C1D,REQ_3983422ADC48,15,380.0,v0.1
INS_0EEE82DF6C1D,REQ_DCD05610E085,16,250.0,v0.1
INS_0EEE82DF6C1D,REQ_8BF2C5CB6FDF,17,4220.0,v0.1
INS_0EEE82DF6C1D,REQ_C397138D8C04,18,3040.0,v0.1
INS_0EEE82DF6C1D,REQ_69896C787E9B,19,30000.0,v0.1
INS_0EEE82DF6C1D,REQ_BA1787400639,20,7640.0,v0.1
INS_0EEE82DF6C1D,REQ_AAB3D353FF3B,21,80.0,v0.1
INS_0EEE82DF6C1D,REQ_7D84F0AE1409,22,790.0,v0.1
INS_0EEE82DF6C1D,REQ_653B3D6E9A05,23,6010.0,v0.1
INS_0EEE82DF6C1D,REQ_2C59298DF70D,24,180.0,v0.1
INS_0EEE82DF6C1D,REQ_692B2E05ECB6,25,980.0000000000001,v0.1
INS_0EEE82DF6C1D,REQ_B41A1A7B60DD,26,30000.0,v0.1
INS_0EEE82DF6C1D,REQ_A1E788221B0A,27,8840.0,v0.1
INS_995CD02C7A75,REQ_69424EA6F602,0,5590.0,v0.1
INS_995CD02C7A75,REQ_4CAA2CD7C40E,1,10760.0,v0.1
INS_995CD02C7A75,REQ_938331F9BBDE,2,1290.0,v0.1
INS_995CD02C7A75,REQ_244830AF6F6D,3,2450.0,v0.1
INS_995CD02C7A75,REQ_A9F1B61216F7,4,30000.0,v0.1
INS_995CD02C7A75,REQ_53B48A18AC1A,5,24430.0,v0.1
INS_995CD02C7A75,REQ_D35F82BFD056,6,8200.0,v0.1
INS_995CD02C7A75,REQ_D5DE925A186F,7,3500.0,v0.1
INS_995CD02C7A75,REQ_2EB44AB0BE89,8,28180.0,v0.1
INS_995CD02C7A75,REQ_BFA0BC58437C,9,2160.0,v0.1
INS_995CD02C7A75,REQ_F3D47B5A64BC,10,5040.0,v0.1
INS_995CD02C7A75,REQ_FDAE002F95DE,11,3700.0,v0.1
INS_995CD02C7A75,REQ_FA6C2BC8BA76,12,30000.0,v0.1
INS_995CD02C7A75,REQ_333A179AD222,13,9800.0,v0.1
INS_995CD02C7A75,REQ_263DEBE0736B,14,30000.0,v0.1
INS_995CD02C7A75,REQ_2E8AE57455A2,15,4190.0,v0.1
INS_995CD02C7A75,REQ_D17E2B85595D,16,1100.0,v0.1
INS_995CD02C7A75,REQ_2884264AC576,17,17420.0,v0.1
INS_995CD02C7A75,REQ_29AEDE1CCED4,18,760.0,v0.1
INS_995CD02C7A75,REQ_EAF4AE0CB4D7,19,900.0,v0.1
INS_995CD02C7A75,REQ_D9D51138D0C1,20,24660.0,v0.1
INS_995CD02C7A75,REQ_F969FFBB801A,21,7750.0,v0.1
INS_995CD02C7A75,REQ_0EF41116C082,22,2200.0,v0.1
INS_995CD02C7A75,REQ_9F6B7F211B17,23,15090.0,v0.1
INS_995CD02C7A75,REQ_56CAD80E236F,24,5610.0,v0.1
INS_995CD02C7A75,REQ_3810C5E91F22,25,630.0,v0.1
INS_995CD02C7A75,REQ_200D68E70400,26,15525.0,v0.1
INS_995CD02C7A75,REQ_BDEAB0E10C38,27,30000.0,v0.1
INS_995CD02C7A75,REQ_E73B0A8A1F94,28,970.0,v0.1
INS_995CD02C7A75,REQ_692EF93C42F5,29,7700.0,v0.1
INS_995CD02C7A75,REQ_1FA11ED55EAA,30,9710.0,v0.1
INS_995CD02C7A75,REQ_50629076BA9D,31,1040.0,v0.1
INS_995CD02C7A75,REQ_CF18424C27C9,32,1750.0,v0.1
INS_995CD02C7A75,REQ_17C068D3F0C9,33,6860.0,v0.1
INS_995CD02C7A75,REQ_97F494353323,34,280.0,v0.1
INS_995CD02C7A75,REQ_22C89477CB12,35,840.0,v0.1
INS_995CD02C7A75,REQ_A9EA3543F8B4,36,13440.0,v0.1
INS_995CD02C7A75,REQ_FF0845CB39C9,37,620.0,v0.1
INS_995CD02C7A75,REQ_0A8E8AA5E2CA,38,16730.0,v0.1
INS_995CD02C7A75,REQ_7A44B0D859DC,39,15020.0,v0.1
INS_FDE0E0B4B4BE,REQ_0FC8010F08FE,0,29050.0,v0.1
INS_FDE0E0B4B4BE,REQ_F7C960BA4FDE,1,810.0,v0.1
INS_FDE0E0B4B4BE,REQ_F0896F9AB159,2,30000.0,v0.1
INS_FDE0E0B4B4BE,REQ_798A3BF8B4D9,3,4250.0,v0.1
INS_FDE0E0B4B4BE,REQ_4714279C8A9E,4,1030.0,v0.1
INS_FDE0E0B4B4BE,REQ_512CFDF56FE2,5,750.0,v0.1
INS_FDE0E0B4B4BE,REQ_41853FE39954,6,16320.0,v0.1
INS_FDE0E0B4B4BE,REQ_7F923AAF09F6,7,860.0,v0.1
INS_FDE0E0B4B4BE,REQ_77060F4D4F75,8,120.0,v0.1
INS_3E51CA75D66D,REQ_0C5038CF8355,0,1600.0,v0.1
INS_3E51CA75D66D,REQ_8A068FC25E36,1,30000.0,v0.1
INS_3E51CA75D66D,REQ_7394D29338AA,2,7700.0,v0.1
INS_3E51CA75D66D,REQ_F4E6FED2E6BC,3,17750.0,v0.1
INS_3E51CA75D66D,REQ_9AE7FD0C12A4,4,420.0,v0.1
INS_3E51CA75D66D,REQ_2ECE16D543E3,5,350.0,v0.1
INS_3E51CA75D66D,REQ_7CB4335A054D,6,2150.0,v0.1
INS_3E51CA75D66D,REQ_9CD0B7B2344F,7,30000.0,v0.1
INS_3E51CA75D66D,REQ_0AEECE899116,8,270.0,v0.1
INS_3E51CA75D66D,REQ_B07B05BE08EF,9,3390.0,v0.1
INS_3E51CA75D66D,REQ_251F6F6C2AE2,10,1220.0,v0.1
INS_3E51CA75D66D,REQ_9B0054DC0B34,11,2740.0,v0.1
INS_3E51CA75D66D,REQ_625B33BF8112,12,10530.0,v0.1
INS_3E51CA75D66D,REQ_17820BF88197,13,500.0,v0.1
INS_3E51CA75D66D,REQ_000FAF83906C,14,2009.9999999999998,v0.1
INS_3E51CA75D66D,REQ_9B77CD1AB8E5,15,459.99999999999994,v0.1
INS_3E51CA75D66D,REQ_DBC250EDB4DE,16,1010.0,v0.1
INS_3E51CA75D66D,REQ_BF4A39A9FC1F,17,3700.0,v0.1
INS_3E51CA75D66D,REQ_34DCB282BEF2,18,30000.0,v0.1
INS_3E51CA75D66D,REQ_35AD01631AC2,19,9410.0,v0.1
INS_3E51CA75D66D,REQ_ED3CCF5F3DF3,20,3410.0,v0.1
INS_3E51CA75D66D,REQ_311E35A2A52B,21,1500.0,v0.1
INS_3E51CA75D66D,REQ_F8DAE5C0B4B6,22,30000.0,v0.1
INS_3E51CA75D66D,REQ_6F26E100E1C2,23,2300.0,v0.1
INS_3E51CA75D66D,REQ_B42DB3E79FC1,24,22870.0,v0.1
INS_3E51CA75D66D,REQ_D7C3B345E7C4,25,2650.0,v0.1
INS_3E51CA75D66D,REQ_750A1E344951,26,2240.0,v0.1
INS_3E51CA75D66D,REQ_3F4A5EF21C39,27,30000.0,v0.1
INS_6BCF60EA9FC5,REQ_DCB8B963C296,0,9370.0,v0.1
INS_6BCF60EA9FC5,REQ_65F340601FAE,1,30000.0,v0.1
INS_6BCF60EA9FC5,REQ_0DEB2BAA1490,2,30000.0,v0.1
INS_6BCF60EA9FC5,REQ_1743E788974F,3,280.0,v0.1
INS_6BCF60EA9FC5,REQ_67CE8D05773F,4,14130.0,v0.1
INS_6BCF60EA9FC5,REQ_AB538E319952,5,1090.0,v0.1
INS_6BCF60EA9FC5,REQ_1161F46590E4,6,910.0,v0.1
INS_6BCF60EA9FC5,REQ_55FD51605663,7,1560.0,v0.1
INS_6BCF60EA9FC5,REQ_9A6EE00A89B5,8,920.0,v0.1
INS_6BCF60EA9FC5,REQ_5D19A65A8FDD,9,1100.0,v0.1
INS_6BCF60EA9FC5,REQ_FE9BF78D982B,10,450.0,v0.1
INS_6BCF60EA9FC5,REQ_C2DADEFD4D76,11,1080.0,v0.1
INS_6BCF60EA9FC5,REQ_D9D5D30E5EB7,12,330.0,v0.1
INS_6BCF60EA9FC5,REQ_003F670523F1,13,17550.0,v0.1
INS_6BCF60EA9FC5,REQ_6D4257FC1B78,14,520.0,v0.1
INS_6BCF60EA9FC5,REQ_13F423EC2B04,15,140.0,v0.1
INS_6BCF60EA9FC5,REQ_D463AD30912A,16,1750.0,v0.1
INS_572FF7B72824,REQ_9A7E605503F7,0,9910.0,v0.1
INS_572FF7B72824,REQ_E2255E5D53FC,1,7350.0,v0.1
INS_572FF7B72824,REQ_2A7F2885ED19,2,6660.0,v0.1
INS_572FF7B72824,REQ_337F78C800DF,3,1480.0,v0.1
INS_572FF7B72824,REQ_899729B6E395,4,2100.0,v0.1
INS_572FF7B72824,REQ_41449BBC92D0,5,790.0,v0.1
INS_572FF7B72824,REQ_4428689F64EA,6,4330.0,v0.1
INS_572FF7B72824,REQ_536744DFD43D,7,560.0,v0.1
INS_572FF7B72824,REQ_5E5D77F95919,8,7830.0,v0.1
INS_572FF7B72824,REQ_A471F0332C91,9,1850.0,v0.1
INS_572FF7B72824,REQ_939A36AE5C0B,10,6860.0,v0.1
INS_572FF7B72824,REQ_588E1204D477,11,520.0,v0.1
INS_572FF7B72824,REQ_FA12C7BD3ACA,12,900.0,v0.1
INS_572FF7B72824,REQ_9BDEA7CFFAB4,13,180.0,v0.1
INS_572FF7B72824,REQ_CC417DF78F24,14,1140.0,v0.1
INS_572FF7B72824,REQ_C0F2F1560634,15,800.0,v0.1
INS_572FF7B72824,REQ_59B59195158E,16,700.0,v0.1
INS_572FF7B72824,REQ_A2612A396582,17,30000.0,v0.1
INS_572FF7B72824,REQ_3EB39AE1C3E9,18,2150.0,v0.1
INS_572FF7B72824,REQ_5E382D1B88BF,19,2690.0,v0.1
INS_572FF7B72824,REQ_98F5606C3A84,20,2680.0,v0.1
INS_572FF7B72824,REQ_66926302FC8F,21,29760.0,v0.1
INS_572FF7B72824,REQ_8F0E339F79E2,22,1650.0,v0.1
INS_572FF7B72824,REQ_8EE7040935E4,23,2480.0,v0.1
INS_572FF7B72824,REQ_13628BDAB606,24,1180.0,v0.1
INS_572FF7B72824,REQ_B9E67B5FE460,25,5230.0,v0.1
INS_572FF7B72824,REQ_24CF8A84BF7C,26,370.0,v0.1
INS_FAAA65BB5D12,REQ_741C2E14884A,0,4990.0,v0.1
INS_FAAA65BB5D12,REQ_12DB2FA98100,1,30000.0,v0.1
INS_FAAA65BB5D12,REQ_66C52B8403C1,2,6030.0,v0.1
INS_FAAA65BB5D12,REQ_81BF70DED950,3,1350.0,v0.1
INS_FAAA65BB5D12,REQ_8A173113F37F,4,29580.0,v0.1
INS_FAAA65BB5D12,REQ_5B093649BAF8,5,8880.0,v0.1
INS_FAAA65BB5D12,REQ_E2FB2D4EDB1E,6,16149.999999999998,v0.1
INS_FAAA65BB5D12,REQ_9E113262CDBE,7,650.0,v0.1
INS_FAAA65BB5D12,REQ_92CDFCFEE2D5,8,420.0,v0.1
INS_FAAA65BB5D12,REQ_92DB6AEA59DE,9,26850.0,v0.1
INS_FAAA65BB5D12,REQ_B3951033B964,10,2875.0,v0.1
INS_FAAA65BB5D12,REQ_53EE50BE3280,11,2370.0,v0.1
INS_FAAA65BB5D12,REQ_2D7259019F44,12,640.0,v0.1
INS_FAAA65BB5D12,REQ_B9C174D99FAE,13,1170.0,v0.1
INS_FAAA65BB5D12,REQ_B6B0059181B8,14,20540.0,v0.1
INS_FAAA65BB5D12,REQ_6B4C8C72B9A8,15,9040.0,v0.1
INS_FAAA65BB5D12,REQ_C4BE34189B02,16,700.0,v0.1
INS_FAAA65BB5D12,REQ_1B1C4037FCE5,17,4840.0,v0.1
INS_FAAA65BB5D12,REQ_921DC3F884A2,18,7909.999999999999,v0.1
INS_FAAA65BB5D12,REQ_36648F35AD83,19,290.0,v0.1
INS_FAAA65BB5D12,REQ_F1B095D99AF1,20,1280.0,v0.1
INS_FAAA65BB5D12,REQ_46C5FFFEF6D5,21,19300.0,v0.1
INS_FAAA65BB5D12,REQ_2E8D626E7BEB,22,500.0,v0.1
INS_FAAA65BB5D12,REQ_44FA0637F9DA,23,650.0,v0.1
INS_FAAA65BB5D12,REQ_2CF58F721B72,24,9850.0,v0.1
INS_FAAA65BB5D12,REQ_0AEA5A48CCBE,25,14040.0,v0.1
INS_FAAA65BB5D12,REQ_585DB80FD2B6,26,409.99999999999994,v0.1
INS_FAAA65BB5D12,REQ_46817DF8D720,27,27740.0,v0.1
INS_FAAA65BB5D12,REQ_AD69AC94FA2E,28,30000.0,v0.1
INS_FAAA65BB5D12,REQ_99F8B0E28E95,29,1200.0,v0.1
INS_FAAA65BB5D12,REQ_8ACAF792B112,30,3729.9999999999995,v0.1
INS_FAAA65BB5D12,REQ_A884253EBCFD,31,30000.0,v0.1
INS_FAAA65BB5D12,REQ_4706BBD6F05A,32,3320.0000000000005,v0.1
INS_FAAA65BB5D12,REQ_C279FEB42BEE,33,3090.0,v0.1
INS_FAAA65BB5D12,REQ_CA15D0E3E785,34,270.0,v0.1
INS_FAAA65BB5D12,REQ_6F3F2814F722,35,5050.0,v0.1
INS_FAAA65BB5D12,REQ_A5D747D8CC7E,36,27090.0,v0.1
INS_FAAA65BB5D12,REQ_6DB20FCEA481,37,13200.0,v0.1
INS_FAAA65BB5D12,REQ_F0C75B875600,38,1450.0,v0.1
INS_FAAA65BB5D12,REQ_C1FF0A56E783,39,30000.0,v0.1
INS_FAAA65BB5D12,REQ_FEAE417025F5,40,30000.0,v0.1
INS_FAAA65BB5D12,REQ_6DAA4D4B934D,41,15910.0,v0.1
INS_FAAA65BB5D12,REQ_C9D123E707D4,42,1300.0,v0.1
INS_FAAA65BB5D12,REQ_77027B8F9A40,43,30000.0,v0.1
INS_FAAA65BB5D12,REQ_4659D0684F96,44,1510.0,v0.1
INS_FAAA65BB5D12,REQ_E864C5376C12,45,570.0,v0.1
INS_9C1C956A07E7,REQ_E0816DD7EEFA,0,720.0,v0.1
INS_9C1C956A07E7,REQ_6F62E1B7E3F9,1,30000.0,v0.1
INS_9C1C956A07E7,REQ_450B9225D375,2,8450.0,v0.1
INS_9C1C956A07E7,REQ_EACDC5E29505,3,1660.0000000000002,v0.1
INS_9C1C956A07E7,REQ_58F13630694D,4,600.0,v0.1
INS_9C1C956A07E7,REQ_E721106A64B0,5,1710.0,v0.1
INS_9C1C956A07E7,REQ_4E75BBEE8237,6,20600.0,v0.1
INS_9C1C956A07E7,REQ_2F21277950CD,7,26990.0,v0.1
INS_9C1C956A07E7,REQ_7FDE4281B926,8,5170.0,v0.1
INS_9C1C956A07E7,REQ_267C8994F02B,9,100.0,v0.1
INS_9C1C956A07E7,REQ_5B502E961F67,10,3890.0,v0.1
INS_9C1C956A07E7,REQ_52AEBFF2DB74,11,22460.0,v0.1
INS_9C1C956A07E7,REQ_019E939168C9,12,26170.0,v0.1
INS_9C1C956A07E7,REQ_6B8ABEE0A7D4,13,7459.999999999999,v0.1
INS_9C1C956A07E7,REQ_AC145747F0E7,14,11490.0,v0.1
INS_9C1C956A07E7,REQ_B8CB9A151594,15,470.0,v0.1
INS_9C1C956A07E7,REQ_DF2F62F31A66,16,200.0,v0.1
INS_9C1C956A07E7,REQ_8B8A373BCF18,17,27150.0,v0.1
INS_9C1C956A07E7,REQ_09603007F78A,18,170.0,v0.1
INS_9C1C956A07E7,REQ_20CB30CFEC59,19,19210.0,v0.1
INS_9C1C956A07E7,REQ_AA1795B2F738,20,14600.0,v0.1
INS_9C1C956A07E7,REQ_34185D8C194D,21,710.0,v0.1
INS_9C1C956A07E7,REQ_61277E07769E,22,1260.0,v0.1
INS_9C1C956A07E7,REQ_74F5211FE859,23,4900.0,v0.1
INS_9C1C956A07E7,REQ_092E54FF87B8,24,2390.0,v0.1
INS_9C1C956A07E7,REQ_72918D0C07EE,25,6400.0,v0.1
INS_9C1C956A07E7,REQ_79D023AE4CD2,26,160.0,v0.1
INS_9C1C956A07E7,REQ_AF7583168DBF,27,23870.0,v0.1
INS_9C1C956A07E7,REQ_9FA96F59246C,28,2650.0,v0.1
INS_9C1C956A07E7,REQ_7D35EFB9F6C7,29,290.0,v0.1
INS_9C1C956A07E7,REQ_D53EC29832E9,30,10090.0,v0.1
INS_9C1C956A07E7,REQ_A647E3319A64,31,940.0,v0.1
INS_9C1C956A07E7,REQ_8E9DB1706A4E,32,23620.0,v0.1
INS_9C1C956A07E7,REQ_2DE4065A9605,33,4510.0,v0.1
INS_9C1C956A07E7,REQ_132458C37869,34,1520.0,v0.1
INS_9C1C956A07E7,REQ_F120BDA3DAC4,35,1280.0,v0.1
INS_9C1C956A07E7,REQ_9B2A1891DD70,36,400.0,v0.1
INS_9C1C956A07E7,REQ_8128A1C18604,37,4820.0,v0.1
INS_9C1C956A07E7,REQ_8EBA22B47C66,38,7280.0,v0.1
INS_9C1C956A07E7,REQ_4CEA69E827D4,39,9010.0,v0.1
INS_9C1C956A07E7,REQ_C994D91996C6,40,4470.0,v0.1
INS_9C1C956A07E7,REQ_FF37CDC73173,41,3510.0,v0.1
INS_9C1C956A07E7,REQ_45AEA870FE71,42,7850.0,v0.1
INS_9C1C956A07E7,REQ_F0F4221B4F0C,43,13300.0,v0.1
INS_A109B10986AC,REQ_8BB7A0517888,0,6520.0,v0.1
INS_A109B10986AC,REQ_6F360812B788,1,9220.0,v0.1
INS_A109B10986AC,REQ_2C33E9123960,2,8475.0,v0.1
INS_A109B10986AC,REQ_FC15A30D7C41,3,200.0,v0.1
INS_A109B10986AC,REQ_A23E47A1C578,4,30000.0,v0.1
INS_A109B10986AC,REQ_B1E194436357,5,229.99999999999997,v0.1
INS_A109B10986AC,REQ_876FBD6ED478,6,30000.0,v0.1
INS_A109B10986AC,REQ_8A598BEB88D9,7,30000.0,v0.1
INS_A109B10986AC,REQ_09B833101655,8,360.0,v0.1
INS_A109B10986AC,REQ_A2E878752202,9,459.99999999999994,v0.1
INS_A109B10986AC,REQ_8A1B92FFAE3E,10,6300.0,v0.1
INS_A109B10986AC,REQ_826626C57AA2,11,120.0,v0.1
INS_A109B10986AC,REQ_8BAB00D572B6,12,630.0,v0.1
INS_A109B10986AC,REQ_7282CD179C08,13,12170.0,v0.1
INS_A109B10986AC,REQ_3B346797EA93,14,3900.0,v0.1
INS_A109B10986AC,REQ_8539B76AF21B,15,210.0,v0.1
INS_A109B10986AC,REQ_07EA4E92CD1D,16,8720.0,v0.1
INS_A109B10986AC,REQ_E7570921FD30,17,3850.0,v0.1
INS_A109B10986AC,REQ_9C5D588A5E0E,18,5610.0,v0.1
INS_A109B10986AC,REQ_99665C9A3B2B,19,409.99999999999994,v0.1
INS_A109B10986AC,REQ_E9DBA593E84C,20,80.0,v0.1
INS_A109B10986AC,REQ_B9CE58048766,21,12040.0,v0.1
INS_A109B10986AC,REQ_1701E716C8DE,22,2160.0,v0.1
INS_A109B10986AC,REQ_0C1911938B95,23,1600.0,v0.1
INS_A109B10986AC,REQ_43A65EA30756,24,420.0,v0.1
INS_BDF916964A77,REQ_6F3F2814F722,0,5050.0,v0.1
INS_BDF916964A77,REQ_F0C75B875600,1,1450.0,v0.1
INS_BDF916964A77,REQ_8540673066ED,2,30000.0,v0.1
INS_BDF916964A77,REQ_B6B0059181B8,3,20540.0,v0.1
INS_BDF916964A77,REQ_2ACA025088CE,4,2400.0,v0.1
INS_BDF916964A77,REQ_81E3195B91A7,5,2200.0,v0.1
INS_BDF916964A77,REQ_F1B095D99AF1,6,1280.0,v0.1
INS_BDF916964A77,REQ_D68E60C4CE82,7,910.0,v0.1
INS_BDF916964A77,REQ_5659DFF54A2C,8,270.0,v0.1
INS_BDF916964A77,REQ_0AEA5A48CCBE,9,14040.0,v0.1
INS_BDF916964A77,REQ_434DC78595E4,10,1660.0000000000002,v0.1
INS_BDF916964A77,REQ_2F29D9231CBB,11,860.0,v0.1
INS_BDF916964A77,REQ_8AD07B316D4A,12,27050.0,v0.1
INS_BDF916964A77,REQ_1437AA719D1A,13,30000.0,v0.1
INS_BDF916964A77,REQ_77027B8F9A40,14,30000.0,v0.1
INS_BDF916964A77,REQ_C9D123E707D4,15,1300.0,v0.1
INS_BDF916964A77,REQ_54D7CB77EEAF,16,1970.0,v0.1
INS_BDF916964A77,REQ_ADBF29C7A5ED,17,30000.0,v0.1
INS_BDF916964A77,REQ_6B4C8C72B9A8,18,9040.0,v0.1
INS_BDF916964A77,REQ_081CA024FA03,19,23840.0,v0.1
INS_BDF916964A77,REQ_6A26E795956F,20,1700.0,v0.1
INS_BDF916964A77,REQ_1FDBE47E8387,21,640.0,v0.1
INS_BDF916964A77,REQ_B7BC0860FBD4,22,320.0,v0.1
INS_BDF916964A77,REQ_C0E49F2D07FD,23,10040.0,v0.1
INS_BDF916964A77,REQ_C067FF94E514,24,2160.0,v0.1
INS_BDF916964A77,REQ_943DA25C6885,25,6780.0,v0.1
INS_BDF916964A77,REQ_998C4F28C0EE,26,2700.0,v0.1
INS_BDF916964A77,REQ_36648F35AD83,27,290.0,v0.1
INS_BDF916964A77,REQ_6DDCAA74120E,28,29260.0,v0.1
INS_BDF916964A77,REQ_DBFA2241CA9B,29,5200.0,v0.1
INS_BDF916964A77,REQ_1B1C4037FCE5,30,4840.0,v0.1
INS_BDF916964A77,REQ_FD59E788D819,31,19000.0,v0.1
INS_BDF916964A77,REQ_9EC23CC4FAC4,32,2300.0,v0.1
INS_BDF916964A77,REQ_579A571E910E,33,2670.0,v0.1
INS_BDF916964A77,REQ_55865FBB8C68,34,250.0,v0.1
INS_BDF916964A77,REQ_28D9C0804ADC,35,1300.0,v0.1
INS_BDF916964A77,REQ_2CF58F721B72,36,9850.0,v0.1
INS_BDF916964A77,REQ_7C4E4DDFBB90,37,7230.0,v0.1
INS_BDF916964A77,REQ_B9C174D99FAE,38,1170.0,v0.1
INS_BDF916964A77,REQ_5B12061159C3,39,100.0,v0.1
INS_BDF916964A77,REQ_5B093649BAF8,40,8880.0,v0.1
INS_BDF916964A77,REQ_0CBB60E110D3,41,1550.0,v0.1
INS_BDF916964A77,REQ_BFF1EE1FC4F1,42,8480.0,v0.1
INS_BDF916964A77,REQ_57A451462D20,43,2470.0,v0.1
INS_BDF916964A77,REQ_E864C5376C12,44,570.0,v0.1
INS_BDF916964A77,REQ_C279FEB42BEE,45,3090.0,v0.1
INS_BDF916964A77,REQ_BD8BD130C64A,46,2010.0000000000002,v0.1
INS_BDF916964A77,REQ_3F44C218B8C6,47,13630.0,v0.1
INS_BDF916964A77,REQ_180C895F0115,48,1160.0,v0.1
INS_BDF916964A77,REQ_7A7A3DF0C7A4,49,2120.0,v0.1
INS_BDF916964A77,REQ_C1FF0A56E783,50,30000.0,v0.1
INS_BDF916964A77,REQ_0724726AB87A,51,2520.0,v0.1
INS_BDF916964A77,REQ_E4EAA142A727,52,2400.0,v0.1
INS_7CCA6A693D02,REQ_B65209DD6FB1,0,30000.0,v0.1
INS_7CCA6A693D02,REQ_A683694C8366,1,30000.0,v0.1
INS_7CCA6A693D02,REQ_BC3AE572C21A,2,30000.0,v0.1
INS_7CCA6A693D02,REQ_3D137029DB76,3,30000.0,v0.1
INS_7CCA6A693D02,REQ_A095E3AC1D21,4,30000.0,v0.1
INS_7CCA6A693D02,REQ_B2B151895B58,5,30000.0,v0.1
INS_7CCA6A693D02,REQ_24B4F438D94F,6,30000.0,v0.1
INS_7CCA6A693D02,REQ_18D05FE184DB,7,30000.0,v0.1
INS_8D0DBFA156F6,REQ_F46B77E79A7A,0,100.0,v0.1
INS_8D0DBFA156F6,REQ_DB6022EA0260,1,8000.0,v0.1
INS_8D0DBFA156F6,REQ_1A5E0E5FBD46,2,1320.0,v0.1
INS_8D0DBFA156F6,REQ_3323F8809A66,3,90.0,v0.1
INS_8D0DBFA156F6,REQ_328904CFFE20,4,25230.0,v0.1
INS_8D0DBFA156F6,REQ_4233135F1FE9,5,1650.0,v0.1
INS_8D0DBFA156F6,REQ_1D1E0D097410,6,810.0,v0.1
INS_8D0DBFA156F6,REQ_57F4721345D4,7,490.00000000000006,v0.1
INS_8D0DBFA156F6,REQ_29D9D58E2211,8,1700.0,v0.1
INS_8D0DBFA156F6,REQ_520ADB567A26,9,4400.0,v0.1
INS_8D0DBFA156F6,REQ_DBAC03F2F0B0,10,229.99999999999997,v0.1
INS_8D0DBFA156F6,REQ_8F20B7FA4DBC,11,15575.0,v0.1
INS_8D0DBFA156F6,REQ_03394C5DF86B,12,21150.0,v0.1
INS_6B258949AA37,REQ_8D47EEDD1C0A,0,2580.0,v0.1
INS_6B258949AA37,REQ_311056F608DA,1,30000.0,v0.1
INS_6B258949AA37,REQ_2A976635D27D,2,1240.0,v0.1
INS_6B258949AA37,REQ_D871F9FBC3F7,3,7540.0,v0.1
INS_6B258949AA37,REQ_5A6566DAFC6C,4,1050.0,v0.1
INS_6B258949AA37,REQ_D6CE35E0432E,5,4840.0,v0.1
INS_6B258949AA37,REQ_330C8F95B39A,6,520.0,v0.1
INS_6B258949AA37,REQ_00CF4AC5B243,7,16059.999999999998,v0.1
INS_6B258949AA37,REQ_231A91044222,8,600.0,v0.1
INS_6B258949AA37,REQ_BC7FA0881328,9,10730.0,v0.1
INS_6B258949AA37,REQ_258A7FA708A5,10,580.0,v0.1
INS_6B258949AA37,REQ_0CCDCB0D44A8,11,3820.0,v0.1
INS_6B258949AA37,REQ_D4DAF88A46F3,12,2720.0,v0.1
INS_6B258949AA37,REQ_8375EEC9D338,13,30000.0,v0.1
INS_6B258949AA37,REQ_9FBBDDD7FB3E,14,3980.0,v0.1
INS_6B258949AA37,REQ_2D5C6A5F2813,15,1130.0,v0.1
INS_6B258949AA37,REQ_568EBBEBDBE3,16,4240.0,v0.1
INS_6B258949AA37,REQ_C298899600A4,17,11490.0,v0.1
INS_6B258949AA37,REQ_15A905EC90C4,18,21350.0,v0.1
INS_6B258949AA37,REQ_F1BCE2171353,19,30000.0,v0.1
INS_6B258949AA37,REQ_C7FB76A9A779,20,700.0,v0.1
INS_6B258949AA37,REQ_3C707614D30F,21,5660.0,v0.1
INS_6B258949AA37,REQ_7A6BD429118B,22,12290.0,v0.1
INS_6B258949AA37,REQ_7D8774617386,23,1130.0,v0.1
INS_6B258949AA37,REQ_B5E35BCF69A4,24,30000.0,v0.1
INS_6B258949AA37,REQ_4B31F931F746,25,3020.0,v0.1
INS_CF1C96F54622,REQ_C951AECBFD5A,0,890.0,v0.1
INS_CF1C96F54622,REQ_262FE36E2A63,1,4310.0,v0.1
INS_CF1C96F54622,REQ_C4C233A996A2,2,30000.0,v0.1
INS_CF1C96F54622,REQ_BA7F1AC55A6C,3,1520.0,v0.1
INS_CF1C96F54622,REQ_2D4251E22E5C,4,8660.0,v0.1
INS_CF1C96F54622,REQ_AFB0240C5B37,5,7630.0,v0.1
INS_CF1C96F54622,REQ_BB95FDA5ECBC,6,4150.0,v0.1
INS_CF1C96F54622,REQ_718575928C49,7,30000.0,v0.1
INS_CF1C96F54622,REQ_D95D6D7109AD,8,1450.0,v0.1
INS_CF1C96F54622,REQ_62CDCEAB8500,9,9420.0,v0.1
INS_CF1C96F54622,REQ_8F7F53D075CB,10,770.0,v0.1
INS_CF1C96F54622,REQ_2FED5BDAB5DB,11,1830.0,v0.1
INS_CF1C96F54622,REQ_D28F13DC7F7D,12,660.0,v0.1
INS_CF1C96F54622,REQ_E9AF45FB67A0,13,1660.0000000000002,v0.1
INS_CF1C96F54622,REQ_B77AEB3CC75F,14,4190.0,v0.1
INS_CF1C96F54622,REQ_0791EFD656B5,15,2200.0,v0.1
INS_CF1C96F54622,REQ_0A14608DFC42,16,10810.0,v0.1
INS_CF1C96F54622,REQ_06A78334D0F9,17,190.0,v0.1
INS_CF1C96F54622,REQ_BA36CF722BE4,18,9580.0,v0.1
INS_CF1C96F54622,REQ_4495EC0A7F80,19,16170.000000000002,v0.1
INS_CF1C96F54622,REQ_F6B913C2D23F,20,770.0,v0.1
INS_CF1C96F54622,REQ_1CA3223EF2A1,21,1750.0,v0.1
INS_CF1C96F54622,REQ_8E8B89E3F6BD,22,14150.0,v0.1
INS_CF1C96F54622,REQ_FD62DCF5ADE4,23,6040.0,v0.1
INS_CF1C96F54622,REQ_2543A6635ED4,24,16980.0,v0.1
INS_CF1C96F54622,REQ_29335C4DBAB9,25,2840.0,v0.1
INS_CF1C96F54622,REQ_7DEDC63F2E56,26,30000.0,v0.1
INS_CF1C96F54622,REQ_127B4E69841E,27,1000.0,v0.1
INS_CF1C96F54622,REQ_A62989C04FD0,28,9660.0,v0.1
INS_CF1C96F54622,REQ_1088CA87B6CA,29,13850.0,v0.1
INS_CF1C96F54622,REQ_37E65CE41A2A,30,30000.0,v0.1
INS_CF1C96F54622,REQ_E4824B2A4265,31,330.0,v0.1
INS_CF1C96F54622,REQ_2AF64E86B0D1,32,600.0,v0.1
INS_CF1C96F54622,REQ_C316B5EDCC15,33,30000.0,v0.1
INS_CF1C96F54622,REQ_44E7A8E10EF6,34,10790.0,v0.1
INS_CF1C96F54622,REQ_699CE58671CD,35,4120.0,v0.1
INS_CF1C96F54622,REQ_5A46F3842791,36,1180.0,v0.1
INS_CF1C96F54622,REQ_E67FD480EC8F,37,1710.0000000000002,v0.1
INS_83888B74E861,REQ_ACBDC188772A,0,229.99999999999997,v0.1
INS_83888B74E861,REQ_6068A9B4ABD7,1,120.0,v0.1
INS_83888B74E861,REQ_44C8E7AC232E,2,3020.0,v0.1
INS_83888B74E861,REQ_A6E81DE90623,3,30000.0,v0.1
INS_83888B74E861,REQ_BE088E54F9C0,4,1130.0,v0.1
INS_83888B74E861,REQ_112324EC3EFA,5,2110.0,v0.1
INS_83888B74E861,REQ_79B676EA9E68,6,400.0,v0.1
INS_83888B74E861,REQ_CACCE089AF60,7,1000.0,v0.1
INS_83888B74E861,REQ_C1A9BC6C79A5,8,2890.0,v0.1
INS_83888B74E861,REQ_7448207C4EB5,9,660.0,v0.1
INS_83888B74E861,REQ_B2817F7AC1E1,10,190.0,v0.1
INS_83888B74E861,REQ_5E57D62A3EFC,11,500.0,v0.1
INS_83888B74E861,REQ_74FB3830487A,12,13180.0,v0.1
INS_83888B74E861,REQ_00B5674C6C13,13,26850.0,v0.1
INS_83888B74E861,REQ_F1D4C501B6A0,14,30000.0,v0.1
INS_83888B74E861,REQ_C23759BA118A,15,30000.0,v0.1
INS_83888B74E861,REQ_0A578E4B805B,16,30000.0,v0.1
INS_83888B74E861,REQ_77A79B5290E6,17,980.0,v0.1
INS_83888B74E861,REQ_582DD689676B,18,400.0,v0.1
INS_83888B74E861,REQ_1DA03B636B4A,19,869.9999999999999,v0.1
INS_83888B74E861,REQ_1F394D8B9588,20,1430.0,v0.1
INS_83888B74E861,REQ_6CAD75416723,21,4830.0,v0.1
INS_83888B74E861,REQ_E29C5F25C91E,22,30000.0,v0.1
INS_83888B74E861,REQ_573461719845,23,8700.0,v0.1
INS_6099EB145173,REQ_5C7D2298B4D1,0,320.0,v0.1
INS_6099EB145173,REQ_9D6296C6EF24,1,730.0,v0.1
INS_6099EB145173,REQ_983EDAAC30B8,2,3370.0000000000005,v0.1
INS_6099EB145173,REQ_16FF855C8871,3,760.0,v0.1
INS_6099EB145173,REQ_23F5F586E877,4,760.0,v0.1
INS_6099EB145173,REQ_0069BA60F8CE,5,6480.0,v0.1
INS_6099EB145173,REQ_4F47A4AAA866,6,12410.0,v0.1
INS_6099EB145173,REQ_969209C67CE1,7,17510.0,v0.1
INS_6099EB145173,REQ_A9F21BEC5CA0,8,640.0,v0.1
INS_6099EB145173,REQ_4AD5008D926C,9,30000.0,v0.1
INS_6099EB145173,REQ_6405019A3E7D,10,90.0,v0.1
INS_698E3BF2C98B,REQ_D0BCCFB21B91,0,1080.0,v0.1
INS_698E3BF2C98B,REQ_B11157F9C9DA,1,710.0,v0.1
INS_698E3BF2C98B,REQ_48D8C7F9B571,2,30000.0,v0.1
INS_698E3BF2C98B,REQ_F92207C465E0,3,250.0,v0.1
INS_698E3BF2C98B,REQ_D727C31E90DF,4,11030.0,v0.1
INS_698E3BF2C98B,REQ_347AFE23C1D8,5,30000.0,v0.1
INS_698E3BF2C98B,REQ_02BAB63C8AA2,6,26000.0,v0.1
INS_698E3BF2C98B,REQ_A0C56E8AF81B,7,800.0,v0.1
INS_698E3BF2C98B,REQ_F5211DD53E77,8,30000.0,v0.1
INS_698E3BF2C98B,REQ_210374A2D974,9,100.0,v0.1
INS_698E3BF2C98B,REQ_5F94C6003F18,10,910.0,v0.1
INS_698E3BF2C98B,REQ_77382C7FAA53,11,10750.0,v0.1
INS_698E3BF2C98B,REQ_90E3F3C5AAEB,12,2800.0,v0.1
INS_698E3BF2C98B,REQ_8E6AF3179D70,13,150.0,v0.1
INS_698E3BF2C98B,REQ_F1B4F8A610BF,14,8430.0,v0.1
INS_698E3BF2C98B,REQ_5CF75A0455E0,15,30000.0,v0.1
INS_698E3BF2C98B,REQ_67664998A6BB,16,760.0,v0.1
INS_698E3BF2C98B,REQ_F3D25A889949,17,20120.0,v0.1
INS_698E3BF2C98B,REQ_6B4F2AE1D2BC,18,30000.0,v0.1
INS_698E3BF2C98B,REQ_70709016507D,19,2350.0,v0.1
INS_698E3BF2C98B,REQ_7AFC6BD524AD,20,310.0,v0.1
INS_698E3BF2C98B,REQ_41853FE39954,21,16320.0,v0.1
INS_698E3BF2C98B,REQ_56EB82EE4678,22,2980.0,v0.1
INS_698E3BF2C98B,REQ_E01BCFC8C067,23,850.0,v0.1
INS_698E3BF2C98B,REQ_7056DB0600B8,24,14710.0,v0.1
INS_698E3BF2C98B,REQ_8C5A0EB1C37E,25,10810.0,v0.1
INS_698E3BF2C98B,REQ_5B363DD1306D,26,1150.0,v0.1
INS_698E3BF2C98B,REQ_BACBD6370262,27,5460.0,v0.1
INS_F39C952C0F63,REQ_24E6A31CE150,0,22170.0,v0.1
INS_F39C952C0F63,REQ_A18D8BE64B7E,1,240.0,v0.1
INS_F39C952C0F63,REQ_9549F2A621F7,2,8030.0,v0.1
INS_F39C952C0F63,REQ_22B088693B21,3,2410.0,v0.1
INS_F39C952C0F63,REQ_8146F3143B2E,4,13240.0,v0.1
INS_F39C952C0F63,REQ_B6646618FDB7,5,200.0,v0.1
INS_F39C952C0F63,REQ_D5817FEB36F4,6,13320.0,v0.1
INS_F39C952C0F63,REQ_8CBD357ED03A,7,17230.0,v0.1
INS_F39C952C0F63,REQ_A1AE6C278118,8,1040.0,v0.1
INS_F39C952C0F63,REQ_CDC63C174679,9,630.0,v0.1
INS_F39C952C0F63,REQ_DEC4B76C9F8E,10,650.0,v0.1
INS_F39C952C0F63,REQ_F74760C272CC,11,30000.0,v0.1
INS_F39C952C0F63,REQ_EB7EACBC5598,12,400.0,v0.1
INS_F39C952C0F63,REQ_D9357740C166,13,450.0,v0.1
INS_F39C952C0F63,REQ_E9E0DDCE3356,14,12300.0,v0.1
INS_F39C952C0F63,REQ_8F8EF5102D28,15,15500.0,v0.1
INS_F39C952C0F63,REQ_B9B0FD7600C8,16,570.0,v0.1
INS_F39C952C0F63,REQ_A52A63507798,17,14169.999999999998,v0.1
INS_F39C952C0F63,REQ_026B22660C55,18,250.0,v0.1
INS_F39C952C0F63,REQ_F581CA8E8641,19,400.0,v0.1
INS_F39C952C0F63,REQ_A35C295642E3,20,1150.0,v0.1
INS_F39C952C0F63,REQ_4B27E5D76803,21,280.0,v0.1
INS_31B20FEF279C,REQ_C86DE41EA334,0,29460.0,v0.1
INS_31B20FEF279C,REQ_C86E98612EAD,1,30000.0,v0.1
INS_31B20FEF279C,REQ_D11FE85E3355,2,30000.0,v0.1
INS_31B20FEF279C,REQ_299A9F4AA5CE,3,30000.0,v0.1
INS_31B20FEF279C,REQ_948820C577EE,4,30000.0,v0.1
INS_31B20FEF279C,REQ_E50524A96B19,5,20540.0,v0.1
INS_31B20FEF279C,REQ_2D6D358E8DCC,6,30000.0,v0.1
INS_31B20FEF279C,REQ_0391EBB527B6,7,30000.0,v0.1
INS_31B20FEF279C,REQ_5128C36DC078,8,17060.0,v0.1
INS_15A51035F0B2,REQ_BE3D3F84371B,0,30000.0,v0.1
INS_15A51035F0B2,REQ_39A2750A0677,1,3460.0,v0.1
INS_15A51035F0B2,REQ_E5E48704ECCD,2,610.0,v0.1
INS_15A51035F0B2,REQ_2400298D8BA1,3,330.0,v0.1
INS_15A51035F0B2,REQ_0D2AA8EA2718,4,30000.0,v0.1
INS_15A51035F0B2,REQ_FFEFB0123607,5,3500.0,v0.1
INS_15A51035F0B2,REQ_2A1884AD9095,6,1010.0,v0.1
INS_15A51035F0B2,REQ_27E0A190E2BC,7,8020.0,v0.1
INS_15A51035F0B2,REQ_30174A4577D6,8,24670.0,v0.1
INS_15A51035F0B2,REQ_665E28556FEB,9,30000.0,v0.1
INS_15A51035F0B2,REQ_392B2948DF92,10,440.0,v0.1
INS_15A51035F0B2,REQ_CD0DE7C566DB,11,2400.0,v0.1
INS_15A51035F0B2,REQ_5D34DF5FA952,12,500.0,v0.1
INS_15A51035F0B2,REQ_979272F6402B,13,1740.0,v0.1
INS_15A51035F0B2,REQ_1F88ADC53F80,14,10200.0,v0.1
INS_15A51035F0B2,REQ_372EE3EEEF34,15,1000.0,v0.1
INS_15A51035F0B2,REQ_DD39ECEFFEFC,16,13490.0,v0.1
INS_15A51035F0B2,REQ_B7F4E14B8E1D,17,3479.9999999999995,v0.1
INS_15A51035F0B2,REQ_A9EAB46B6DFD,18,6990.0,v0.1
INS_15A51035F0B2,REQ_7E214F3515F5,19,8009.999999999999,v0.1
INS_15A51035F0B2,REQ_0E837ED6AF5A,20,710.0,v0.1
INS_15A51035F0B2,REQ_70B3DA456903,21,10510.0,v0.1
INS_15A51035F0B2,REQ_D84799C3F0D9,22,30000.0,v0.1
INS_15A51035F0B2,REQ_D20452A3288F,23,2400.0,v0.1
INS_15A51035F0B2,REQ_A79F742A0AB2,24,4000.0,v0.1
INS_15A51035F0B2,REQ_AFDF5F77CE7E,25,2550.0,v0.1
INS_15A51035F0B2,REQ_3F3F42196730,26,30000.0,v0.1
INS_15A51035F0B2,REQ_AFEDDA861D77,27,350.0,v0.1
INS_15A51035F0B2,REQ_73D72AAC6717,28,27840.0,v0.1
INS_15A51035F0B2,REQ_608FCF4846C3,29,9710.0,v0.1
INS_15A51035F0B2,REQ_8171E518F6C7,30,2250.0,v0.1
INS_15A51035F0B2,REQ_98FF2B728749,31,30000.0,v0.1
INS_15A51035F0B2,REQ_347B1C220F2F,32,1350.0,v0.1
INS_15A51035F0B2,REQ_4675E663762F,33,30000.0,v0.1
INS_15A51035F0B2,REQ_47914282B4CC,34,30000.0,v0.1
INS_15A51035F0B2,REQ_2A26F391B40D,35,30000.0,v0.1
INS_15A51035F0B2,REQ_0BABCCE44C40,36,640.0,v0.1
INS_15A51035F0B2,REQ_26064CD6AD89,37,750.0,v0.1
INS_15A51035F0B2,REQ_1C49182C263D,38,8620.0,v0.1
INS_15A51035F0B2,REQ_F088477FB019,39,18200.0,v0.1
INS_15A51035F0B2,REQ_891E36E884B4,40,320.0,v0.1
INS_15A51035F0B2,REQ_B6D6DDA7A5C8,41,520.0,v0.1
INS_15A51035F0B2,REQ_51FC17C4D1E9,42,9960.0,v0.1
INS_15A51035F0B2,REQ_A090C4C8E17C,43,2725.0,v0.1
INS_15A51035F0B2,REQ_56529CAF4FF5,44,600.0,v0.1
INS_15A51035F0B2,REQ_849A1DE7BF07,45,10850.0,v0.1
INS_15A51035F0B2,REQ_6BCD09759D2C,46,12480.0,v0.1
INS_15A51035F0B2,REQ_001EB5E0F967,47,30000.0,v0.1
INS_15A51035F0B2,REQ_FBDEE5D480EC,48,14580.0,v0.1
INS_15A51035F0B2,REQ_A1A087EE1608,49,1910.0000000000002,v0.1
INS_15A51035F0B2,REQ_6AD8C686E7F7,50,30000.0,v0.1
INS_15A51035F0B2,REQ_131360057664,51,6350.0,v0.1
INS_72AF825EA884,REQ_D68E60C4CE82,0,910.0,v0.1
INS_72AF825EA884,REQ_434DC78595E4,1,1660.0000000000002,v0.1
INS_72AF825EA884,REQ_3B7E55E6C00F,2,300.0,v0.1
INS_72AF825EA884,REQ_20BB721A413E,3,16219.999999999998,v0.1
INS_72AF825EA884,REQ_8ACAF792B112,4,3729.9999999999995,v0.1
INS_72AF825EA884,REQ_6B4C8C72B9A8,5,9040.0,v0.1
INS_72AF825EA884,REQ_9E113262CDBE,6,650.0,v0.1
INS_72AF825EA884,REQ_E4EAA142A727,7,2400.0,v0.1
INS_E6669DAC019D,REQ_B3928E4BD9B4,0,30000.0,v0.1
INS_E6669DAC019D,REQ_E44A4BB29840,1,5580.0,v0.1
INS_E6669DAC019D,REQ_EF96F519E8F6,2,900.0,v0.1
INS_E6669DAC019D,REQ_10EEF4EF2288,3,400.0,v0.1
INS_E6669DAC019D,REQ_8BE51C145FAC,4,3660.0,v0.1
INS_E6669DAC019D,REQ_079D25F9A0E7,5,13380.0,v0.1
INS_E6669DAC019D,REQ_94B59E8D4F3E,6,17320.0,v0.1
INS_E6669DAC019D,REQ_355B59E8DF5B,7,900.0,v0.1
INS_E6669DAC019D,REQ_BCBD4E5DC82C,8,30000.0,v0.1
INS_E6669DAC019D,REQ_6263CEF343BC,9,620.0,v0.1
INS_E6669DAC019D,REQ_400735173AB6,10,800.0,v0.1
INS_E6669DAC019D,REQ_2840FC8E5178,11,30000.0,v0.1
INS_E6669DAC019D,REQ_220A66D27F9D,12,560.0,v0.1
INS_E6669DAC019D,REQ_862D051AE9DD,13,6720.0,v0.1
INS_E6669DAC019D,REQ_50BC062AD30D,14,200.0,v0.1
INS_E6669DAC019D,REQ_FC5926407BD8,15,1620.0,v0.1
INS_E6669DAC019D,REQ_AB1C8237E798,16,22270.0,v0.1
INS_E6669DAC019D,REQ_A839ECFE52F2,17,6540.0,v0.1
INS_E6669DAC019D,REQ_3AB0FE12C381,18,700.0,v0.1
INS_2730A6751638,REQ_8C5A7B697C28,0,30000.0,v0.1
INS_2730A6751638,REQ_EEC57104CF09,1,409.99999999999994,v0.1
INS_2730A6751638,REQ_2F0DAE05399C,2,8240.0,v0.1
INS_2730A6751638,REQ_59FF5B2D4BCA,3,1320.0,v0.1
INS_2730A6751638,REQ_9DCCCDD8F621,4,1850.0,v0.1
INS_2730A6751638,REQ_CD3F67A69701,5,6560.0,v0.1
INS_2730A6751638,REQ_5A26611C288D,6,780.0,v0.1
INS_2730A6751638,REQ_A03D66F00923,7,9460.0,v0.1
INS_2730A6751638,REQ_EA1C9C10956D,8,11020.0,v0.1
INS_2730A6751638,REQ_062703BB7AEE,9,30000.0,v0.1
INS_2730A6751638,REQ_7551FC3E2BB6,10,1900.0,v0.1
INS_2730A6751638,REQ_48C5942ECA06,11,400.0,v0.1
INS_2730A6751638,REQ_A5BFFDEA0236,12,14010.0,v0.1
INS_A203839115DB,REQ_DBAC03F2F0B0,0,229.99999999999997,v0.1
INS_A203839115DB,REQ_E7FE37A0D723,1,100.0,v0.1
INS_A203839115DB,REQ_156675988C06,2,2100.0,v0.1
INS_A203839115DB,REQ_36F78CDCD7E0,3,130.0,v0.1
INS_A203839115DB,REQ_1A5E0E5FBD46,4,1320.0,v0.1
INS_A203839115DB,REQ_4FD8E04D12C6,5,30000.0,v0.1
INS_A203839115DB,REQ_D4D7614E9167,6,8710.0,v0.1
INS_A203839115DB,REQ_6CDDD84F1D31,7,100.0,v0.1
INS_A203839115DB,REQ_1063E10CA8C2,8,640.0,v0.1
INS_A203839115DB,REQ_059F366FAE83,9,17660.0,v0.1
INS_A203839115DB,REQ_29D9D58E2211,10,1700.0,v0.1
INS_A203839115DB,REQ_EC82CDA40C9C,11,190.0,v0.1
INS_A203839115DB,REQ_203B41EC87A8,12,1060.0,v0.1
INS_A203839115DB,REQ_F05A9F01413C,13,3100.0,v0.1
INS_A203839115DB,REQ_D086008F0084,14,3650.0,v0.1
INS_A203839115DB,REQ_5B6874BD9B4F,15,150.0,v0.1
INS_A203839115DB,REQ_C4A562365B76,16,460.0,v0.1
INS_A203839115DB,REQ_C4DCF5557BDB,17,960.0,v0.1
INS_A203839115DB,REQ_4750ABFBA67C,18,1680.0,v0.1
INS_A203839115DB,REQ_B79F188DB14C,19,100.0,v0.1
INS_A203839115DB,REQ_634BA69DCF17,20,3290.0,v0.1
INS_A203839115DB,REQ_9752E0D58EE9,21,600.0,v0.1
INS_A203839115DB,REQ_BEA8F17FFCEC,22,700.0,v0.1
INS_A203839115DB,REQ_17F52339682A,23,1050.0,v0.1
INS_A203839115DB,REQ_5D4E7320B9A0,24,450.0,v0.1
INS_A203839115DB,REQ_1D1E0D097410,25,810.0,v0.1
INS_A203839115DB,REQ_F7FFCC288254,26,23180.0,v0.1
INS_A203839115DB,REQ_34992ADD2479,27,13210.0,v0.1
INS_A203839115DB,REQ_BA02D4A00AC5,28,4600.0,v0.1
INS_A203839115DB,REQ_13A514398013,29,8390.0,v0.1
INS_A203839115DB,REQ_4B7D2753B4C7,30,2780.0,v0.1
INS_A203839115DB,REQ_C4C4BB169BE5,31,8290.0,v0.1
INS_A203839115DB,REQ_328904CFFE20,32,25230.0,v0.1
INS_A203839115DB,REQ_5CAFC9D11367,33,400.0,v0.1
INS_A203839115DB,REQ_F39A99E82816,34,30000.0,v0.1
INS_A203839115DB,REQ_72F46D0626F8,35,30000.0,v0.1
INS_A203839115DB,REQ_C299343B809A,36,1700.0,v0.1
INS_A203839115DB,REQ_458A4FFBE25B,37,700.0,v0.1
INS_A203839115DB,REQ_4503DCE06307,38,9950.0,v0.1
INS_A203839115DB,REQ_B11379EDB35F,39,480.0,v0.1
INS_52A747026E7F,REQ_BAD9A56BC435,0,440.0,v0.1
INS_52A747026E7F,REQ_4CDB2E50BE33,1,1150.0,v0.1
INS_52A747026E7F,REQ_E217EB45503F,2,8680.0,v0.1
INS_52A747026E7F,REQ_CA1FFED8988F,3,220.00000000000003,v0.1
INS_52A747026E7F,REQ_5338B4DF7F26,4,6300.0,v0.1
INS_52A747026E7F,REQ_7A493380D58A,5,10040.0,v0.1
INS_52A747026E7F,REQ_FB81F99BEFC8,6,20590.0,v0.1
INS_52A747026E7F,REQ_F5EE2A8DE040,7,30000.0,v0.1
INS_52A747026E7F,REQ_176F1661EE8F,8,9050.0,v0.1
INS_52A747026E7F,REQ_062703BB7AEE,9,30000.0,v0.1
INS_52A747026E7F,REQ_8BA9516C756F,10,360.0,v0.1
INS_52A747026E7F,REQ_36D4C6AC62E3,11,2560.0,v0.1
INS_52A747026E7F,REQ_D6EE8B112D34,12,480.0,v0.1
INS_52A747026E7F,REQ_5D88AAD1F833,13,5680.0,v0.1
INS_52A747026E7F,REQ_7A0C31E994B8,14,2180.0,v0.1
INS_52A747026E7F,REQ_D6E759275A57,15,510.0,v0.1
INS_52A747026E7F,REQ_39D6CBE53DEC,16,30000.0,v0.1
INS_52A747026E7F,REQ_A03D66F00923,17,9460.0,v0.1
INS_52A747026E7F,REQ_59FF5B2D4BCA,18,1320.0,v0.1
INS_52A747026E7F,REQ_AB462094A7EC,19,30000.0,v0.1
INS_52A747026E7F,REQ_330ACE1EE88D,20,30000.0,v0.1
INS_52A747026E7F,REQ_8C5A7B697C28,21,30000.0,v0.1
INS_52A747026E7F,REQ_B4A24CC53D96,22,700.0,v0.1
INS_52A747026E7F,REQ_1E484AB73806,23,250.0,v0.1
INS_52A747026E7F,REQ_F49596B45041,24,380.0,v0.1
INS_52A747026E7F,REQ_B6B0E8692E1D,25,1150.0,v0.1
INS_52A747026E7F,REQ_178320B0E9FF,26,409.99999999999994,v0.1
INS_52A747026E7F,REQ_4E68432977F3,27,3100.0,v0.1
INS_52A747026E7F,REQ_E4A5079E9917,28,640.0,v0.1
INS_52A747026E7F,REQ_CA1B6C65ADBD,29,16320.0,v0.1
INS_52A747026E7F,REQ_E53FD2528DEA,30,24560.0,v0.1
INS_52A747026E7F,REQ_C939A1158F08,31,3710.0,v0.1
INS_52A747026E7F,REQ_DD58CFB6E458,32,30000.0,v0.1
INS_52A747026E7F,REQ_6A3FD3312F75,33,25090.0,v0.1
INS_52A747026E7F,REQ_CED004DDAD45,34,3020.0,v0.1
INS_52A747026E7F,REQ_D70A43144971,35,23420.0,v0.1
INS_52A747026E7F,REQ_EF35931F387D,36,26060.0,v0.1
INS_A3A1E218A07D,REQ_764C2E6E7C8A,0,4425.0,v0.1
INS_A3A1E218A07D,REQ_E73B0A8A1F94,1,970.0,v0.1
INS_A3A1E218A07D,REQ_68CC5161FC94,2,670.0,v0.1
INS_A3A1E218A07D,REQ_2EB44AB0BE89,3,28180.0,v0.1
INS_A3A1E218A07D,REQ_98CE1B4565BB,4,2300.0,v0.1
INS_A3A1E218A07D,REQ_408CCCFB7DE2,5,2260.0,v0.1
INS_A3A1E218A07D,REQ_193CBC0B9E7E,6,1200.0,v0.1
INS_A3A1E218A07D,REQ_9BF53C9CBF83,7,6750.0,v0.1
INS_44707A415DCF,REQ_8F20B7FA4DBC,0,15575.0,v0.1
INS_44707A415DCF,REQ_03394C5DF86B,1,21150.0,v0.1
INS_44707A415DCF,REQ_EC82CDA40C9C,2,190.0,v0.1
INS_44707A415DCF,REQ_EEA11DFC231F,3,240.0,v0.1
INS_44707A415DCF,REQ_0C40F7D79D4F,4,2610.0,v0.1
INS_44707A415DCF,REQ_4B7D2753B4C7,5,2780.0,v0.1
INS_44707A415DCF,REQ_5B6874BD9B4F,6,150.0,v0.1
INS_44707A415DCF,REQ_FEED733D50D4,7,1450.0,v0.1
INS_44707A415DCF,REQ_7F679B4433F8,8,150.0,v0.1
INS_44707A415DCF,REQ_13A514398013,9,8390.0,v0.1
INS_44707A415DCF,REQ_4A77E2CE878A,10,6160.0,v0.1
INS_44707A415DCF,REQ_469BEC451E20,11,5220.0,v0.1
INS_44707A415DCF,REQ_E028DF4CFEC8,12,1320.0,v0.1
INS_44707A415DCF,REQ_203B41EC87A8,13,1060.0,v0.1
INS_44707A415DCF,REQ_22E14EFC392B,14,30000.0,v0.1
INS_44707A415DCF,REQ_591999538312,15,830.0000000000001,v0.1
INS_44707A415DCF,REQ_3323F8809A66,16,90.0,v0.1
INS_44707A415DCF,REQ_9E50B567176F,17,2640.0,v0.1
INS_44707A415DCF,REQ_80074563DB1A,18,960.0,v0.1
INS_44707A415DCF,REQ_1063E10CA8C2,19,640.0,v0.1
INS_44707A415DCF,REQ_E1C32303012C,20,30000.0,v0.1
INS_44707A415DCF,REQ_3DB52BE901E1,21,1100.0,v0.1
INS_44707A415DCF,REQ_6A1D3C414FE1,22,550.0,v0.1
INS_44707A415DCF,REQ_998F5BCB7896,23,100.0,v0.1
INS_44707A415DCF,REQ_09A250A9799F,24,470.0,v0.1
INS_44707A415DCF,REQ_513AC5C7D292,25,710.0,v0.1
INS_44707A415DCF,REQ_64C6E1FD8C25,26,1080.0,v0.1
INS_44707A415DCF,REQ_4FCB8D07E48F,27,150.0,v0.1
INS_44707A415DCF,REQ_17F52339682A,28,1050.0,v0.1
INS_44707A415DCF,REQ_E42CB20905F5,29,1250.0,v0.1
INS_44707A415DCF,REQ_730106CCAF12,30,310.0,v0.1
INS_44707A415DCF,REQ_5CAFC9D11367,31,400.0,v0.1
INS_44707A415DCF,REQ_5D4E7320B9A0,32,450.0,v0.1
INS_44707A415DCF,REQ_17CB9818668E,33,1400.0,v0.1
INS_44707A415DCF,REQ_F174EBB84998,34,1019.9999999999999,v0.1
INS_44707A415DCF,REQ_D4D7C5B59688,35,2680.0,v0.1
INS_44707A415DCF,REQ_7ECC00431EF5,36,730.0,v0.1
INS_44707A415DCF,REQ_D48C5B128072,37,9850.0,v0.1
INS_6497646F86D8,REQ_D3B44B6F0094,0,9810.0,v0.1
INS_6497646F86D8,REQ_8A2F51F18DC8,1,5450.0,v0.1
INS_6497646F86D8,REQ_3AB477DF906C,2,1270.0,v0.1
INS_6497646F86D8,REQ_A91ED6995910,3,20790.0,v0.1
INS_6497646F86D8,REQ_D4E744C89216,4,10210.0,v0.1
INS_6497646F86D8,REQ_4D5CEA08E8AD,5,5750.0,v0.1
INS_6497646F86D8,REQ_C113754B07A0,6,200.0,v0.1
INS_6497646F86D8,REQ_662CAD578F83,7,30000.0,v0.1
INS_6497646F86D8,REQ_C748D4922CE8,8,3610.0,v0.1
INS_6497646F86D8,REQ_EBB53EEBDAD6,9,1100.0,v0.1
INS_6497646F86D8,REQ_1F40340B5A9E,10,1390.0,v0.1
INS_6497646F86D8,REQ_C32F8F008E06,11,5870.0,v0.1
INS_6497646F86D8,REQ_FF73EB3B22C9,12,500.0,v0.1
INS_6497646F86D8,REQ_BED8542495C3,13,2340.0,v0.1
INS_6497646F86D8,REQ_B73AB1B84D44,14,1000.0,v0.1
INS_6497646F86D8,REQ_797FDCE471CA,15,9750.0,v0.1
INS_6497646F86D8,REQ_E8B9E41D6DA8,16,830.0000000000001,v0.1
INS_6497646F86D8,REQ_74C657B8B86D,17,5390.0,v0.1
INS_6497646F86D8,REQ_5EB4E5BFED9D,18,1100.0,v0.1
INS_6497646F86D8,REQ_FBA2F95D2563,19,1689.9999999999998,v0.1
INS_6497646F86D8,REQ_E5EB8319AC45,20,1650.0,v0.1
INS_6497646F86D8,REQ_89B2D4A5256F,21,4320.0,v0.1
INS_6497646F86D8,REQ_CB6933FECE79,22,600.0,v0.1
INS_6497646F86D8,REQ_8EB471006FE2,23,16740.0,v0.1
INS_6497646F86D8,REQ_B39EB2C0F634,24,1940.0,v0.1
INS_6497646F86D8,REQ_60D4CD83426D,25,2910.0,v0.1
INS_6497646F86D8,REQ_6B3FC9BA9A7E,26,150.0,v0.1
INS_8D37CA2FC0C3,REQ_EBF4267F1CC1,0,450.0,v0.1
INS_8D37CA2FC0C3,REQ_E39028F7DDAD,1,4780.0,v0.1
INS_8D37CA2FC0C3,REQ_BE94C2FD92C1,2,30270.0,v0.1
INS_8D37CA2FC0C3,REQ_8CDE56831747,3,1800.0,v0.1
INS_8D37CA2FC0C3,REQ_5FA72031A4C9,4,30000.0,v0.1
INS_8D37CA2FC0C3,REQ_8C8C07F81D30,5,5000.0,v0.1
INS_8D37CA2FC0C3,REQ_8C91A671E2C7,6,1550.0,v0.1
INS_8D37CA2FC0C3,REQ_0A23061C7D9F,7,1780.0,v0.1
INS_8D37CA2FC0C3,REQ_0B69CCACA17B,8,130.0,v0.1
INS_8D37CA2FC0C3,REQ_FE62BE30CA90,9,440.0,v0.1
INS_8D37CA2FC0C3,REQ_E65C2BFED784,10,7610.0,v0.1
INS_8D37CA2FC0C3,REQ_195C2FD13BFC,11,14319.999999999998,v0.1
INS_8D37CA2FC0C3,REQ_5566BAAFABCB,12,11420.0,v0.1
INS_8D37CA2FC0C3,REQ_0A50EA03C5B3,13,1130.0,v0.1
INS_8D37CA2FC0C3,REQ_E523C5B07612,14,820.0,v0.1
INS_8D37CA2FC0C3,REQ_AC3BF158689E,15,21710.0,v0.1
INS_8D37CA2FC0C3,REQ_997D9E5A1574,16,2180.0,v0.1
INS_8D37CA2FC0C3,REQ_A096D26794C8,17,350.0,v0.1
INS_8D37CA2FC0C3,REQ_6BD0A5A0A163,18,30000.0,v0.1
INS_8D37CA2FC0C3,REQ_4A4F5FCD9C49,19,2700.0,v0.1
INS_8D37CA2FC0C3,REQ_1802C553A51B,20,16750.0,v0.1
INS_8D37CA2FC0C3,REQ_CD7298DD4844,21,4480.0,v0.1
INS_8D37CA2FC0C3,REQ_311A5E905A1D,22,14110.0,v0.1
INS_8D37CA2FC0C3,REQ_2D0463638B68,23,15260.0,v0.1
INS_D247CFB5EA65,REQ_00BA25D5F3F9,0,5060.0,v0.1
INS_D247CFB5EA65,REQ_1FE894AB820A,1,969.9999999999999,v0.1
INS_D247CFB5EA65,REQ_246E5AE90726,2,540.0,v0.1
INS_D247CFB5EA65,REQ_3F7CDA86C343,3,860.0,v0.1
INS_D247CFB5EA65,REQ_62B396703873,4,540.0,v0.1
INS_D247CFB5EA65,REQ_68B0A57F5053,5,100.0,v0.1
INS_D247CFB5EA65,REQ_704B80520CDA,6,26450.0,v0.1
INS_D247CFB5EA65,REQ_A0C0E11FBF06,7,10700.0,v0.1
INS_D247CFB5EA65,REQ_6B74524AA38D,8,1720.0,v0.1
INS_D247CFB5EA65,REQ_5256F7DEEBB8,9,400.0,v0.1
INS_D247CFB5EA65,REQ_D094D76BE4BD,10,1260.0,v0.1
INS_96B0D5BCC523,REQ_23F458103E09,0,250.0,v0.1
INS_96B0D5BCC523,REQ_F66F2D49B45A,1,30000.0,v0.1
INS_96B0D5BCC523,REQ_07FBF68D7C7C,2,350.0,v0.1
INS_96B0D5BCC523,REQ_C9D683A096E8,3,5000.0,v0.1
INS_96B0D5BCC523,REQ_9DD0845491E2,4,1520.0,v0.1
INS_96B0D5BCC523,REQ_959418B5EE6B,5,2580.0,v0.1
INS_96B0D5BCC523,REQ_A058B7E8CF55,6,30000.0,v0.1
INS_96B0D5BCC523,REQ_59F0A5CF2500,7,6560.0,v0.1
INS_96B0D5BCC523,REQ_D5FC0F11AF48,8,2130.0,v0.1
INS_96B0D5BCC523,REQ_1F6D3DAEEE8D,9,16190.000000000002,v0.1
INS_96B0D5BCC523,REQ_E94CAD532032,10,20810.0,v0.1
INS_96B0D5BCC523,REQ_A1FF92EC1E47,11,3990.0,v0.1
INS_96B0D5BCC523,REQ_1B20A1BDDA5B,12,11770.0,v0.1
INS_96B0D5BCC523,REQ_1E3C81F24427,13,2070.0,v0.1
INS_96B0D5BCC523,REQ_F86D54A316A0,14,900.0,v0.1
INS_96B0D5BCC523,REQ_385370DC8F8A,15,30000.0,v0.1
INS_96B0D5BCC523,REQ_D869284B6A75,16,18020.0,v0.1
INS_96B0D5BCC523,REQ_AA689C89C4C4,17,220.00000000000003,v0.1
INS_96B0D5BCC523,REQ_84F106FCB017,18,4830.0,v0.1
INS_96B0D5BCC523,REQ_1B0289B8EB55,19,250.0,v0.1
INS_96B0D5BCC523,REQ_37B50E3EA66C,20,1510.0,v0.1
INS_96B0D5BCC523,REQ_62FB16DE0461,21,1839.9999999999998,v0.1
INS_96B0D5BCC523,REQ_7205FFC7F1BC,22,320.0,v0.1
INS_96B0D5BCC523,REQ_8843907B9083,23,6280.0,v0.1
INS_96B0D5BCC523,REQ_1F56804B86A9,24,4550.0,v0.1
INS_96B0D5BCC523,REQ_EC36C40138C5,25,12000.0,v0.1
INS_96B0D5BCC523,REQ_34C73DB34D57,26,30000.0,v0.1
INS_9448E6F5C534,REQ_188B7E8A507C,0,3100.0,v0.1
INS_9448E6F5C534,REQ_0BE1303B70EF,1,1850.0,v0.1
INS_9448E6F5C534,REQ_ADFA85953AC1,2,650.0,v0.1
INS_9448E6F5C534,REQ_CAFAB6F07963,3,280.0,v0.1
INS_9448E6F5C534,REQ_CC0D82F30C75,4,300.0,v0.1
INS_9448E6F5C534,REQ_7D4B0663D3CC,5,100.0,v0.1
INS_9448E6F5C534,REQ_564DBA2EDD99,6,330.0,v0.1
INS_9448E6F5C534,REQ_C9C00738C23A,7,30000.0,v0.1
INS_9448E6F5C534,REQ_4E9A39121325,8,28620.0,v0.1
INS_9448E6F5C534,REQ_370B2BD60B11,9,1060.0,v0.1
INS_9448E6F5C534,REQ_A5D3916030EA,10,819.9999999999999,v0.1
INS_9448E6F5C534,REQ_0721D5B79C76,11,11280.0,v0.1
INS_9448E6F5C534,REQ_83597CD22BC1,12,1010.0,v0.1
INS_9448E6F5C534,REQ_966BDFBFFF9D,13,150.0,v0.1
INS_9448E6F5C534,REQ_A12F567CDECE,14,11890.0,v0.1
INS_9448E6F5C534,REQ_5F2F382CB5D3,15,10160.0,v0.1
INS_9448E6F5C534,REQ_BD613D1C6CF0,16,25375.0,v0.1
INS_37DFEC11E6C9,REQ_797938F7139F,0,780.0,v0.1
INS_37DFEC11E6C9,REQ_CD143F188619,1,1320.0,v0.1
INS_37DFEC11E6C9,REQ_679BC58331F7,2,30000.0,v0.1
INS_37DFEC11E6C9,REQ_C7296CADEBA2,3,1050.0,v0.1
INS_37DFEC11E6C9,REQ_AA975C31B44F,4,5630.0,v0.1
INS_37DFEC11E6C9,REQ_E8EB1734DE90,5,3000.0,v0.1
INS_37DFEC11E6C9,REQ_B7BDA63E7520,6,30000.0,v0.1
INS_37DFEC11E6C9,REQ_4885108EFB65,7,3170.0,v0.1
INS_37DFEC11E6C9,REQ_C0090364796B,8,200.0,v0.1
INS_37DFEC11E6C9,REQ_56E8FF6F21E5,9,1550.0,v0.1
INS_37DFEC11E6C9,REQ_03120AE81182,10,2280.0,v0.1
INS_37DFEC11E6C9,REQ_2892672F4321,11,2590.0,v0.1
INS_37DFEC11E6C9,REQ_CBEF3F32F8D0,12,330.0,v0.1
INS_9FA1B015E4EA,REQ_DBA4E7252854,0,9400.0,v0.1
INS_9FA1B015E4EA,REQ_C4C88F09234B,1,15140.0,v0.1
INS_9FA1B015E4EA,REQ_53FCCA9803C4,2,11710.0,v0.1
INS_9FA1B015E4EA,REQ_50A2F45747C0,3,9160.0,v0.1
INS_9FA1B015E4EA,REQ_BC4F48241900,4,30000.0,v0.1
INS_9FA1B015E4EA,REQ_7C94B21AD1E4,5,30000.0,v0.1
INS_9FA1B015E4EA,REQ_7868BDF12EC9,6,3560.0,v0.1
INS_9FA1B015E4EA,REQ_7F35A3B51B46,7,14420.0,v0.1
INS_9FA1B015E4EA,REQ_23597F191A8D,8,11100.0,v0.1
INS_B89994395A05,REQ_77027B8F9A40,0,30000.0,v0.1
INS_B89994395A05,REQ_998C4F28C0EE,1,2700.0,v0.1
INS_B89994395A05,REQ_585DB80FD2B6,2,409.99999999999994,v0.1
INS_B89994395A05,REQ_A5D747D8CC7E,3,27090.0,v0.1
INS_B89994395A05,REQ_434DC78595E4,4,1660.0000000000002,v0.1
INS_B89994395A05,REQ_6EAD428E0420,5,22870.0,v0.1
INS_B89994395A05,REQ_B7A2216579B4,6,30000.0,v0.1
INS_B89994395A05,REQ_23BFA346994C,7,30000.0,v0.1
INS_5CDAFB2AC74D,REQ_46BB3AD3F8E3,0,2100.0,v0.1
INS_5CDAFB2AC74D,REQ_CAE950E3A8FC,1,550.0,v0.1
INS_5CDAFB2AC74D,REQ_A5A119B7E53A,2,6490.0,v0.1
INS_5CDAFB2AC74D,REQ_9F05E61153BB,3,7390.0,v0.1
INS_5CDAFB2AC74D,REQ_67664998A6BB,4,760.0,v0.1
INS_5CDAFB2AC74D,REQ_04B033AB7DAC,5,25480.0,v0.1
INS_5CDAFB2AC74D,REQ_128052B8163C,6,400.0,v0.1
INS_5CDAFB2AC74D,REQ_3ABA129A4BD8,7,2620.0,v0.1
INS_5CDAFB2AC74D,REQ_28ABF8E3802A,8,1190.0,v0.1
INS_5CDAFB2AC74D,REQ_4714279C8A9E,9,1030.0,v0.1
INS_5CDAFB2AC74D,REQ_128584851342,10,240.0,v0.1
INS_5CDAFB2AC74D,REQ_70709016507D,11,2350.0,v0.1
INS_5CDAFB2AC74D,REQ_BFDBB3338B54,12,700.0,v0.1
INS_5CDAFB2AC74D,REQ_9B9002DBDA56,13,500.0,v0.1
INS_E5A9C4750A98,REQ_AD9C2E03E626,0,3300.0,v0.1
INS_E5A9C4750A98,REQ_F02DAC84B6AB,1,950.0,v0.1
INS_E5A9C4750A98,REQ_B6EF6A0FE03D,2,30000.0,v0.1
INS_E5A9C4750A98,REQ_68AB7495CCCB,3,13690.0,v0.1
INS_E5A9C4750A98,REQ_AEC0B190F29E,4,5630.0,v0.1
INS_E5A9C4750A98,REQ_90D87428CAEA,5,1140.0,v0.1
INS_E5A9C4750A98,REQ_B282CF5137F9,6,150.0,v0.1
INS_E5A9C4750A98,REQ_F136032DCEA5,7,1620.0,v0.1
INS_E5A9C4750A98,REQ_9BACFD4D2904,8,2700.0,v0.1
INS_E5A9C4750A98,REQ_155663754056,9,360.0,v0.1
INS_E5A9C4750A98,REQ_0234350148FB,10,1250.0,v0.1
INS_E5A9C4750A98,REQ_381D39CE6B29,11,24240.0,v0.1
INS_E5A9C4750A98,REQ_F104E533D7A6,12,23650.0,v0.1
INS_E5A9C4750A98,REQ_EBDB9A7CD8B3,13,30000.0,v0.1
INS_E5A9C4750A98,REQ_FA3EE11ABB86,14,30000.0,v0.1
INS_E5A9C4750A98,REQ_2E0D5089B82A,15,670.0,v0.1
INS_E5A9C4750A98,REQ_038EFE9ECA18,16,1060.0,v0.1
INS_E5A9C4750A98,REQ_2FB3D14A30CB,17,430.0,v0.1
INS_E5A9C4750A98,REQ_8F097EEB76C7,18,17320.0,v0.1
INS_E5A9C4750A98,REQ_5CB6F45E072D,19,30000.0,v0.1
INS_E5A9C4750A98,REQ_62DF6FC00C9B,20,2010.0000000000002,v0.1
INS_D0689B165CF4,REQ_CC0C5727535D,0,4079.9999999999995,v0.1
INS_D0689B165CF4,REQ_FBE4EDA1D894,1,460.0,v0.1
INS_D0689B165CF4,REQ_BC3AEFD11635,2,30000.0,v0.1
INS_D0689B165CF4,REQ_A2C77421F985,3,14280.0,v0.1
INS_D0689B165CF4,REQ_91A4A5D603B8,4,220.00000000000003,v0.1
INS_D0689B165CF4,REQ_BDBC0EC319A6,5,650.0,v0.1
INS_D0689B165CF4,REQ_037DD8E43937,6,2000.0,v0.1
INS_D0689B165CF4,REQ_749A23F36B5F,7,240.0,v0.1
INS_D0689B165CF4,REQ_45BDA322D13F,8,870.0,v0.1
INS_D0689B165CF4,REQ_8CA36F8C5ADB,9,680.0,v0.1
INS_D0689B165CF4,REQ_C26EF73B6170,10,600.0,v0.1
INS_D0689B165CF4,REQ_8E11CB927896,11,170.0,v0.1
INS_D0689B165CF4,REQ_3422EACB64FC,12,700.0,v0.1
INS_D0689B165CF4,REQ_60286BC89D8C,13,3000.0,v0.1
INS_D0689B165CF4,REQ_AA71ACC04515,14,200.0,v0.1
INS_D0689B165CF4,REQ_62372636344C,15,30000.0,v0.1
INS_D0689B165CF4,REQ_D1374D94A73C,16,2310.0,v0.1
INS_D0689B165CF4,REQ_8BFDD8BCB472,17,3050.0,v0.1
INS_D0689B165CF4,REQ_302C05D78031,18,3500.0,v0.1
INS_D0689B165CF4,REQ_8283EBACCE37,19,21920.0,v0.1
INS_D0689B165CF4,REQ_5A82005A8A5F,20,11840.0,v0.1
INS_D0689B165CF4,REQ_162AE602DB3A,21,890.0,v0.1
INS_D0689B165CF4,REQ_3AADCA904073,22,3210.0,v0.1
INS_D0689B165CF4,REQ_F066A0ADFD61,23,450.0,v0.1
INS_D0689B165CF4,REQ_671B0EFD8E07,24,100.0,v0.1
INS_D0689B165CF4,REQ_C818136231A7,25,6470.0,v0.1
INS_D0689B165CF4,REQ_0CD202FCF09E,26,8750.0,v0.1
INS_D0689B165CF4,REQ_2D3D3D86C1EE,27,450.0,v0.1
INS_D0689B165CF4,REQ_1E32EC706ADF,28,2150.0,v0.1
INS_D0689B165CF4,REQ_E894CD22D871,29,390.0,v0.1
INS_B15E6FAAAB81,REQ_72F8297544B7,0,6420.0,v0.1
INS_B15E6FAAAB81,REQ_F974A0BB7B99,1,730.0,v0.1
INS_B15E6FAAAB81,REQ_1D92A89155E0,2,900.0,v0.1
INS_B15E6FAAAB81,REQ_8B3D7717755E,3,19500.0,v0.1
INS_B15E6FAAAB81,REQ_2A7F2885ED19,4,6660.0,v0.1
INS_B15E6FAAAB81,REQ_588E1204D477,5,520.0,v0.1
INS_B15E6FAAAB81,REQ_A3A3652003BB,6,869.9999999999999,v0.1
INS_B15E6FAAAB81,REQ_2EB967C141E0,7,260.0,v0.1
INS_B15E6FAAAB81,REQ_26B9F9AFEB25,8,4600.0,v0.1
INS_B15E6FAAAB81,REQ_836AF9CECBBF,9,1370.0,v0.1
INS_B15E6FAAAB81,REQ_CB33D318310D,10,1970.0,v0.1
INS_B15E6FAAAB81,REQ_3B19EE262F4A,11,550.0,v0.1
INS_B15E6FAAAB81,REQ_95590F6238AE,12,4740.0,v0.1
INS_B15E6FAAAB81,REQ_9BDEA7CFFAB4,13,180.0,v0.1
INS_B15E6FAAAB81,REQ_14054D1EBF16,14,1889.9999999999998,v0.1
INS_B15E6FAAAB81,REQ_785EFDA2B784,15,5500.0,v0.1
INS_B15E6FAAAB81,REQ_9DE1D2A9F0B8,16,5590.0,v0.1
INS_B15E6FAAAB81,REQ_5E3822251E59,17,490.00000000000006,v0.1
INS_B15E6FAAAB81,REQ_AA52033B8B3B,18,7970.0,v0.1
INS_B15E6FAAAB81,REQ_704FA2BA6480,19,800.0,v0.1
INS_B15E6FAAAB81,REQ_581D53E62E60,20,1900.0,v0.1
INS_B15E6FAAAB81,REQ_51EFF18D4D6E,21,3779.9999999999995,v0.1
INS_B15E6FAAAB81,REQ_9A7E605503F7,22,9910.0,v0.1
INS_B15E6FAAAB81,REQ_B330BB96DE48,23,790.0,v0.1
INS_907C4933FD85,REQ_4E9B916D03CE,0,1360.0,v0.1
INS_907C4933FD85,REQ_DF86241EB7C1,1,650.0,v0.1
INS_907C4933FD85,REQ_C2011FEDAD89,2,1180.0,v0.1
INS_907C4933FD85,REQ_14DB7E4EFF6D,3,1180.0,v0.1
INS_907C4933FD85,REQ_EEBD0B3C7E2E,4,31190.0,v0.1
INS_907C4933FD85,REQ_890EF5D57ECC,5,2770.0,v0.1
INS_907C4933FD85,REQ_F822B03EB417,6,2290.0,v0.1
INS_907C4933FD85,REQ_6E75270BA358,7,5970.0,v0.1
INS_907C4933FD85,REQ_C6F81AF0B831,8,30000.0,v0.1
INS_907C4933FD85,REQ_FC98F4E91084,9,1680.0,v0.1
INS_907C4933FD85,REQ_E523C5B07612,10,820.0,v0.1
INS_907C4933FD85,REQ_58F8DF61446F,11,17450.0,v0.1
INS_907C4933FD85,REQ_3ECA4572E2F8,12,4580.0,v0.1
INS_907C4933FD85,REQ_C45C14637CE8,13,9130.0,v0.1
INS_907C4933FD85,REQ_473F0B36A00D,14,27350.0,v0.1
INS_907C4933FD85,REQ_6BE6699B8218,15,22170.0,v0.1
INS_907C4933FD85,REQ_256A170B841D,16,690.0,v0.1
INS_907C4933FD85,REQ_47888D8FE99D,17,29875.0,v0.1
INS_907C4933FD85,REQ_EA8E97D9DF37,18,7300.0,v0.1
INS_907C4933FD85,REQ_BACEC4BD2E82,19,350.0,v0.1
INS_907C4933FD85,REQ_8F7931882691,20,3160.0,v0.1
INS_907C4933FD85,REQ_195C2FD13BFC,21,14319.999999999998,v0.1
INS_907C4933FD85,REQ_7E3253FC327C,22,24680.0,v0.1
INS_907C4933FD85,REQ_417791C7D7E2,23,3240.0,v0.1
INS_907C4933FD85,REQ_A096D26794C8,24,350.0,v0.1
INS_279D0C96E4D3,REQ_4FD8E04D12C6,0,30000.0,v0.1
INS_279D0C96E4D3,REQ_F41994A3B5C0,1,550.0,v0.1
INS_279D0C96E4D3,REQ_8397A53985D4,2,520.0,v0.1
INS_279D0C96E4D3,REQ_34992ADD2479,3,13210.0,v0.1
INS_279D0C96E4D3,REQ_EDDC7C5C76B4,4,660.0,v0.1
INS_279D0C96E4D3,REQ_BD21DFC00097,5,660.0,v0.1
INS_279D0C96E4D3,REQ_BBE878A38965,6,800.0,v0.1
INS_279D0C96E4D3,REQ_FEED733D50D4,7,1450.0,v0.1
INS_279D0C96E4D3,REQ_C1E6DA054522,8,340.0,v0.1
INS_279D0C96E4D3,REQ_9752E0D58EE9,9,600.0,v0.1
INS_279D0C96E4D3,REQ_1D92AD7AAE03,10,560.0,v0.1
INS_279D0C96E4D3,REQ_ECA0B685816A,11,2000.0,v0.1
INS_279D0C96E4D3,REQ_CB0B5EBAE2F8,12,150.0,v0.1
INS_279D0C96E4D3,REQ_D086008F0084,13,3650.0,v0.1
INS_279D0C96E4D3,REQ_9DC8B7CE3F99,14,20180.0,v0.1
INS_279D0C96E4D3,REQ_E7FE37A0D723,15,100.0,v0.1
INS_279D0C96E4D3,REQ_C4A562365B76,16,460.0,v0.1
INS_279D0C96E4D3,REQ_09A250A9799F,17,470.0,v0.1
INS_279D0C96E4D3,REQ_D4D7C5B59688,18,2680.0,v0.1
INS_279D0C96E4D3,REQ_2D5131F46F0A,19,250.0,v0.1
INS_279D0C96E4D3,REQ_E14FFDF57755,20,750.0,v0.1
INS_279D0C96E4D3,REQ_A50DD212DC90,21,2240.0,v0.1
INS_279D0C96E4D3,REQ_3CDE186A6A40,22,670.0,v0.1
INS_279D0C96E4D3,REQ_A4645A45D8D5,23,380.0,v0.1
INS_279D0C96E4D3,REQ_8F20B7FA4DBC,24,15575.0,v0.1
INS_279D0C96E4D3,REQ_B79F188DB14C,25,100.0,v0.1
INS_279D0C96E4D3,REQ_68C945797CED,26,459.99999999999994,v0.1
INS_279D0C96E4D3,REQ_B11379EDB35F,27,480.0,v0.1
INS_279D0C96E4D3,REQ_E1C32303012C,28,30000.0,v0.1
INS_279D0C96E4D3,REQ_4750ABFBA67C,29,1680.0,v0.1
INS_279D0C96E4D3,REQ_1EB92A2BDA6D,30,1050.0,v0.1
INS_279D0C96E4D3,REQ_4890D5E316EE,31,1300.0,v0.1
INS_279D0C96E4D3,REQ_EEA11DFC231F,32,240.0,v0.1
INS_279D0C96E4D3,REQ_520ADB567A26,33,4400.0,v0.1
INS_279D0C96E4D3,REQ_E8E1D565BA75,34,260.0,v0.1
INS_279D0C96E4D3,REQ_785EF8ED4718,35,1300.0,v0.1
INS_279D0C96E4D3,REQ_B8A0C5314DEB,36,180.0,v0.1
INS_279D0C96E4D3,REQ_32EE7D42850C,37,1140.0,v0.1
INS_279D0C96E4D3,REQ_B71C3184F485,38,120.0,v0.1
INS_279D0C96E4D3,REQ_059F366FAE83,39,17660.0,v0.1
INS_279D0C96E4D3,REQ_6F295D7EFC2E,40,200.0,v0.1
INS_279D0C96E4D3,REQ_4503DCE06307,41,9950.0,v0.1
INS_279D0C96E4D3,REQ_203B41EC87A8,42,1060.0,v0.1
INS_279D0C96E4D3,REQ_EFBE7093F996,43,300.0,v0.1
INS_279D0C96E4D3,REQ_72F46D0626F8,44,30000.0,v0.1
INS_279D0C96E4D3,REQ_29D9D58E2211,45,1700.0,v0.1
INS_279D0C96E4D3,REQ_13AA8BB4C725,46,700.0,v0.1
INS_279D0C96E4D3,REQ_759E0BF18ACC,47,100.0,v0.1
INS_279D0C96E4D3,REQ_B162F51379CD,48,230.0,v0.1
INS_279D0C96E4D3,REQ_54E59F86F30F,49,600.0,v0.1
INS_279D0C96E4D3,REQ_5F7C9334CCD2,50,2830.0,v0.1
INS_279D0C96E4D3,REQ_B422448D41B1,51,280.0,v0.1
INS_279D0C96E4D3,REQ_0C40F7D79D4F,52,2610.0,v0.1
INS_2D44D422E7CB,REQ_437560C03E6B,0,890.0,v0.1
INS_2D44D422E7CB,REQ_F9A86D1C121B,1,420.0,v0.1
INS_2D44D422E7CB,REQ_18AB1292177F,2,6250.0,v0.1
INS_2D44D422E7CB,REQ_084EC3291213,3,600.0,v0.1
INS_2D44D422E7CB,REQ_A36D09D55EFB,4,19490.0,v0.1
INS_2D44D422E7CB,REQ_87F5F418EF67,5,2830.0,v0.1
INS_2D44D422E7CB,REQ_9BEE516EA661,6,800.0,v0.1
INS_2D44D422E7CB,REQ_63A1B38AC060,7,20710.0,v0.1
INS_2D44D422E7CB,REQ_293954B02C51,8,20850.0,v0.1
INS_2D44D422E7CB,REQ_5870FF936B9F,9,1850.0,v0.1
INS_2D44D422E7CB,REQ_872ADD2BE372,10,430.0,v0.1
INS_B88CF8205E52,REQ_8E163248E3F4,0,210.0,v0.1
INS_B88CF8205E52,REQ_71B61A909F0D,1,1480.0,v0.1
INS_B88CF8205E52,REQ_59B8D500F4E3,2,4510.0,v0.1
INS_B88CF8205E52,REQ_A2F7C4ED0808,3,960.0,v0.1
INS_B88CF8205E52,REQ_F9A86D1C121B,4,420.0,v0.1
INS_B88CF8205E52,REQ_89E493B3DFCF,5,610.0,v0.1
INS_B88CF8205E52,REQ_6289B2177589,6,10090.0,v0.1
INS_B88CF8205E52,REQ_4AE151912E61,7,220.00000000000003,v0.1
INS_B88CF8205E52,REQ_3E189624DB48,8,1700.0,v0.1
INS_B88CF8205E52,REQ_FC313ECAC3BE,9,10830.0,v0.1
INS_B88CF8205E52,REQ_E9A12A38A7E6,10,620.0,v0.1
INS_B88CF8205E52,REQ_B338AF9C7D1F,11,140.0,v0.1
INS_B88CF8205E52,REQ_A05FC2F7E4E1,12,160.0,v0.1
INS_B88CF8205E52,REQ_2FDAC4150FFA,13,370.0,v0.1
INS_B88CF8205E52,REQ_A455007A05CA,14,850.0,v0.1
INS_B88CF8205E52,REQ_138F59BD8230,15,500.0,v0.1
INS_B88CF8205E52,REQ_796072D5F2FA,16,1140.0,v0.1
INS_B88CF8205E52,REQ_0B9C1C9E92CF,17,2410.0,v0.1
INS_B88CF8205E52,REQ_1B01DEDF2B2A,18,750.0,v0.1
INS_B88CF8205E52,REQ_B00D1E2652AE,19,5320.0,v0.1
INS_B88CF8205E52,REQ_5EE57382E419,20,1760.0,v0.1
INS_B88CF8205E52,REQ_6D880C9DB49A,21,8560.0,v0.1
INS_B88CF8205E52,REQ_5E31D64EB7F0,22,30000.0,v0.1
INS_8BF6E3B355FA,REQ_28850EC37A99,0,130.0,v0.1
INS_8BF6E3B355FA,REQ_E4DF2A6A89EE,1,960.0,v0.1
INS_8BF6E3B355FA,REQ_3BE86D6BF3B5,2,30000.0,v0.1
INS_8BF6E3B355FA,REQ_BD9BDFA2B1FD,3,30000.0,v0.1
INS_8BF6E3B355FA,REQ_9A9FA35554B9,4,30000.0,v0.1
INS_8BF6E3B355FA,REQ_B2AF89FC329C,5,30000.0,v0.1
INS_8BF6E3B355FA,REQ_98CDF735F436,6,30000.0,v0.1
INS_8BF6E3B355FA,REQ_4B91B62B3F6F,7,24480.0,v0.1
INS_8BF6E3B355FA,REQ_01EE0BD9C247,8,9360.0,v0.1
INS_8BF6E3B355FA,REQ_461B6F0EBD06,9,30000.0,v0.1
INS_8BF6E3B355FA,REQ_262170D45873,10,30000.0,v0.1
INS_8BF6E3B355FA,REQ_DD7C8D1D9A0B,11,30000.0,v0.1
INS_8BF6E3B355FA,REQ_9DEFCBE3FC70,12,30000.0,v0.1
INS_04B19AAEEF32,REQ_88C84371AB2E,0,1260.0,v0.1
INS_04B19AAEEF32,REQ_2EBF24A75253,1,130.0,v0.1
INS_04B19AAEEF32,REQ_852D87EEDEFE,2,250.0,v0.1
INS_04B19AAEEF32,REQ_960ED7F69159,3,7490.0,v0.1
INS_04B19AAEEF32,REQ_27DCF9164A73,4,18680.0,v0.1
INS_04B19AAEEF32,REQ_B5AFDE3088A9,5,150.0,v0.1
INS_04B19AAEEF32,REQ_71F8071D149D,6,1200.0,v0.1
INS_04B19AAEEF32,REQ_D9D64C7A4B43,7,11600.0,v0.1
INS_8A149AAE1532,REQ_91D28E4A799F,0,1150.0,v0.1
INS_8A149AAE1532,REQ_B7FA8A477D74,1,3710.0,v0.1
INS_8A149AAE1532,REQ_3AE4BB297DC3,2,22680.0,v0.1
INS_8A149AAE1532,REQ_500C92CCCEAC,3,200.0,v0.1
INS_8A149AAE1532,REQ_AA908F0AC911,4,12240.0,v0.1
INS_8A149AAE1532,REQ_B726F030F1F3,5,1600.0,v0.1
INS_8A149AAE1532,REQ_C4B98A7090C0,6,2480.0,v0.1
INS_8A149AAE1532,REQ_52108CC3E921,7,5050.0,v0.1
INS_8A149AAE1532,REQ_0AB16D87F321,8,30000.0,v0.1
INS_8A149AAE1532,REQ_02D28295A143,9,30000.0,v0.1
INS_8A149AAE1532,REQ_DB8D5E5DAF47,10,24940.0,v0.1
INS_8A149AAE1532,REQ_E77E8F1DFC5B,11,720.0,v0.1
INS_8A149AAE1532,REQ_28EB9D8A93FF,12,7760.0,v0.1
INS_8A149AAE1532,REQ_B4663F72E507,13,2330.0,v0.1
INS_8A149AAE1532,REQ_E12522396457,14,1800.0,v0.1
INS_8A149AAE1532,REQ_ED09787EFD23,15,3190.0,v0.1
INS_8A149AAE1532,REQ_68AB7495CCCB,16,13690.0,v0.1
INS_25D7601AC0CA,REQ_44FA0637F9DA,0,650.0,v0.1
INS_25D7601AC0CA,REQ_A2C629D5FFFB,1,9380.0,v0.1
INS_25D7601AC0CA,REQ_1D2D4E5D6E4B,2,30000.0,v0.1
INS_25D7601AC0CA,REQ_741C2E14884A,3,4990.0,v0.1
INS_25D7601AC0CA,REQ_F0E09107B64A,4,2510.0,v0.1
INS_25D7601AC0CA,REQ_3B7E55E6C00F,5,300.0,v0.1
INS_25D7601AC0CA,REQ_180C895F0115,6,1160.0,v0.1
INS_25D7601AC0CA,REQ_BFF1EE1FC4F1,7,8480.0,v0.1
INS_25D7601AC0CA,REQ_378774BA64C5,8,229.99999999999997,v0.1
INS_25D7601AC0CA,REQ_B6B0059181B8,9,20540.0,v0.1
INS_25D7601AC0CA,REQ_1437AA719D1A,10,30000.0,v0.1
INS_25D7601AC0CA,REQ_78BAE4F43BA4,11,3640.0,v0.1
INS_25D7601AC0CA,REQ_A884253EBCFD,12,30000.0,v0.1
INS_25D7601AC0CA,REQ_1DC74487E6E3,13,6680.0,v0.1
INS_25D7601AC0CA,REQ_FB5D8E055B7F,14,2000.0,v0.1
INS_25D7601AC0CA,REQ_B9C174D99FAE,15,1170.0,v0.1
INS_25D7601AC0CA,REQ_081CA024FA03,16,23840.0,v0.1
INS_25D7601AC0CA,REQ_579A571E910E,17,2670.0,v0.1
INS_25D7601AC0CA,REQ_1EA373B6328F,18,2630.0,v0.1
INS_629E2BB45BA1,REQ_F5EBEDBA165F,0,850.0,v0.1
INS_629E2BB45BA1,REQ_9A78E2AAEB64,1,7530.0,v0.1
INS_629E2BB45BA1,REQ_6674FBD8B1CA,2,6220.0,v0.1
INS_629E2BB45BA1,REQ_B8124B2C971B,3,200.0,v0.1
INS_629E2BB45BA1,REQ_7611F0F3D948,4,13980.000000000002,v0.1
INS_629E2BB45BA1,REQ_55917DA2A050,5,30000.0,v0.1
INS_629E2BB45BA1,REQ_62E15A5D4E10,6,23800.0,v0.1
INS_629E2BB45BA1,REQ_952D8B99870A,7,30000.0,v0.1
INS_629E2BB45BA1,REQ_0214F402CE67,8,30000.0,v0.1
INS_629E2BB45BA1,REQ_EC5BA3A811DF,9,10970.0,v0.1
INS_629E2BB45BA1,REQ_D3A41658A10F,10,5040.0,v0.1
INS_629E2BB45BA1,REQ_5F28BA2DC869,11,190.0,v0.1
INS_629E2BB45BA1,REQ_902EA59ADF2F,12,11420.0,v0.1
INS_629E2BB45BA1,REQ_87A0CD1F39C8,13,30000.0,v0.1
INS_629E2BB45BA1,REQ_AE712D34803D,14,30000.0,v0.1
INS_629E2BB45BA1,REQ_AEC45C5D6E75,15,1350.0,v0.1
INS_629E2BB45BA1,REQ_298E01E7E034,16,8260.0,v0.1
INS_629E2BB45BA1,REQ_1D1F272838EC,17,1320.0,v0.1
INS_629E2BB45BA1,REQ_93F25571AFA3,18,740.0,v0.1
INS_629E2BB45BA1,REQ_0682A92D0ACE,19,8300.0,v0.1
INS_629E2BB45BA1,REQ_206EA3FABFA2,20,11600.0,v0.1
INS_629E2BB45BA1,REQ_4039044FDC5E,21,10270.0,v0.1
INS_629E2BB45BA1,REQ_CDE402CC4E51,22,6170.0,v0.1
INS_629E2BB45BA1,REQ_1F9111FFA4E6,23,10770.0,v0.1
INS_629E2BB45BA1,REQ_384A09579A17,24,15270.0,v0.1
INS_629E2BB45BA1,REQ_B4E0D95527C2,25,1860.0,v0.1
INS_629E2BB45BA1,REQ_50160CC1FD08,26,490.00000000000006,v0.1
INS_629E2BB45BA1,REQ_F094F9DCCB9F,27,13360.0,v0.1
INS_629E2BB45BA1,REQ_5742808346BB,28,3920.0,v0.1
INS_629E2BB45BA1,REQ_C13483B8B066,29,10300.0,v0.1
INS_629E2BB45BA1,REQ_B22A3E1AED63,30,30000.0,v0.1
INS_629E2BB45BA1,REQ_B54DC204822A,31,2210.0,v0.1
INS_629E2BB45BA1,REQ_9BF7772E4730,32,600.0,v0.1
INS_629E2BB45BA1,REQ_759A71A35EBC,33,5780.0,v0.1
INS_629E2BB45BA1,REQ_30B74F9E21B0,34,10780.0,v0.1
INS_070D363F8492,REQ_A7B945D73A87,0,30000.0,v0.1
INS_070D363F8492,REQ_3C110A7451AA,1,30000.0,v0.1
INS_070D363F8492,REQ_83460775ABB9,2,30000.0,v0.1
INS_070D363F8492,REQ_F26378D02269,3,30000.0,v0.1
INS_070D363F8492,REQ_C6B6CEDEAAEE,4,30000.0,v0.1
INS_070D363F8492,REQ_BAD5094FC616,5,30000.0,v0.1
INS_070D363F8492,REQ_725ACAF24939,6,30000.0,v0.1
INS_070D363F8492,REQ_46E51E8D1FD6,7,30000.0,v0.1
INS_53B263D6138B,REQ_8C6BD0751973,0,3740.0,v0.1
INS_53B263D6138B,REQ_9D9690AB98F3,1,5270.0,v0.1
INS_53B263D6138B,REQ_EA3669AA6074,2,5740.0,v0.1
INS_53B263D6138B,REQ_2886056121A9,3,6420.0,v0.1
INS_53B263D6138B,REQ_320A9AF3B643,4,2470.0,v0.1
INS_53B263D6138B,REQ_C2EFD7886F3A,5,450.0,v0.1
INS_53B263D6138B,REQ_0646E0F36E16,6,100.0,v0.1
INS_53B263D6138B,REQ_3C256BEB32BA,7,8250.0,v0.1
INS_53B263D6138B,REQ_8B3572F212C7,8,100.0,v0.1
INS_53B263D6138B,REQ_57D79CC6EBA7,9,2870.0,v0.1
INS_53B263D6138B,REQ_7A142643C7D5,10,4840.0,v0.1
INS_53B263D6138B,REQ_67FBBDF77EC2,11,10170.0,v0.1
INS_53B263D6138B,REQ_5792385CF39F,12,2480.0,v0.1
INS_53B263D6138B,REQ_19974D89DC1F,13,30000.0,v0.1
INS_53B263D6138B,REQ_528B975CC58C,14,80.0,v0.1
INS_53B263D6138B,REQ_E4DA88690426,15,12660.0,v0.1
INS_53B263D6138B,REQ_F10146234BBF,16,6150.0,v0.1
INS_53B263D6138B,REQ_FBD2D3CD84BD,17,550.0,v0.1
INS_53B263D6138B,REQ_692F730F2A4A,18,1960.0000000000002,v0.1
INS_53B263D6138B,REQ_FE69CF144F20,19,340.0,v0.1
INS_53B263D6138B,REQ_C87BF2BEE378,20,7359.999999999999,v0.1
INS_53B263D6138B,REQ_565931D44407,21,6200.0,v0.1
INS_53B263D6138B,REQ_645E653FCA1B,22,1430.0,v0.1
INS_53B263D6138B,REQ_8582F2996D1C,23,24010.0,v0.1
INS_53B263D6138B,REQ_0186E9FC6DF9,24,13260.0,v0.1
INS_53B263D6138B,REQ_F71D4768BE2B,25,800.0,v0.1
INS_53B263D6138B,REQ_7A70DF4BC158,26,5820.0,v0.1
INS_53B263D6138B,REQ_94F94592CEC3,27,11270.0,v0.1
INS_53B263D6138B,REQ_3806B0256E4E,28,4330.0,v0.1
INS_EF293C681310,REQ_EFFD3A81450C,0,560.0,v0.1
INS_EF293C681310,REQ_8ACE5AE522E8,1,24130.0,v0.1
INS_EF293C681310,REQ_F873778396A8,2,250.0,v0.1
INS_EF293C681310,REQ_AC69C6FB0EDF,3,30000.0,v0.1
INS_EF293C681310,REQ_E29C5F25C91E,4,30000.0,v0.1
INS_EF293C681310,REQ_506CDF6AC7B6,5,280.0,v0.1
INS_EF293C681310,REQ_6A0D08FD2ED8,6,990.0,v0.1
INS_EF293C681310,REQ_7444168D66F2,7,2270.0,v0.1
INS_EF293C681310,REQ_2C350E8B8E8F,8,30000.0,v0.1
INS_EF293C681310,REQ_531A211CC2F3,9,30000.0,v0.1
INS_EF293C681310,REQ_4A78CF12D72B,10,1060.0,v0.1
INS_EF293C681310,REQ_DDD37422EBAC,11,30000.0,v0.1
INS_B81D6445F23A,REQ_588F4845325E,0,1880.0,v0.1
INS_B81D6445F23A,REQ_F0EE0A0E795B,1,480.0,v0.1
INS_B81D6445F23A,REQ_856BF95526A4,2,1110.0,v0.1
INS_B81D6445F23A,REQ_16FFDE5890DB,3,14700.0,v0.1
INS_B81D6445F23A,REQ_A9F09F52F2C0,4,15500.0,v0.1
INS_B81D6445F23A,REQ_224B63994723,5,800.0,v0.1
INS_B81D6445F23A,REQ_E3D8B95C82AB,6,7420.0,v0.1
INS_B81D6445F23A,REQ_F0FBAA7510A8,7,440.0,v0.1
INS_B81D6445F23A,REQ_4BE41E0B73A5,8,1470.0,v0.1
INS_B81D6445F23A,REQ_8716862032C3,9,2550.0,v0.1
INS_B81D6445F23A,REQ_602B0904C6CC,10,1420.0,v0.1
INS_B81D6445F23A,REQ_AC4F5691342A,11,7720.0,v0.1
INS_B81D6445F23A,REQ_DD9FCEF3DB82,12,12410.0,v0.1
INS_B81D6445F23A,REQ_234C07E92579,13,16100.0,v0.1
INS_B81D6445F23A,REQ_AE3AA7FAD080,14,1900.0,v0.1
INS_B81D6445F23A,REQ_5394FA944B03,15,25290.0,v0.1
INS_B81D6445F23A,REQ_3530B929BCF6,16,420.0,v0.1
INS_B81D6445F23A,REQ_29774BBA1ADA,17,740.0,v0.1
INS_B81D6445F23A,REQ_226CE00A49EB,18,30000.0,v0.1
INS_B81D6445F23A,REQ_827BC1C225D8,19,30000.0,v0.1
INS_B81D6445F23A,REQ_6A1A73E87269,20,700.0,v0.1
INS_B81D6445F23A,REQ_AAB58EEC93EB,21,2650.0,v0.1
INS_B81D6445F23A,REQ_8785953FF539,22,170.0,v0.1
INS_B81D6445F23A,REQ_EDCC0DDCA405,23,10430.0,v0.1
INS_B81D6445F23A,REQ_31D21B102A8D,24,4180.0,v0.1
INS_6657F8E9AD8A,REQ_0ABF87E15F8B,0,380.0,v0.1
INS_6657F8E9AD8A,REQ_ADCE212CBA2F,1,250.0,v0.1
INS_6657F8E9AD8A,REQ_1B1EE4737E80,2,3479.9999999999995,v0.1
INS_6657F8E9AD8A,REQ_C32F8F008E06,3,5870.0,v0.1
INS_6657F8E9AD8A,REQ_6B3FC9BA9A7E,4,150.0,v0.1
INS_6657F8E9AD8A,REQ_E9D31F2201F6,5,960.0,v0.1
INS_6657F8E9AD8A,REQ_A5D734A5866E,6,30000.0,v0.1
INS_6657F8E9AD8A,REQ_E5EB8319AC45,7,1650.0,v0.1
INS_6657F8E9AD8A,REQ_0DA24294D1D0,8,3410.0,v0.1
INS_6657F8E9AD8A,REQ_6F8AE529A2FA,9,2200.0,v0.1
INS_6657F8E9AD8A,REQ_C15E9D2FC5FF,10,3360.0,v0.1
INS_6657F8E9AD8A,REQ_1637A42798C7,11,5690.0,v0.1
INS_6657F8E9AD8A,REQ_1F40340B5A9E,12,1390.0,v0.1
INS_6657F8E9AD8A,REQ_5EB4E5BFED9D,13,1100.0,v0.1
INS_31D9632057A2,REQ_90E42D3FBA72,0,30000.0,v0.1
INS_31D9632057A2,REQ_1E3410F4B0A4,1,400.0,v0.1
INS_31D9632057A2,REQ_784C38B1BB70,2,28930.0,v0.1
INS_31D9632057A2,REQ_93D76D613EE2,3,5350.0,v0.1
INS_31D9632057A2,REQ_04D6587A13E6,4,30000.0,v0.1
INS_31D9632057A2,REQ_DC48882C2D74,5,30000.0,v0.1
INS_31D9632057A2,REQ_988CEC18E682,6,30000.0,v0.1
INS_31D9632057A2,REQ_4CC696488439,7,24810.0,v0.1
INS_31D9632057A2,REQ_2775B34FA673,8,30000.0,v0.1
INS_31D9632057A2,REQ_D92D5B16E5ED,9,6080.0,v0.1
INS_31D9632057A2,REQ_399FC1A7EDAB,10,30000.0,v0.1
INS_567070BC6DE9,REQ_34935A24AE85,0,17800.0,v0.1
INS_567070BC6DE9,REQ_FA6B2DBF5AFB,1,180.0,v0.1
INS_567070BC6DE9,REQ_E07A0B8E6982,2,400.0,v0.1
INS_567070BC6DE9,REQ_5BA5B107A8BD,3,550.0,v0.1
INS_567070BC6DE9,REQ_F4CD865684DC,4,630.0,v0.1
INS_567070BC6DE9,REQ_B002EB99BBAD,5,1230.0,v0.1
INS_567070BC6DE9,REQ_A4D3C7C36221,6,160.0,v0.1
INS_567070BC6DE9,REQ_B6F2C992643E,7,30000.0,v0.1
INS_567070BC6DE9,REQ_8CE35BB21458,8,240.0,v0.1
INS_567070BC6DE9,REQ_2C3F2AAEFE61,9,3820.0,v0.1
INS_9578F5707717,REQ_1A1E66BE6867,0,30000.0,v0.1
INS_9578F5707717,REQ_A3CECAB13D42,1,30000.0,v0.1
INS_9578F5707717,REQ_618DFE35B7DE,2,440.0,v0.1
INS_9578F5707717,REQ_450F2B2BB24E,3,4500.0,v0.1
INS_9578F5707717,REQ_D64634EF5EA1,4,4490.0,v0.1
INS_9578F5707717,REQ_1FCF87C6AAC9,5,7240.0,v0.1
INS_9578F5707717,REQ_C0E7188C708A,6,3000.0,v0.1
INS_9578F5707717,REQ_65E2D4A32284,7,2100.0,v0.1
INS_9578F5707717,REQ_891E3FF7D3C8,8,3050.0,v0.1
INS_9578F5707717,REQ_653CC1DF9AE2,9,23230.0,v0.1
INS_9578F5707717,REQ_7CE7C56C3A4D,10,540.0,v0.1
INS_9578F5707717,REQ_E0FA2C792DEB,11,260.0,v0.1
INS_9578F5707717,REQ_798ADCEF7F03,12,229.99999999999997,v0.1
INS_9578F5707717,REQ_71DB354DC4E5,13,8375.0,v0.1
INS_9578F5707717,REQ_1852489C5F39,14,1820.0,v0.1
INS_9578F5707717,REQ_7CF4E129CDDD,15,21490.0,v0.1
INS_9578F5707717,REQ_77152EB16AC8,16,30000.0,v0.1
INS_9578F5707717,REQ_3215B5151583,17,300.0,v0.1
INS_9578F5707717,REQ_E3DD3D755776,18,2200.0,v0.1
INS_9578F5707717,REQ_10C9A9251E20,19,26740.0,v0.1
INS_9578F5707717,REQ_66108919CC09,20,18930.0,v0.1
INS_9578F5707717,REQ_8E5360A59D0F,21,3080.0,v0.1
INS_9578F5707717,REQ_53E1E50FFDDA,22,30000.0,v0.1
INS_0DEB75821DBC,REQ_2156E18E882A,0,3170.0,v0.1
INS_0DEB75821DBC,REQ_9A8F56D2C33B,1,450.0,v0.1
INS_0DEB75821DBC,REQ_0E9C0653B262,2,4190.0,v0.1
INS_0DEB75821DBC,REQ_76B25C34436C,3,1650.0,v0.1
INS_0DEB75821DBC,REQ_AB80688FD304,4,3270.0000000000005,v0.1
INS_0DEB75821DBC,REQ_6F36E24E4DA0,5,3979.9999999999995,v0.1
INS_0DEB75821DBC,REQ_2669534801B9,6,650.0,v0.1
INS_0DEB75821DBC,REQ_92AC2CB57F93,7,2800.0,v0.1
INS_0DEB75821DBC,REQ_7286AD777BE8,8,150.0,v0.1
INS_0DEB75821DBC,REQ_C259D6AB1BC7,9,30000.0,v0.1
INS_E735FE31C977,REQ_9BEEBE911F18,0,26490.0,v0.1
INS_E735FE31C977,REQ_7C94B21AD1E4,1,30000.0,v0.1
INS_E735FE31C977,REQ_C4C88F09234B,2,15140.0,v0.1
INS_E735FE31C977,REQ_3418D62F8989,3,30000.0,v0.1
INS_E735FE31C977,REQ_53FCCA9803C4,4,11710.0,v0.1
INS_E735FE31C977,REQ_DBA4E7252854,5,9400.0,v0.1
INS_E735FE31C977,REQ_BC4F48241900,6,30000.0,v0.1
INS_E735FE31C977,REQ_23597F191A8D,7,11100.0,v0.1
INS_E735FE31C977,REQ_7868BDF12EC9,8,3560.0,v0.1
INS_E735FE31C977,REQ_50A2F45747C0,9,9160.0,v0.1
INS_E735FE31C977,REQ_7F35A3B51B46,10,14420.0,v0.1
INS_C354C762AEFA,REQ_B326E21DF26B,0,420.0,v0.1
INS_C354C762AEFA,REQ_10B384C5AC2A,1,1120.0,v0.1
INS_C354C762AEFA,REQ_26C5F3968406,2,660.0,v0.1
INS_C354C762AEFA,REQ_B58A3E731908,3,350.0,v0.1
INS_C354C762AEFA,REQ_D0A725E255B0,4,280.0,v0.1
INS_C354C762AEFA,REQ_B6B9CBFB9076,5,2990.0,v0.1
INS_C354C762AEFA,REQ_4AC4C2E4F2B8,6,1190.0,v0.1
INS_C354C762AEFA,REQ_E6E5D471BF21,7,3100.0,v0.1
INS_C354C762AEFA,REQ_941FF4112A2E,8,2530.0,v0.1
INS_C354C762AEFA,REQ_B2F794267268,9,1200.0,v0.1
INS_C354C762AEFA,REQ_777DE58467BF,10,600.0,v0.1
INS_C354C762AEFA,REQ_B2AA17B13F52,11,750.0,v0.1
INS_C354C762AEFA,REQ_8B9D3EBBDF6C,12,770.0,v0.1
INS_C354C762AEFA,REQ_DD1AC960FA3E,13,1970.0,v0.1
INS_C354C762AEFA,REQ_21B585055EA0,14,20780.0,v0.1
INS_C354C762AEFA,REQ_9D2A3EA9F0EF,15,950.0,v0.1
INS_C354C762AEFA,REQ_380B989CB8A3,16,150.0,v0.1
INS_C354C762AEFA,REQ_AE19DC635F58,17,240.0,v0.1
INS_C354C762AEFA,REQ_A986005DC5DD,18,30000.0,v0.1
INS_C354C762AEFA,REQ_D73C960F2A3D,19,600.0,v0.1
INS_C354C762AEFA,REQ_C37196BC1C37,20,350.0,v0.1
INS_C354C762AEFA,REQ_BB6C734F9C3B,21,700.0,v0.1
INS_C354C762AEFA,REQ_A2465D6547AE,22,6440.0,v0.1
INS_C354C762AEFA,REQ_7813D80F0A81,23,1630.0,v0.1
INS_C354C762AEFA,REQ_6BA0788AAAB5,24,700.0,v0.1
INS_C354C762AEFA,REQ_5A838AD85ABB,25,760.0,v0.1
INS_C354C762AEFA,REQ_AF2B484A1A56,26,7400.0,v0.1
INS_C354C762AEFA,REQ_4EBCFC1873E5,27,2900.0,v0.1
INS_C354C762AEFA,REQ_AF6BE33FE4C4,28,800.0,v0.1
INS_4172A4A7D994,REQ_2928034AF9F2,0,3760.0,v0.1
INS_4172A4A7D994,REQ_6A1CE66D2CE4,1,2430.0,v0.1
INS_4172A4A7D994,REQ_A3903B23C6E0,2,80.0,v0.1
INS_4172A4A7D994,REQ_5DCB0C49386F,3,30000.0,v0.1
INS_4172A4A7D994,REQ_6193D66A4AAD,4,640.0,v0.1
INS_4172A4A7D994,REQ_5A7106697007,5,1860.0,v0.1
INS_4172A4A7D994,REQ_2B83A6FDE2F0,6,10350.0,v0.1
INS_4172A4A7D994,REQ_2FC47FDB29F1,7,19040.0,v0.1
INS_4172A4A7D994,REQ_00DC44ACF4EE,8,4360.0,v0.1
INS_4172A4A7D994,REQ_3F951CAFB9B4,9,23600.0,v0.1
INS_4172A4A7D994,REQ_BE5DE3379D6C,10,250.0,v0.1
INS_4172A4A7D994,REQ_4D9EC794061B,11,30000.0,v0.1
INS_4172A4A7D994,REQ_2BA75525B4E3,12,770.0,v0.1
INS_4172A4A7D994,REQ_AB9D4AD0EBF0,13,1600.0,v0.1
INS_4172A4A7D994,REQ_BB9BA3D7F9F4,14,16170.0,v0.1
INS_4172A4A7D994,REQ_B179C2D3ECD4,15,11730.0,v0.1
INS_4172A4A7D994,REQ_F41AA1D45D61,16,1190.0,v0.1
INS_4172A4A7D994,REQ_708B0E1A5E5A,17,200.0,v0.1
INS_4172A4A7D994,REQ_7BA3A07EFE63,18,170.0,v0.1
INS_4172A4A7D994,REQ_387DCC7922AB,19,6580.0,v0.1
INS_4172A4A7D994,REQ_1A3EA18DFBB1,20,950.0,v0.1
INS_4172A4A7D994,REQ_343149A8EC58,21,30000.0,v0.1
INS_4172A4A7D994,REQ_FD4775EB56F4,22,30000.0,v0.1
INS_EB6B3A2FDCAB,REQ_5193CCDBE5AC,0,9210.0,v0.1
INS_EB6B3A2FDCAB,REQ_605436848D2E,1,560.0,v0.1
INS_EB6B3A2FDCAB,REQ_547D987308D2,2,4120.0,v0.1
INS_EB6B3A2FDCAB,REQ_2760D7909711,3,2810.0,v0.1
INS_EB6B3A2FDCAB,REQ_D87D072B1D0D,4,13520.0,v0.1
INS_EB6B3A2FDCAB,REQ_E30BD6A5C6CA,5,14800.0,v0.1
INS_EB6B3A2FDCAB,REQ_C1F436973B69,6,300.0,v0.1
INS_EB6B3A2FDCAB,REQ_8B9BBF4FCB52,7,18170.0,v0.1
INS_EB6B3A2FDCAB,REQ_FC6B8592406A,8,8100.0,v0.1
INS_EB6B3A2FDCAB,REQ_1C76079DFBF8,9,10850.0,v0.1
INS_EB6B3A2FDCAB,REQ_94275F9662A2,10,1870.0,v0.1
INS_EB6B3A2FDCAB,REQ_770C781EDACD,11,30000.0,v0.1
INS_EB6B3A2FDCAB,REQ_8151FBFF7B2E,12,15500.0,v0.1
INS_EB6B3A2FDCAB,REQ_F9D3CF0FE6B8,13,2020.0,v0.1
INS_EB6B3A2FDCAB,REQ_0A66D131C1AF,14,100.0,v0.1
INS_EB6B3A2FDCAB,REQ_EDDFE0D9F7E5,15,16670.0,v0.1
INS_EB6B3A2FDCAB,REQ_D2582CEA65A9,16,29620.0,v0.1
INS_EB6B3A2FDCAB,REQ_470F8E0B8C83,17,100.0,v0.1
INS_EB6B3A2FDCAB,REQ_8C087E292DA5,18,6050.0,v0.1
INS_EB6B3A2FDCAB,REQ_A24C0669E19F,19,3629.9999999999995,v0.1
INS_76C77D98BA8D,REQ_E9DBA593E84C,0,80.0,v0.1
INS_76C77D98BA8D,REQ_40EB33472588,1,3730.0,v0.1
INS_76C77D98BA8D,REQ_A95F4B7BFBC2,2,14630.0,v0.1
INS_76C77D98BA8D,REQ_47F6BF644364,3,180.0,v0.1
INS_76C77D98BA8D,REQ_99665C9A3B2B,4,409.99999999999994,v0.1
INS_76C77D98BA8D,REQ_8B0C91543D33,5,470.0,v0.1
INS_76C77D98BA8D,REQ_5B145CA33318,6,2390.0,v0.1
INS_76C77D98BA8D,REQ_C2EE8F24D079,7,28160.000000000004,v0.1
INS_76C77D98BA8D,REQ_DE5D616960CF,8,2760.0,v0.1
INS_76C77D98BA8D,REQ_7E2802EB586A,9,2900.0,v0.1
INS_76C77D98BA8D,REQ_099DD569C64B,10,12300.0,v0.1
INS_76C77D98BA8D,REQ_CDA4AF8B67A7,11,11120.0,v0.1
INS_76C77D98BA8D,REQ_27D1877F5B18,12,2720.0,v0.1
INS_76C77D98BA8D,REQ_294313D19B07,13,90.0,v0.1
INS_76C77D98BA8D,REQ_FB17C6E89C82,14,11300.0,v0.1
INS_76C77D98BA8D,REQ_6293BC6255FA,15,100.0,v0.1
INS_76C77D98BA8D,REQ_F476903E0D9C,16,100.0,v0.1
INS_76C77D98BA8D,REQ_4D9F94F7B99E,17,2250.0,v0.1
INS_76C77D98BA8D,REQ_B18AE0F45506,18,200.0,v0.1
INS_76C77D98BA8D,REQ_8BAB00D572B6,19,630.0,v0.1
INS_76C77D98BA8D,REQ_C8D9B3CA0B74,20,680.0,v0.1
INS_76C77D98BA8D,REQ_250C4E6C234E,21,11040.0,v0.1
INS_76C77D98BA8D,REQ_1C208B5F06A3,22,14760.0,v0.1
INS_425BA278AA8F,REQ_44B8BA92CB44,0,30000.0,v0.1
INS_425BA278AA8F,REQ_880924DDA7AA,1,30000.0,v0.1
INS_425BA278AA8F,REQ_84D041AE2264,2,650.0,v0.1
INS_425BA278AA8F,REQ_62B69571BAF1,3,810.0,v0.1
INS_425BA278AA8F,REQ_DC54CC42925D,4,1639.9999999999998,v0.1
INS_425BA278AA8F,REQ_413B53EB20C8,5,16290.0,v0.1
INS_425BA278AA8F,REQ_C167B6869083,6,30275.0,v0.1
INS_425BA278AA8F,REQ_3AB74080E616,7,30000.0,v0.1
INS_425BA278AA8F,REQ_5EFD2D8C82E0,8,1300.0,v0.1
INS_425BA278AA8F,REQ_F71E33195C8E,9,1050.0,v0.1
INS_425BA278AA8F,REQ_35C5673B903B,10,16020.0,v0.1
INS_425BA278AA8F,REQ_DD17D460083B,11,30000.0,v0.1
INS_425BA278AA8F,REQ_3ED63173690E,12,30000.0,v0.1
INS_A1F9033300D9,REQ_4F3B0BA59572,0,6820.0,v0.1
INS_A1F9033300D9,REQ_EAB38E597836,1,1300.0,v0.1
INS_A1F9033300D9,REQ_7B6E1F5B47F1,2,1950.0,v0.1
INS_A1F9033300D9,REQ_02C0E6C73973,3,200.0,v0.1
INS_A1F9033300D9,REQ_747D8E3BD601,4,4640.0,v0.1
INS_A1F9033300D9,REQ_93328C95F4F3,5,860.0,v0.1
INS_A1F9033300D9,REQ_589118360A39,6,920.0,v0.1
INS_A1F9033300D9,REQ_9C08ABE17CF7,7,14000.0,v0.1
INS_A1F9033300D9,REQ_67AEFACDC237,8,30000.0,v0.1
INS_A1F9033300D9,REQ_99FC8B948BBC,9,27500.0,v0.1
INS_A1F9033300D9,REQ_4CA9A8D735E2,10,1270.0,v0.1
INS_D6EAAE697E87,REQ_FE2CD01087C3,0,700.0,v0.1
INS_D6EAAE697E87,REQ_B5286A1C1ED6,1,11570.0,v0.1
INS_D6EAAE697E87,REQ_091BD928547D,2,30000.0,v0.1
INS_D6EAAE697E87,REQ_1A1A58CF43C5,3,2700.0,v0.1
INS_D6EAAE697E87,REQ_7466534079FB,4,2710.0,v0.1
INS_D6EAAE697E87,REQ_B1318F7798AE,5,180.0,v0.1
INS_D6EAAE697E87,REQ_6790E6939DD0,6,760.0,v0.1
INS_D6EAAE697E87,REQ_793E49EFEBA9,7,1020.0,v0.1
INS_F4674FA2E3C4,REQ_A4BC71DD81F5,0,2280.0,v0.1
INS_F4674FA2E3C4,REQ_3A0C977CE0A5,1,1860.0000000000002,v0.1
INS_F4674FA2E3C4,REQ_9D5F5F08BC8B,2,6500.0,v0.1
INS_F4674FA2E3C4,REQ_A647E3319A64,3,940.0,v0.1
INS_F4674FA2E3C4,REQ_8684232D8F03,4,650.0,v0.1
INS_F4674FA2E3C4,REQ_AF7583168DBF,5,23870.0,v0.1
INS_F4674FA2E3C4,REQ_398FA7BA3261,6,160.0,v0.1
INS_F4674FA2E3C4,REQ_B6A8C2DC9502,7,100.0,v0.1
INS_F4674FA2E3C4,REQ_BA1BF7D240D5,8,12230.0,v0.1
INS_F4674FA2E3C4,REQ_34A29CEB8DC1,9,1710.0,v0.1
INS_F4674FA2E3C4,REQ_44634139268E,10,17610.0,v0.1
INS_F4674FA2E3C4,REQ_45AEA870FE71,11,7850.0,v0.1
INS_F4674FA2E3C4,REQ_9BD9518FEAA3,12,30000.0,v0.1
INS_F4674FA2E3C4,REQ_7AE4AF4998E9,13,1550.0,v0.1
INS_F4674FA2E3C4,REQ_4E75BBEE8237,14,20600.0,v0.1
INS_F4674FA2E3C4,REQ_09603007F78A,15,170.0,v0.1
INS_F4674FA2E3C4,REQ_6FCD5C4F8614,16,6900.0,v0.1
INS_F4674FA2E3C4,REQ_6B8ABEE0A7D4,17,7459.999999999999,v0.1
INS_F4674FA2E3C4,REQ_D3BF67FC74B5,18,1480.0,v0.1
INS_F4674FA2E3C4,REQ_1F0C9ACCB857,19,2010.0000000000002,v0.1
INS_F4674FA2E3C4,REQ_AAFD08F3E4FD,20,730.0,v0.1
INS_F4674FA2E3C4,REQ_3C1B28185BAA,21,3740.0,v0.1
INS_F4674FA2E3C4,REQ_AA1795B2F738,22,14600.0,v0.1
INS_F4674FA2E3C4,REQ_74F5211FE859,23,4900.0,v0.1
INS_36D69012A9F6,REQ_2C323C2F388B,0,640.0,v0.1
INS_36D69012A9F6,REQ_CF930F715203,1,2690.0,v0.1
INS_36D69012A9F6,REQ_324C43AEE374,2,14910.0,v0.1
INS_36D69012A9F6,REQ_C8993AE652CC,3,600.0,v0.1
INS_36D69012A9F6,REQ_40B7FE5BF9B9,4,890.0,v0.1
INS_36D69012A9F6,REQ_5D5F28C6C3FA,5,1019.9999999999999,v0.1
INS_36D69012A9F6,REQ_C98A1E607D07,6,900.0,v0.1
INS_36D69012A9F6,REQ_C68F3CE9310D,7,30000.0,v0.1
INS_36D69012A9F6,REQ_BB3C66514DD8,8,120.0,v0.1
INS_36D69012A9F6,REQ_EE651760FC15,9,260.0,v0.1
INS_36D69012A9F6,REQ_D4BDB21DF6CC,10,7300.0,v0.1
INS_36D69012A9F6,REQ_9DCEABDBB990,11,459.99999999999994,v0.1
INS_36D69012A9F6,REQ_6EDDDF956B85,12,4850.0,v0.1
INS_913CEEC6A6E9,REQ_5128C36DC078,0,17060.0,v0.1
INS_913CEEC6A6E9,REQ_F6D705542F1C,1,13680.0,v0.1
INS_913CEEC6A6E9,REQ_2BEAC4526E54,2,30000.0,v0.1
INS_913CEEC6A6E9,REQ_299A9F4AA5CE,3,30000.0,v0.1
INS_913CEEC6A6E9,REQ_2D6D358E8DCC,4,30000.0,v0.1
INS_913CEEC6A6E9,REQ_C6251C50FCA6,5,30000.0,v0.1
INS_913CEEC6A6E9,REQ_75F10E935EE1,6,30000.0,v0.1
INS_913CEEC6A6E9,REQ_BD3278D236A9,7,12460.0,v0.1
INS_913CEEC6A6E9,REQ_8B90D2883DEA,8,30000.0,v0.1
INS_913CEEC6A6E9,REQ_D11FE85E3355,9,30000.0,v0.1
INS_913CEEC6A6E9,REQ_DED8AA21E0B6,10,29790.0,v0.1
INS_913CEEC6A6E9,REQ_3A14AA639842,11,30000.0,v0.1
INS_913CEEC6A6E9,REQ_587E1EA10952,12,30000.0,v0.1
INS_913CEEC6A6E9,REQ_CFCB418FB1B4,13,30000.0,v0.1
INS_913CEEC6A6E9,REQ_948820C577EE,14,30000.0,v0.1
INS_913CEEC6A6E9,REQ_E50524A96B19,15,20540.0,v0.1
INS_913CEEC6A6E9,REQ_337340C30D2E,16,13080.0,v0.1
INS_913CEEC6A6E9,REQ_C86E98612EAD,17,30000.0,v0.1
INS_913CEEC6A6E9,REQ_C86DE41EA334,18,29460.0,v0.1
INS_913CEEC6A6E9,REQ_74A931FA1079,19,18820.0,v0.1
INS_913CEEC6A6E9,REQ_0B9FFD6545E3,20,18720.0,v0.1
INS_913CEEC6A6E9,REQ_C467DA777186,21,26070.0,v0.1
INS_913CEEC6A6E9,REQ_0391EBB527B6,22,30000.0,v0.1
INS_5A0F2154F5A8,REQ_279612E9A6A9,0,1000.0,v0.1
INS_5A0F2154F5A8,REQ_7AD811E7D46E,1,2770.0,v0.1
INS_5A0F2154F5A8,REQ_3BA609D24409,2,2300.0,v0.1
INS_5A0F2154F5A8,REQ_C95F213FB458,3,17260.0,v0.1
INS_5A0F2154F5A8,REQ_29C2581DC417,4,6630.0,v0.1
INS_5A0F2154F5A8,REQ_9B01FCAC464D,5,12320.0,v0.1
INS_5A0F2154F5A8,REQ_2E69D4A1E624,6,1030.0,v0.1
INS_5A0F2154F5A8,REQ_29ED36C67983,7,7390.0,v0.1
INS_5A0F2154F5A8,REQ_2880EC081247,8,670.0,v0.1
INS_5A0F2154F5A8,REQ_5ADDD80DEAC4,9,2140.0,v0.1
INS_5A0F2154F5A8,REQ_D4CEC3E2F888,10,560.0,v0.1
INS_5A0F2154F5A8,REQ_884131683B4E,11,10960.0,v0.1
INS_5A0F2154F5A8,REQ_0105059E8DD3,12,9300.0,v0.1
INS_5A0F2154F5A8,REQ_72539B968B0E,13,960.0,v0.1
INS_5A0F2154F5A8,REQ_ACFE437E86B2,14,8560.0,v0.1
INS_5A0F2154F5A8,REQ_6E288D72522A,15,3429.9999999999995,v0.1
INS_5A0F2154F5A8,REQ_4D139D9EB4C1,16,1300.0,v0.1
INS_5A0F2154F5A8,REQ_2E8C7869A15C,17,30000.0,v0.1
INS_5A0F2154F5A8,REQ_EB39532344D7,18,800.0,v0.1
INS_5A0F2154F5A8,REQ_79DFD95D7326,19,1280.0,v0.1
INS_5A0F2154F5A8,REQ_F3C0E05A73E3,20,9930.0,v0.1
INS_5A0F2154F5A8,REQ_118C66FD6F54,21,4360.0,v0.1
INS_5A0F2154F5A8,REQ_5D4DB328DDE5,22,30000.0,v0.1
INS_5A0F2154F5A8,REQ_57A58981A586,23,3930.0,v0.1
INS_5A0F2154F5A8,REQ_9307B4BD8E65,24,18230.0,v0.1
INS_5A0F2154F5A8,REQ_A3EFDDCDF39C,25,15950.0,v0.1
INS_5A0F2154F5A8,REQ_4F4DD5B59964,26,30000.0,v0.1
INS_5A0F2154F5A8,REQ_11ED1F304A0A,27,950.0,v0.1
INS_5A0F2154F5A8,REQ_F178871C096D,28,1570.0,v0.1
INS_5A0F2154F5A8,REQ_4F849E471AEF,29,730.0,v0.1
INS_5A0F2154F5A8,REQ_356F7C6D90F3,30,28570.0,v0.1
INS_5A0F2154F5A8,REQ_5063ACA9D0E4,31,2600.0,v0.1
INS_5A0F2154F5A8,REQ_EBDEA138306D,32,4660.0,v0.1
INS_5A0F2154F5A8,REQ_2DCC01F66598,33,1450.0,v0.1
INS_5A0F2154F5A8,REQ_19FB7147E155,34,5660.0,v0.1
INS_5A0F2154F5A8,REQ_5910F8B30198,35,1510.0,v0.1
INS_5A0F2154F5A8,REQ_DD34A244CDA7,36,459.99999999999994,v0.1
INS_5A0F2154F5A8,REQ_09CB61FA57BA,37,21850.0,v0.1
INS_CB78CE4583BE,REQ_11ED1F304A0A,0,950.0,v0.1
INS_CB78CE4583BE,REQ_9C54A4FC9A95,1,480.0,v0.1
INS_CB78CE4583BE,REQ_24F6B148911F,2,14270.0,v0.1
INS_CB78CE4583BE,REQ_28BB25733EED,3,660.0,v0.1
INS_CB78CE4583BE,REQ_78C983D7B66F,4,4610.0,v0.1
INS_CB78CE4583BE,REQ_3BA609D24409,5,2300.0,v0.1
INS_CB78CE4583BE,REQ_7CEB7A619967,6,21700.0,v0.1
INS_CB78CE4583BE,REQ_1ECB4E3C1412,7,18510.0,v0.1
INS_D74A905EB9D4,REQ_1572DC92FE4B,0,1000.0,v0.1
INS_D74A905EB9D4,REQ_8ED779A3E355,1,5030.0,v0.1
INS_D74A905EB9D4,REQ_C600790D22D8,2,5600.0,v0.1
INS_D74A905EB9D4,REQ_087114574CEF,3,280.0,v0.1
INS_D74A905EB9D4,REQ_514E81C06A59,4,30000.0,v0.1
INS_D74A905EB9D4,REQ_BB97289BE6E7,5,310.0,v0.1
INS_D74A905EB9D4,REQ_7CB59823DBC3,6,30000.0,v0.1
INS_D74A905EB9D4,REQ_210B0C59796C,7,30000.0,v0.1
INS_66920624B90A,REQ_C95F213FB458,0,17260.0,v0.1
INS_66920624B90A,REQ_FBF869BF05E9,1,6500.0,v0.1
INS_66920624B90A,REQ_755ABEB262E1,2,550.0,v0.1
INS_66920624B90A,REQ_330ACE15AD22,3,30000.0,v0.1
INS_66920624B90A,REQ_8A52D88055F1,4,2910.0,v0.1
INS_66920624B90A,REQ_0FB608C09FD7,5,1360.0,v0.1
INS_66920624B90A,REQ_38226CAA5820,6,500.0,v0.1
INS_66920624B90A,REQ_F0DAA9803E39,7,470.0,v0.1
INS_66920624B90A,REQ_317B77AEC9BA,8,14540.0,v0.1
INS_66920624B90A,REQ_976097F93969,9,9850.0,v0.1
INS_66920624B90A,REQ_3426FBAE6B54,10,7140.0,v0.1
INS_66920624B90A,REQ_CBC042D3F4F2,11,4180.0,v0.1
INS_66920624B90A,REQ_228529C10052,12,8375.0,v0.1
INS_66920624B90A,REQ_076D261B9240,13,30000.0,v0.1
INS_CE164589C239,REQ_884A9FB4BCA4,0,3730.0,v0.1
INS_CE164589C239,REQ_34ADD8F17438,1,11360.0,v0.1
INS_CE164589C239,REQ_DBA7F2B075F9,2,500.0,v0.1
INS_CE164589C239,REQ_73FD88B097E8,3,100.0,v0.1
INS_CE164589C239,REQ_8B3572F212C7,4,100.0,v0.1
INS_CE164589C239,REQ_48D080669ECE,5,1730.0,v0.1
INS_CE164589C239,REQ_3806B0256E4E,6,4330.0,v0.1
INS_CE164589C239,REQ_0646E0F36E16,7,100.0,v0.1
INS_CE164589C239,REQ_7A142643C7D5,8,4840.0,v0.1
INS_CE164589C239,REQ_F4A9F926FA74,9,30000.0,v0.1
INS_CE164589C239,REQ_33E2D06BED5C,10,26020.0,v0.1
INS_E0E6C3E985F4,REQ_660DF57E5C60,0,420.0,v0.1
INS_E0E6C3E985F4,REQ_7AEE23AE9778,1,1689.9999999999998,v0.1
INS_E0E6C3E985F4,REQ_C49D050F4F95,2,22210.0,v0.1
INS_E0E6C3E985F4,REQ_1FCF87C6AAC9,3,7240.0,v0.1
INS_E0E6C3E985F4,REQ_86E7FCCDA59F,4,26920.0,v0.1
INS_E0E6C3E985F4,REQ_8B8A86E0B8DF,5,19550.0,v0.1
INS_E0E6C3E985F4,REQ_31A3AF63C33A,6,820.0,v0.1
INS_E0E6C3E985F4,REQ_3F9936FE22B3,7,509.99999999999994,v0.1
INS_E0E6C3E985F4,REQ_E7804D4E99D1,8,31950.0,v0.1
INS_E0E6C3E985F4,REQ_39FC9F2E4361,9,30000.0,v0.1
INS_E0E6C3E985F4,REQ_C0E7188C708A,10,3000.0,v0.1
INS_E0E6C3E985F4,REQ_E9A0100BC8A2,11,1960.0,v0.1
INS_E0E6C3E985F4,REQ_84F4D6D4603D,12,15750.0,v0.1
INS_E0E6C3E985F4,REQ_0316DE5D0E73,13,23550.0,v0.1
INS_E0E6C3E985F4,REQ_3FD3135C6088,14,7550.0,v0.1
INS_E0E6C3E985F4,REQ_1A1E66BE6867,15,30000.0,v0.1
INS_E0E6C3E985F4,REQ_10EE9449F801,16,940.0,v0.1
INS_E0E6C3E985F4,REQ_77152EB16AC8,17,30000.0,v0.1
INS_E0E6C3E985F4,REQ_C2F2EAD59F0A,18,6650.0,v0.1
INS_E0E6C3E985F4,REQ_54CE260FC315,19,22790.0,v0.1
INS_E0E6C3E985F4,REQ_E9E29AF16E0F,20,7370.0,v0.1
INS_E0E6C3E985F4,REQ_510378BE6CDD,21,790.0,v0.1
INS_E0E6C3E985F4,REQ_5275D987396B,22,1080.0,v0.1
INS_E0E6C3E985F4,REQ_727D34239145,23,2680.0,v0.1
INS_E0E6C3E985F4,REQ_10C9A9251E20,24,26740.0,v0.1
INS_E0E6C3E985F4,REQ_971381117570,25,10510.0,v0.1
INS_FF9B7EEC589D,REQ_C1CA7DDD3EBD,0,870.0,v0.1
INS_FF9B7EEC589D,REQ_E234B2783F77,1,29420.0,v0.1
INS_FF9B7EEC589D,REQ_CDF47B739AFE,2,3220.0000000000005,v0.1
INS_FF9B7EEC589D,REQ_BB5B4DD76BDA,3,1140.0,v0.1
INS_FF9B7EEC589D,REQ_0ADEB6C54C1F,4,3050.0,v0.1
INS_FF9B7EEC589D,REQ_A2BF9A3A92A0,5,24320.0,v0.1
INS_FF9B7EEC589D,REQ_B40EBE7A7FCD,6,330.0,v0.1
INS_FF9B7EEC589D,REQ_C6E293A21418,7,650.0,v0.1
INS_FF9B7EEC589D,REQ_2D5FB40DF6E3,8,3050.0,v0.1
INS_FF9B7EEC589D,REQ_B4B8BB780715,9,10680.0,v0.1
INS_FF9B7EEC589D,REQ_66AE040001F0,10,4560.0,v0.1
INS_FF9B7EEC589D,REQ_8C06DA64FE09,11,2400.0,v0.1
INS_FF9B7EEC589D,REQ_C0738D1D64A8,12,4029.9999999999995,v0.1
INS_FF9B7EEC589D,REQ_F9D0E96E4FAC,13,11120.0,v0.1
INS_FF9B7EEC589D,REQ_D89F81B7EAD9,14,30000.0,v0.1
INS_9AD5FBC4850C,REQ_290207E6E90E,0,20590.0,v0.1
INS_9AD5FBC4850C,REQ_F7DCAD255861,1,28220.0,v0.1
INS_9AD5FBC4850C,REQ_E74EE37E0E0B,2,13730.0,v0.1
INS_9AD5FBC4850C,REQ_44AC8A2E9FF7,3,19500.0,v0.1
INS_9AD5FBC4850C,REQ_9EF709420473,4,21920.0,v0.1
INS_9AD5FBC4850C,REQ_0305DEE325F4,5,27480.0,v0.1
INS_9AD5FBC4850C,REQ_F79786BE1AE9,6,30000.0,v0.1
INS_9AD5FBC4850C,REQ_90A4E616152A,7,27730.0,v0.1
INS_A5325B073517,REQ_C13977DC5374,0,660.0,v0.1
INS_A5325B073517,REQ_3D7A208600B1,1,550.0,v0.1
INS_A5325B073517,REQ_287FD55F78EF,2,30000.0,v0.1
INS_A5325B073517,REQ_4786EEEE152B,3,280.0,v0.1
INS_A5325B073517,REQ_E03F4E5DABB8,4,860.0,v0.1
INS_A5325B073517,REQ_A02BC770100B,5,30000.0,v0.1
INS_A5325B073517,REQ_6A84958EDD89,6,2060.0,v0.1
INS_A5325B073517,REQ_A127AE2D5777,7,240.0,v0.1
INS_A5325B073517,REQ_9EA1B31AD619,8,6270.0,v0.1
INS_A5325B073517,REQ_C33D27B52AC4,9,1210.0,v0.1
INS_A5325B073517,REQ_6D341B7ED2A5,10,1470.0,v0.1
INS_A5325B073517,REQ_70F9E934ABB2,11,14200.0,v0.1
INS_A5325B073517,REQ_2D547E26BFC3,12,910.0,v0.1
INS_A5325B073517,REQ_2BC00D194305,13,200.0,v0.1
INS_A5325B073517,REQ_CA1E1B07F1AC,14,250.0,v0.1
INS_A5325B073517,REQ_E740E0747FF0,15,2740.0,v0.1
INS_A5325B073517,REQ_0EAA8A6A19B0,16,110.0,v0.1
INS_A5325B073517,REQ_60065A8956AC,17,100.0,v0.1
INS_A5325B073517,REQ_A221E70169D5,18,2370.0,v0.1
INS_A5325B073517,REQ_5851684E5324,19,4380.0,v0.1
INS_A5325B073517,REQ_EFA4D57EC38F,20,30000.0,v0.1
INS_A5325B073517,REQ_52A730D2A4D0,21,30000.0,v0.1
INS_A5325B073517,REQ_41DAE2D729B0,22,30000.0,v0.1
INS_A5325B073517,REQ_85AFED81054E,23,710.0,v0.1
INS_A5325B073517,REQ_C7FD898818DA,24,30000.0,v0.1
INS_A5325B073517,REQ_3831D9282669,25,900.0,v0.1
INS_CCCCBCDC5443,REQ_384B14E64D10,0,4360.0,v0.1
INS_CCCCBCDC5443,REQ_24E6A31CE150,1,22170.0,v0.1
INS_CCCCBCDC5443,REQ_F581CA8E8641,2,400.0,v0.1
INS_CCCCBCDC5443,REQ_6A7A23178C66,3,900.0,v0.1
INS_CCCCBCDC5443,REQ_8BFFBE8337B2,4,12450.0,v0.1
INS_CCCCBCDC5443,REQ_1FEA949E3287,5,1030.0,v0.1
INS_CCCCBCDC5443,REQ_F4CA547CD4D2,6,22010.0,v0.1
INS_CCCCBCDC5443,REQ_EF330410B77D,7,240.0,v0.1
INS_CCCCBCDC5443,REQ_C1736CC2ED3D,8,5470.0,v0.1
INS_CCCCBCDC5443,REQ_A109534943FB,9,4880.0,v0.1
INS_CCCCBCDC5443,REQ_B717A70BDAE0,10,5640.0,v0.1
INS_CCCCBCDC5443,REQ_BAE37C55A8F3,11,340.0,v0.1
INS_CCCCBCDC5443,REQ_86A7FFC1860D,12,7500.0,v0.1
INS_CCCCBCDC5443,REQ_1415F154523D,13,10830.0,v0.1
INS_CCCCBCDC5443,REQ_E9E0DDCE3356,14,12300.0,v0.1
INS_742D8E3A289A,REQ_AE2333F644E5,0,30000.0,v0.1
INS_742D8E3A289A,REQ_C57CF0A27418,1,3110.0,v0.1
INS_742D8E3A289A,REQ_B34B59163E48,2,9140.0,v0.1
INS_742D8E3A289A,REQ_99FEAFD2A4DE,3,27950.0,v0.1
INS_742D8E3A289A,REQ_231C522DB140,4,550.0,v0.1
INS_742D8E3A289A,REQ_56A7135352C1,5,30000.0,v0.1
INS_742D8E3A289A,REQ_6F43B416D1E7,6,28700.0,v0.1
INS_742D8E3A289A,REQ_FC5672887B99,7,1400.0,v0.1
INS_742D8E3A289A,REQ_409862E7C973,8,3500.0,v0.1
INS_742D8E3A289A,REQ_9A94B35B3E61,9,9400.0,v0.1
INS_742D8E3A289A,REQ_AF4276EDCAC6,10,19330.0,v0.1
INS_742D8E3A289A,REQ_9328E727F87E,11,13130.0,v0.1
INS_86792AF69F34,REQ_44B84EBFAD83,0,30000.0,v0.1
INS_86792AF69F34,REQ_B54DC204822A,1,2210.0,v0.1
INS_86792AF69F34,REQ_7129D8CF936B,2,1310.0,v0.1
INS_86792AF69F34,REQ_0682A92D0ACE,3,8300.0,v0.1
INS_86792AF69F34,REQ_66D14450D01C,4,550.0,v0.1
INS_86792AF69F34,REQ_08E9E45903F2,5,4430.0,v0.1
INS_86792AF69F34,REQ_93F25571AFA3,6,740.0,v0.1
INS_86792AF69F34,REQ_789765C15041,7,30000.0,v0.1
INS_86792AF69F34,REQ_C13483B8B066,8,10300.0,v0.1
INS_86792AF69F34,REQ_6DBDB48BFC75,9,4840.0,v0.1
INS_86792AF69F34,REQ_3BA6E66783BA,10,30000.0,v0.1
INS_86792AF69F34,REQ_594536B6535B,11,450.0,v0.1
INS_86792AF69F34,REQ_FFAC5A16912A,12,6670.0,v0.1
INS_86792AF69F34,REQ_E185008F332F,13,16160.0,v0.1
INS_86792AF69F34,REQ_4371F407B87B,14,25150.0,v0.1
INS_86792AF69F34,REQ_9BF7772E4730,15,600.0,v0.1
INS_86792AF69F34,REQ_8305B3A25D11,16,3260.0,v0.1
INS_86792AF69F34,REQ_39276FD15E22,17,1450.0,v0.1
INS_86792AF69F34,REQ_5C582CDE8990,18,4040.0,v0.1
INS_86792AF69F34,REQ_D670BD2D0CAA,19,4090.0,v0.1
INS_86792AF69F34,REQ_D3A41658A10F,20,5040.0,v0.1
INS_86792AF69F34,REQ_7174B55A2E9F,21,7500.0,v0.1
INS_BC613A7109FC,REQ_E10520852CC0,0,6350.0,v0.1
INS_BC613A7109FC,REQ_7524D66E546D,1,12900.0,v0.1
INS_BC613A7109FC,REQ_6D80F4AB9F2A,2,30000.0,v0.1
INS_BC613A7109FC,REQ_AE7F81461CD1,3,1580.0,v0.1
INS_BC613A7109FC,REQ_B6831374D856,4,30000.0,v0.1
INS_BC613A7109FC,REQ_8EAF26E42F9C,5,30000.0,v0.1
INS_BC613A7109FC,REQ_3D7BC6898E20,6,680.0,v0.1
INS_BC613A7109FC,REQ_4FE6290F57BB,7,12150.0,v0.1
INS_BC613A7109FC,REQ_ED6013510ADC,8,30000.0,v0.1
INS_BC613A7109FC,REQ_9C7D44469C3C,9,9250.0,v0.1
INS_BC613A7109FC,REQ_19D1EBA48A1F,10,8620.0,v0.1
INS_BC613A7109FC,REQ_5B4C04E85685,11,6200.0,v0.1
INS_0A08C206251E,REQ_37B4CAF47951,0,550.0,v0.1
INS_0A08C206251E,REQ_1864F026059E,1,30000.0,v0.1
INS_0A08C206251E,REQ_CB37102F42F8,2,30000.0,v0.1
INS_0A08C206251E,REQ_0BE1303B70EF,3,1850.0,v0.1
INS_0A08C206251E,REQ_7FE37EBEA800,4,30000.0,v0.1
INS_0A08C206251E,REQ_53D7E66CCFBB,5,360.0,v0.1
INS_0A08C206251E,REQ_6353542C3F0A,6,3800.0,v0.1
INS_0A08C206251E,REQ_59C29140276B,7,8140.0,v0.1
INS_0A08C206251E,REQ_B3539E5BEDAB,8,580.0,v0.1
INS_EA3E01AFCC64,REQ_0391EBB527B6,0,30000.0,v0.1
INS_EA3E01AFCC64,REQ_299A9F4AA5CE,1,30000.0,v0.1
INS_EA3E01AFCC64,REQ_2BEAC4526E54,2,30000.0,v0.1
INS_EA3E01AFCC64,REQ_337340C30D2E,3,13080.0,v0.1
INS_EA3E01AFCC64,REQ_75F10E935EE1,4,30000.0,v0.1
INS_EA3E01AFCC64,REQ_5128C36DC078,5,17060.0,v0.1
INS_EA3E01AFCC64,REQ_0B9FFD6545E3,6,18720.0,v0.1
INS_EA3E01AFCC64,REQ_C6251C50FCA6,7,30000.0,v0.1
INS_EA3E01AFCC64,REQ_DED8AA21E0B6,8,29790.0,v0.1
INS_EA3E01AFCC64,REQ_3A14AA639842,9,30000.0,v0.1
INS_EA3E01AFCC64,REQ_C467DA777186,10,26070.0,v0.1
INS_EA3E01AFCC64,REQ_74A931FA1079,11,18820.0,v0.1
INS_EA3E01AFCC64,REQ_8B90D2883DEA,12,30000.0,v0.1
INS_EA3E01AFCC64,REQ_948820C577EE,13,30000.0,v0.1
INS_EA3E01AFCC64,REQ_C86E98612EAD,14,30000.0,v0.1
INS_EA3E01AFCC64,REQ_F6D705542F1C,15,13680.0,v0.1
INS_EA3E01AFCC64,REQ_E50524A96B19,16,20540.0,v0.1
INS_EA3E01AFCC64,REQ_C86DE41EA334,17,29460.0,v0.1
INS_EA3E01AFCC64,REQ_587E1EA10952,18,30000.0,v0.1
INS_EA3E01AFCC64,REQ_D11FE85E3355,19,30000.0,v0.1
INS_EA3E01AFCC64,REQ_2D6D358E8DCC,20,30000.0,v0.1
INS_EA3E01AFCC64,REQ_CFCB418FB1B4,21,30000.0,v0.1
INS_EA3E01AFCC64,REQ_BD3278D236A9,22,12460.0,v0.1
INS_03E4A1CAA8E6,REQ_48773FF1DD3F,0,130.0,v0.1
INS_03E4A1CAA8E6,REQ_783F117D7CD5,1,5900.0,v0.1
INS_03E4A1CAA8E6,REQ_FB71CBC51A8D,2,21830.0,v0.1
INS_03E4A1CAA8E6,REQ_268DBBC99876,3,4180.0,v0.1
INS_03E4A1CAA8E6,REQ_2D688831F738,4,1140.0,v0.1
INS_03E4A1CAA8E6,REQ_DB594F5C2149,5,850.0,v0.1
INS_03E4A1CAA8E6,REQ_D3DFFE7727A1,6,250.0,v0.1
INS_03E4A1CAA8E6,REQ_781192F85DAE,7,450.0,v0.1
INS_03E4A1CAA8E6,REQ_E4F904C33BF0,8,6530.0,v0.1
INS_03E4A1CAA8E6,REQ_7C038782E706,9,6030.0,v0.1
INS_03E4A1CAA8E6,REQ_0B54D66AFC5D,10,20550.0,v0.1
INS_03E4A1CAA8E6,REQ_680762FBBC8A,11,5160.0,v0.1
INS_03E4A1CAA8E6,REQ_32231C911D2A,12,8020.0,v0.1
INS_03E4A1CAA8E6,REQ_1C547F3C9E0A,13,6470.0,v0.1
INS_96C0F2068709,REQ_640C240DB4EC,0,320.0,v0.1
INS_96C0F2068709,REQ_BED4A4AC3CFC,1,1080.0,v0.1
INS_96C0F2068709,REQ_2D5C6A5F2813,2,1130.0,v0.1
INS_96C0F2068709,REQ_40A3A309D7DB,3,960.0,v0.1
INS_96C0F2068709,REQ_15A905EC90C4,4,21350.0,v0.1
INS_96C0F2068709,REQ_952FE4ED3C1A,5,1020.0,v0.1
INS_96C0F2068709,REQ_94B1E3B8E770,6,30000.0,v0.1
INS_96C0F2068709,REQ_E263BC6E7C9A,7,30000.0,v0.1
INS_96C0F2068709,REQ_BA5680351D93,8,140.0,v0.1
INS_96C0F2068709,REQ_3C707614D30F,9,5660.0,v0.1
INS_96C0F2068709,REQ_D6CE35E0432E,10,4840.0,v0.1
INS_96C0F2068709,REQ_EB6BDCFABA16,11,6430.0,v0.1
INS_96C0F2068709,REQ_7E281C8B8CDD,12,18820.0,v0.1
INS_96C0F2068709,REQ_B987BD564CE2,13,4920.0,v0.1
INS_96C0F2068709,REQ_330C8F95B39A,14,520.0,v0.1
INS_96C0F2068709,REQ_9FBBDDD7FB3E,15,3980.0,v0.1
INS_96C0F2068709,REQ_39CC47DC0642,16,930.0,v0.1
INS_96C0F2068709,REQ_04C5EB60AB97,17,30000.0,v0.1
INS_96C0F2068709,REQ_E420D913E16D,18,30000.0,v0.1
INS_96C0F2068709,REQ_B06EE1FBD790,19,440.0,v0.1
INS_A6086984DAE2,REQ_D7991D145302,0,4300.0,v0.1
INS_A6086984DAE2,REQ_777DE58467BF,1,600.0,v0.1
INS_A6086984DAE2,REQ_160DF52F94E8,2,850.0,v0.1
INS_A6086984DAE2,REQ_2A6310A36275,3,4810.0,v0.1
INS_A6086984DAE2,REQ_AE8E5C329A4D,4,350.0,v0.1
INS_A6086984DAE2,REQ_2C94A23922DB,5,630.0,v0.1
INS_A6086984DAE2,REQ_EFCEB9BD078B,6,450.0,v0.1
INS_A6086984DAE2,REQ_77D128EE40BF,7,1050.0,v0.1
INS_A6086984DAE2,REQ_D0B3332A1794,8,4780.0,v0.1
INS_A6086984DAE2,REQ_CA33C9362749,9,30000.0,v0.1
INS_A6086984DAE2,REQ_79C8906CE538,10,4080.0,v0.1
INS_A6086984DAE2,REQ_75EADA4E37DE,11,260.0,v0.1
INS_A6086984DAE2,REQ_728FF110D226,12,1100.0,v0.1
INS_A6086984DAE2,REQ_2CBF414DE122,13,1500.0,v0.1
INS_A6086984DAE2,REQ_1BE35CE21CC5,14,230.0,v0.1
INS_A6086984DAE2,REQ_B195407363D0,15,3680.0,v0.1
INS_A6086984DAE2,REQ_95BFEF597572,16,6070.0,v0.1
INS_A6086984DAE2,REQ_92480CF5DFCD,17,520.0,v0.1
INS_A6086984DAE2,REQ_744BA22AF772,18,2550.0,v0.1
INS_A6086984DAE2,REQ_382A6958BEDC,19,490.0,v0.1
INS_A6086984DAE2,REQ_07A1FA5C78F9,20,1889.9999999999998,v0.1
INS_A6086984DAE2,REQ_CC15460A0341,21,9550.0,v0.1
INS_A6086984DAE2,REQ_E905085D132C,22,4810.0,v0.1
INS_A6086984DAE2,REQ_053E8B305D10,23,2090.0,v0.1
INS_A6086984DAE2,REQ_0424F44EED53,24,24760.0,v0.1
INS_A6086984DAE2,REQ_2D0A8CF5FAF9,25,650.0,v0.1
INS_A6086984DAE2,REQ_46638B62F568,26,250.0,v0.1
INS_A6086984DAE2,REQ_0DAA0073A19F,27,459.99999999999994,v0.1
INS_A6086984DAE2,REQ_035CE1D073FC,28,1080.0,v0.1
INS_A6086984DAE2,REQ_C37196BC1C37,29,350.0,v0.1
INS_A6086984DAE2,REQ_5D67E61D2B14,30,3700.0,v0.1
INS_A6086984DAE2,REQ_AC90A22FF1C2,31,300.0,v0.1
INS_A6086984DAE2,REQ_FB6E3B31187F,32,6600.0,v0.1
INS_A6086984DAE2,REQ_A2D5BCAFE134,33,500.0,v0.1
INS_A6086984DAE2,REQ_BB71A744DFCA,34,5900.0,v0.1
INS_A6086984DAE2,REQ_8246BF987974,35,11590.0,v0.1
INS_A6086984DAE2,REQ_9D2A3EA9F0EF,36,950.0,v0.1
INS_A6086984DAE2,REQ_14A765D1D8D4,37,350.0,v0.1
INS_A6086984DAE2,REQ_AE19DC635F58,38,240.0,v0.1
INS_A6086984DAE2,REQ_D9D96E7A6578,39,330.0,v0.1
INS_37E254F7FEBB,REQ_1882B326043B,0,1820.0,v0.1
INS_37E254F7FEBB,REQ_E1969A584824,1,880.0000000000001,v0.1
INS_37E254F7FEBB,REQ_83597CD22BC1,2,1010.0,v0.1
INS_37E254F7FEBB,REQ_E060E2F7596A,3,4730.0,v0.1
INS_37E254F7FEBB,REQ_F9C097874F6B,4,9730.0,v0.1
INS_37E254F7FEBB,REQ_42D730417AB9,5,24930.0,v0.1
INS_37E254F7FEBB,REQ_DFE473C054B5,6,3679.9999999999995,v0.1
INS_37E254F7FEBB,REQ_DEBD4D758FFA,7,3370.0000000000005,v0.1
INS_37E254F7FEBB,REQ_8C432C5794D7,8,3090.0,v0.1
INS_37E254F7FEBB,REQ_E06963FE57D2,9,2620.0,v0.1
INS_37E254F7FEBB,REQ_0721D5B79C76,10,11280.0,v0.1
INS_37E254F7FEBB,REQ_5DE85EABFEBA,11,1310.0,v0.1
INS_37E254F7FEBB,REQ_195BA700C959,12,1660.0,v0.1
INS_37E254F7FEBB,REQ_D31E7E7EB9DB,13,670.0,v0.1
INS_37E254F7FEBB,REQ_3B4C2639B85C,14,4470.0,v0.1
INS_37E254F7FEBB,REQ_2FA3A9F7E405,15,30000.0,v0.1
INS_37E254F7FEBB,REQ_FEE6606957A1,16,15175.0,v0.1
INS_37E254F7FEBB,REQ_4D08B1F1EE73,17,100.0,v0.1
INS_37E254F7FEBB,REQ_6A05F7AF1705,18,100.0,v0.1
INS_37E254F7FEBB,REQ_47E3CCBB1963,19,30000.0,v0.1
INS_37E254F7FEBB,REQ_A845DC87CC71,20,3370.0,v0.1
INS_37E254F7FEBB,REQ_53D7E66CCFBB,21,360.0,v0.1
INS_37E254F7FEBB,REQ_D5CBA5BF76EF,22,29160.0,v0.1
INS_37E254F7FEBB,REQ_5A466EF62610,23,270.0,v0.1
INS_37E254F7FEBB,REQ_3C789163AEE4,24,350.0,v0.1
INS_37E254F7FEBB,REQ_8ABCCE748A12,25,22650.0,v0.1
INS_37E254F7FEBB,REQ_7A6F4F60B924,26,10320.0,v0.1
INS_37E254F7FEBB,REQ_CAFAB6F07963,27,280.0,v0.1
INS_37E254F7FEBB,REQ_BD06A9142F61,28,2330.0,v0.1
INS_37E254F7FEBB,REQ_59C29140276B,29,8140.0,v0.1
INS_37E254F7FEBB,REQ_0B340A92D19F,30,290.0,v0.1
INS_37E254F7FEBB,REQ_8A3607DE068E,31,3250.0,v0.1
INS_37E254F7FEBB,REQ_94B76F97EFC4,32,1300.0,v0.1
INS_37E254F7FEBB,REQ_564DBA2EDD99,33,330.0,v0.1
INS_37E254F7FEBB,REQ_D0B0B489F69B,34,9300.0,v0.1
INS_37E254F7FEBB,REQ_48FEBB1FF79A,35,29870.0,v0.1
INS_37E254F7FEBB,REQ_6A98519E953E,36,100.0,v0.1
INS_37E254F7FEBB,REQ_CCA0427A96E4,37,300.0,v0.1
INS_37E254F7FEBB,REQ_A5D3916030EA,38,819.9999999999999,v0.1
INS_37E254F7FEBB,REQ_26701B27499D,39,390.0,v0.1
INS_37E254F7FEBB,REQ_A32C35A4771B,40,400.0,v0.1
INS_37E254F7FEBB,REQ_E9DA89E87D95,41,320.0,v0.1
INS_37E254F7FEBB,REQ_B4E2176817D9,42,360.0,v0.1
INS_37E254F7FEBB,REQ_0BE1303B70EF,43,1850.0,v0.1
INS_37E254F7FEBB,REQ_C572A483C2B5,44,790.0,v0.1
INS_37E254F7FEBB,REQ_DA340264FFB0,45,200.0,v0.1
INS_37E254F7FEBB,REQ_ADFA85953AC1,46,650.0,v0.1
INS_37E254F7FEBB,REQ_E5BE1F529D8D,47,30000.0,v0.1
INS_37E254F7FEBB,REQ_B79DBFAA162B,48,2680.0,v0.1
INS_37E254F7FEBB,REQ_BCA17F5D91B5,49,920.0,v0.1
INS_37E254F7FEBB,REQ_79DC0C412979,50,1000.0,v0.1
INS_37E254F7FEBB,REQ_F91F00E20A86,51,80.0,v0.1
INS_37E254F7FEBB,REQ_DBAF57C7938E,52,3020.0,v0.1
INS_37E254F7FEBB,REQ_1864F026059E,53,30000.0,v0.1
INS_37E254F7FEBB,REQ_E92A707D6E71,54,10250.0,v0.1
INS_F9BF58C90875,REQ_BB7904099E5F,0,30000.0,v0.1
INS_F9BF58C90875,REQ_68FEBDA93E2B,1,13090.0,v0.1
INS_F9BF58C90875,REQ_AB76EA88470A,2,1530.0,v0.1
INS_F9BF58C90875,REQ_98D9DCDD6B7D,3,15380.000000000002,v0.1
INS_F9BF58C90875,REQ_FA7769302C92,4,1470.0,v0.1
INS_F9BF58C90875,REQ_2EB81B3C6FDB,5,3290.0,v0.1
INS_F9BF58C90875,REQ_636E4CBC0E87,6,10760.0,v0.1
INS_F9BF58C90875,REQ_908D46061B13,7,1490.0,v0.1
INS_F9BF58C90875,REQ_B22E7027066D,8,22760.0,v0.1
INS_F9BF58C90875,REQ_75F6B3151749,9,7360.0,v0.1
INS_F9BF58C90875,REQ_19D1EBA48A1F,10,8620.0,v0.1
INS_F9BF58C90875,REQ_48D36A98A645,11,5450.0,v0.1
INS_F9BF58C90875,REQ_4CC608F3275D,12,27300.0,v0.1
INS_F9BF58C90875,REQ_3214F41E8166,13,7730.0,v0.1
INS_3EBAB6E9C819,REQ_09CDC5B0FEDD,0,100.0,v0.1
INS_3EBAB6E9C819,REQ_38A567FF39CE,1,6170.0,v0.1
INS_3EBAB6E9C819,REQ_FC99ED55918D,2,30000.0,v0.1
INS_3EBAB6E9C819,REQ_6D285253A8DD,3,890.0,v0.1
INS_3EBAB6E9C819,REQ_C063698F1CAC,4,200.0,v0.1
INS_3EBAB6E9C819,REQ_44C14CB82361,5,690.0,v0.1
INS_3EBAB6E9C819,REQ_D61EB21A3152,6,20140.0,v0.1
INS_3EBAB6E9C819,REQ_35FEEF0563AE,7,200.0,v0.1
INS_3EBAB6E9C819,REQ_EF6C2CEACD30,8,350.0,v0.1
INS_3EBAB6E9C819,REQ_41C1F5538FFD,9,30000.0,v0.1
INS_3EBAB6E9C819,REQ_6A4957437689,10,30000.0,v0.1
INS_3EBAB6E9C819,REQ_D5F5BF035217,11,620.0,v0.1
INS_3EBAB6E9C819,REQ_77974F60BFEB,12,100.0,v0.1
INS_3EBAB6E9C819,REQ_C7EC93D31735,13,600.0,v0.1
INS_3EBAB6E9C819,REQ_628CA6BB9AF9,14,190.0,v0.1
INS_3EBAB6E9C819,REQ_5A0FEEFD9E93,15,2100.0,v0.1
INS_3EBAB6E9C819,REQ_13BAD31A1540,16,11580.0,v0.1
INS_3EBAB6E9C819,REQ_B4EDA466E992,17,200.0,v0.1
INS_3EBAB6E9C819,REQ_00572427D972,18,650.0,v0.1
INS_3EBAB6E9C819,REQ_4A88B2D4CDC4,19,7930.0,v0.1
INS_3EBAB6E9C819,REQ_EA4B1FCE5905,20,15410.0,v0.1
INS_3EBAB6E9C819,REQ_D87DA87E7FBC,21,100.0,v0.1
INS_3EBAB6E9C819,REQ_FD441287FCAD,22,360.0,v0.1
INS_3EBAB6E9C819,REQ_713ACE5C8CC9,23,7020.0,v0.1
INS_3EBAB6E9C819,REQ_89278A95248F,24,1040.0,v0.1
INS_3EBAB6E9C819,REQ_4E777567CD0E,25,1390.0,v0.1
INS_3EBAB6E9C819,REQ_C69BF894DD5F,26,200.0,v0.1
INS_3EBAB6E9C819,REQ_0118AB045DD5,27,1190.0,v0.1
INS_3EBAB6E9C819,REQ_1B8BC50B7360,28,30000.0,v0.1
INS_3EBAB6E9C819,REQ_0555C0C363F5,29,240.0,v0.1
INS_3EBAB6E9C819,REQ_C0F4CC2CC8A5,30,16280.000000000002,v0.1
INS_3EBAB6E9C819,REQ_00DC33F280E8,31,390.0,v0.1
INS_3EBAB6E9C819,REQ_BFD8993F28C1,32,1410.0,v0.1
INS_3EBAB6E9C819,REQ_9A1A9E46DD1F,33,1689.9999999999998,v0.1
INS_3EBAB6E9C819,REQ_81DB55CC2313,34,25350.0,v0.1
INS_3EBAB6E9C819,REQ_C4D6941179E4,35,800.0,v0.1
INS_3EBAB6E9C819,REQ_B3E208F413AC,36,400.0,v0.1
INS_3EBAB6E9C819,REQ_7DC86BDCBAD4,37,550.0,v0.1
INS_3EBAB6E9C819,REQ_F1F610F0C25B,38,300.0,v0.1
INS_3EBAB6E9C819,REQ_1DA436693D7C,39,6350.0,v0.1
INS_3EBAB6E9C819,REQ_4B55F52CF98A,40,30000.0,v0.1
INS_3EBAB6E9C819,REQ_18068B39D79E,41,7320.0,v0.1
INS_3EBAB6E9C819,REQ_68C31F1CAC2D,42,1050.0,v0.1
INS_756D94175137,REQ_73CBC764EEEC,0,690.0,v0.1
INS_756D94175137,REQ_E8FCE9BC99EE,1,1200.0,v0.1
INS_756D94175137,REQ_1F343B3882C1,2,4140.0,v0.1
INS_756D94175137,REQ_2F76328F8731,3,5800.0,v0.1
INS_756D94175137,REQ_96030E9D1CDC,4,320.0,v0.1
INS_756D94175137,REQ_68DDCDBC914D,5,229.99999999999997,v0.1
INS_756D94175137,REQ_F5C12B791F4A,6,3400.0,v0.1
INS_756D94175137,REQ_79D07701CE1A,7,3250.0,v0.1
INS_756D94175137,REQ_E5D3CCF2456F,8,990.0,v0.1
INS_756D94175137,REQ_CAB9F0507829,9,500.0,v0.1
INS_756D94175137,REQ_A9AF41556F7E,10,270.0,v0.1
INS_756D94175137,REQ_23181A7E163D,11,409.99999999999994,v0.1
INS_756D94175137,REQ_FB84760B64D3,12,340.0,v0.1
INS_756D94175137,REQ_0192D4CBCD57,13,4800.0,v0.1
INS_A6C2B6BE1747,REQ_902EA59ADF2F,0,11420.0,v0.1
INS_A6C2B6BE1747,REQ_B22A3E1AED63,1,30000.0,v0.1
INS_A6C2B6BE1747,REQ_9A78E2AAEB64,2,7530.0,v0.1
INS_A6C2B6BE1747,REQ_AEC1D6EBA813,3,710.0,v0.1
INS_A6C2B6BE1747,REQ_5F28BA2DC869,4,190.0,v0.1
INS_A6C2B6BE1747,REQ_9BF7772E4730,5,600.0,v0.1
INS_A6C2B6BE1747,REQ_ADF541D8DBFF,6,840.0,v0.1
INS_A6C2B6BE1747,REQ_7B989D723C97,7,8980.0,v0.1
INS_A6C2B6BE1747,REQ_1F9111FFA4E6,8,10770.0,v0.1
INS_5BE1C6CBF742,REQ_BB40FFB05E44,0,950.0,v0.1
INS_5BE1C6CBF742,REQ_E58F87640BB3,1,3400.0,v0.1
INS_5BE1C6CBF742,REQ_A11A4BE2914D,2,30000.0,v0.1
INS_5BE1C6CBF742,REQ_3019FC4E6768,3,30000.0,v0.1
INS_5BE1C6CBF742,REQ_10CA980B5C68,4,3679.9999999999995,v0.1
INS_5BE1C6CBF742,REQ_270DF3E06C07,5,850.0,v0.1
INS_5BE1C6CBF742,REQ_4E226E46BD15,6,6420.0,v0.1
INS_5BE1C6CBF742,REQ_F19A713C6415,7,11950.0,v0.1
INS_5BE1C6CBF742,REQ_CD75834B242C,8,2680.0,v0.1
INS_5BE1C6CBF742,REQ_7D9BA37A0AF5,9,1120.0,v0.1
INS_5BE1C6CBF742,REQ_5E3B4F669C76,10,17570.0,v0.1
INS_5BE1C6CBF742,REQ_BB45057A4676,11,490.0,v0.1
INS_5BE1C6CBF742,REQ_004CF960777F,12,1300.0,v0.1
INS_5BE1C6CBF742,REQ_6A666C8A9FB8,13,2980.0,v0.1
INS_5BE1C6CBF742,REQ_41154DCF7E92,14,630.0,v0.1
INS_5BE1C6CBF742,REQ_E64C64BD2F3F,15,5070.0,v0.1
INS_5BE1C6CBF742,REQ_CF57EB72A081,16,540.0,v0.1
INS_5BE1C6CBF742,REQ_F844FCCD4909,17,650.0,v0.1
INS_5BE1C6CBF742,REQ_95BDF451A4EB,18,919.9999999999999,v0.1
INS_5BE1C6CBF742,REQ_3B39CBDD9232,19,10610.0,v0.1
INS_5BE1C6CBF742,REQ_11C636F1AF96,20,30000.0,v0.1
INS_5BE1C6CBF742,REQ_596EA9602130,21,1020.0,v0.1
INS_5BE1C6CBF742,REQ_2F0310AE8F2B,22,22900.0,v0.1
INS_5BE1C6CBF742,REQ_C2BD83278770,23,3010.0,v0.1
INS_5BE1C6CBF742,REQ_4C1AEA972B6C,24,9030.0,v0.1
INS_63E98D410DD7,REQ_49197913057F,0,560.0,v0.1
INS_63E98D410DD7,REQ_527A718C1384,1,760.0,v0.1
INS_63E98D410DD7,REQ_ECEDA05FFEFD,2,9560.0,v0.1
INS_63E98D410DD7,REQ_F0E16C97A453,3,14469.999999999998,v0.1
INS_63E98D410DD7,REQ_FA9655C9124C,4,1700.0,v0.1
INS_63E98D410DD7,REQ_7333E6F03D75,5,680.0,v0.1
INS_63E98D410DD7,REQ_06503611AB30,6,580.0,v0.1
INS_63E98D410DD7,REQ_8A0F0CAD1E0C,7,620.0,v0.1
INS_63E98D410DD7,REQ_FD2D51B857D3,8,750.0,v0.1
INS_63E98D410DD7,REQ_7E4AADC31741,9,16110.0,v0.1
INS_63E98D410DD7,REQ_29C2581DC417,10,6630.0,v0.1
INS_63E98D410DD7,REQ_5A0116B54FAB,11,30000.0,v0.1
INS_63E98D410DD7,REQ_133429E73C0B,12,11280.0,v0.1
INS_63E98D410DD7,REQ_F80CCCF4BD1C,13,22620.0,v0.1
INS_63E98D410DD7,REQ_219D7623319C,14,1040.0,v0.1
INS_63E98D410DD7,REQ_E468AD6153E1,15,1190.0,v0.1
INS_63E98D410DD7,REQ_F57CDB79E84E,16,450.0,v0.1
INS_63E98D410DD7,REQ_328D6C90368A,17,22510.0,v0.1
INS_63E98D410DD7,REQ_BF6397D77EC9,18,4100.0,v0.1
INS_A30F271BBB24,REQ_DDEF03A9D2BE,0,1540.0,v0.1
INS_A30F271BBB24,REQ_2918109073A1,1,150.0,v0.1
INS_A30F271BBB24,REQ_04A9B2D1ED2B,2,80.0,v0.1
INS_A30F271BBB24,REQ_7BB4D8BAAC00,3,260.0,v0.1
INS_A30F271BBB24,REQ_5AE19FCE4E2E,4,350.0,v0.1
INS_A30F271BBB24,REQ_1FA8341375CB,5,20750.0,v0.1
INS_A30F271BBB24,REQ_F80A6CB03404,6,1360.0,v0.1
INS_A30F271BBB24,REQ_5DDF9DC24BB8,7,4670.0,v0.1
INS_A30F271BBB24,REQ_4D13BB1B1AD6,8,14219.999999999998,v0.1
INS_A30F271BBB24,REQ_C06D4C8F2F9C,9,2750.0,v0.1
INS_A30F271BBB24,REQ_FB5659796D56,10,5090.0,v0.1
INS_A30F271BBB24,REQ_80CBE4814F94,11,1019.9999999999999,v0.1
INS_A30F271BBB24,REQ_58EE350131C6,12,250.0,v0.1
INS_A30F271BBB24,REQ_7AF975463275,13,8000.0,v0.1
INS_A30F271BBB24,REQ_795EFBF97A63,14,2780.0,v0.1
INS_A30F271BBB24,REQ_EEC8A15A9D1C,15,1500.0,v0.1
INS_A30F271BBB24,REQ_E4400C321994,16,12810.0,v0.1
INS_A30F271BBB24,REQ_3CFBF1D6195C,17,350.0,v0.1
INS_A30F271BBB24,REQ_B1607214C86B,18,25020.0,v0.1
INS_A30F271BBB24,REQ_2AC1D31BA895,19,23720.0,v0.1
INS_A30F271BBB24,REQ_2F7B23B9BA13,20,26500.0,v0.1
INS_A30F271BBB24,REQ_C86BCCF82810,21,1480.0,v0.1
INS_A30F271BBB24,REQ_7FCC4E0BF2FC,22,15610.0,v0.1
INS_A30F271BBB24,REQ_3B3788E4B5E3,23,30000.0,v0.1
INS_A30F271BBB24,REQ_C0E3A072EB20,24,2490.0,v0.1
INS_A30F271BBB24,REQ_A147145290E4,25,23590.0,v0.1
INS_62053D642221,REQ_063349EDF7A9,0,5850.0,v0.1
INS_62053D642221,REQ_EAA3A1C55909,1,490.00000000000006,v0.1
INS_62053D642221,REQ_718B2D75DC8B,2,12300.0,v0.1
INS_62053D642221,REQ_8892D608CAD3,3,170.0,v0.1
INS_62053D642221,REQ_45E2AFB0FCBC,4,7940.0,v0.1
INS_62053D642221,REQ_A88BABB804D7,5,750.0,v0.1
INS_62053D642221,REQ_FB1DE32C2282,6,4050.0,v0.1
INS_62053D642221,REQ_DB92B564767F,7,4060.0,v0.1
INS_62053D642221,REQ_9D4E557935C4,8,2260.0,v0.1
INS_2FC91C8849E5,REQ_9B9FDA10C9FF,0,15470.0,v0.1
INS_2FC91C8849E5,REQ_9E6AB7BD0C27,1,3500.0,v0.1
INS_2FC91C8849E5,REQ_E72D4D79EFB4,2,8940.0,v0.1
INS_2FC91C8849E5,REQ_CD7298DD4844,3,4480.0,v0.1
INS_2FC91C8849E5,REQ_9B3683A21FA6,4,5120.0,v0.1
INS_2FC91C8849E5,REQ_C6E1B245C7B9,5,4060.0,v0.1
INS_2FC91C8849E5,REQ_4FD695384C49,6,1510.0,v0.1
INS_2FC91C8849E5,REQ_91BBEC068828,7,2080.0,v0.1
INS_2FC91C8849E5,REQ_ADC6BB92AF2D,8,400.0,v0.1
INS_2FC91C8849E5,REQ_BECE5B77B2FC,9,250.0,v0.1
INS_2FC91C8849E5,REQ_FE62BE30CA90,10,440.0,v0.1
INS_2FC91C8849E5,REQ_F1DDB36C319C,11,27020.0,v0.1
INS_2FC91C8849E5,REQ_875CBDA6B82D,12,2640.0,v0.1
INS_2FC91C8849E5,REQ_911747EB6570,13,400.0,v0.1
INS_2FC91C8849E5,REQ_59EB36629AFB,14,3320.0000000000005,v0.1
INS_2FC91C8849E5,REQ_473DEBEE7EA4,15,390.0,v0.1
INS_2FC91C8849E5,REQ_BA715687CED5,16,1689.9999999999998,v0.1
INS_2FC91C8849E5,REQ_AFB3C34904FF,17,1800.0,v0.1
INS_2FC91C8849E5,REQ_3EF59E59B850,18,30000.0,v0.1
INS_2FC91C8849E5,REQ_D75A61837C24,19,30000.0,v0.1
INS_2FC91C8849E5,REQ_450F516B7F92,20,24480.0,v0.1
INS_2FC91C8849E5,REQ_64B2FA64A8E9,21,360.0,v0.1
INS_2FC91C8849E5,REQ_87C8D193AE60,22,1700.0,v0.1
INS_2FC91C8849E5,REQ_0E96456F579F,23,1530.0,v0.1
INS_2FC91C8849E5,REQ_C45C14637CE8,24,9130.0,v0.1
INS_2FC91C8849E5,REQ_1E645F55E003,25,30000.0,v0.1
INS_2FC91C8849E5,REQ_77C46242238B,26,4010.0,v0.1
INS_2FC91C8849E5,REQ_8C91A671E2C7,27,1550.0,v0.1
INS_2FC91C8849E5,REQ_700BC791EE95,28,2920.0,v0.1
INS_2FC91C8849E5,REQ_A3C28D695FC8,29,12200.0,v0.1
INS_2FC91C8849E5,REQ_CDAF135E6912,30,1190.0,v0.1
INS_2FC91C8849E5,REQ_156DE3042AB4,31,21090.0,v0.1
INS_2FC91C8849E5,REQ_0A23061C7D9F,32,1780.0,v0.1
INS_2FC91C8849E5,REQ_86D686705C0F,33,15160.0,v0.1
INS_2FC91C8849E5,REQ_B1990723AB37,34,9230.0,v0.1
INS_2FC91C8849E5,REQ_CBF58E72451A,35,3500.0,v0.1
INS_2FC91C8849E5,REQ_B795509A6AD6,36,4140.0,v0.1
INS_2FC91C8849E5,REQ_46F1505D7A04,37,120.0,v0.1
INS_2FC91C8849E5,REQ_DB8400A97D20,38,540.0,v0.1
INS_2FC91C8849E5,REQ_EA8E97D9DF37,39,7300.0,v0.1
INS_2FC91C8849E5,REQ_B650AD5B3EA7,40,30000.0,v0.1
INS_2FC91C8849E5,REQ_4A4F5FCD9C49,41,2700.0,v0.1
INS_2FC91C8849E5,REQ_407C5E560780,42,350.0,v0.1
INS_2FC91C8849E5,REQ_DEFCF33777E9,43,30000.0,v0.1
INS_2FC91C8849E5,REQ_58F8DF61446F,44,17450.0,v0.1
INS_2FC91C8849E5,REQ_199CBF629B59,45,12400.0,v0.1
INS_2FC91C8849E5,REQ_538428BF3184,46,30000.0,v0.1
INS_2FC91C8849E5,REQ_AB49192F8FF8,47,7390.0,v0.1
INS_2FC91C8849E5,REQ_DBFE7B6B3E17,48,22700.0,v0.1
INS_95534C953456,REQ_AB119BD1E7F9,0,1600.0,v0.1
INS_95534C953456,REQ_1036141D1F6E,1,30000.0,v0.1
INS_95534C953456,REQ_910EF5E8A86C,2,30000.0,v0.1
INS_95534C953456,REQ_1FDDF8133AEB,3,340.0,v0.1
INS_95534C953456,REQ_98880DC8311E,4,1060.0,v0.1
INS_95534C953456,REQ_0AB16D87F321,5,30000.0,v0.1
INS_95534C953456,REQ_BE473D1D271C,6,1610.0,v0.1
INS_95534C953456,REQ_15176685C7C2,7,1570.0,v0.1
INS_95534C953456,REQ_9575D1B45F37,8,3640.0,v0.1
INS_95534C953456,REQ_9F6B2B91C071,9,6320.0,v0.1
INS_95534C953456,REQ_0725631EE135,10,1120.0,v0.1
INS_95534C953456,REQ_3D6392367D67,11,80.0,v0.1
INS_95534C953456,REQ_34E234ECB20D,12,8810.0,v0.1
INS_95534C953456,REQ_690F8408AA59,13,1340.0,v0.1
INS_95534C953456,REQ_EDDE4FF86DD8,14,30000.0,v0.1
INS_95534C953456,REQ_9AF4E931C439,15,390.0,v0.1
INS_95534C953456,REQ_4D347C31A3BB,16,14480.0,v0.1
INS_95534C953456,REQ_016C70E7D369,17,20060.0,v0.1
INS_95534C953456,REQ_98FBCA92590A,18,23720.0,v0.1
INS_95534C953456,REQ_3F3A50D09B12,19,30000.0,v0.1
INS_95534C953456,REQ_A42CB6853A47,20,16370.0,v0.1
INS_95534C953456,REQ_49A198C42451,21,930.0,v0.1
INS_861078A621D1,REQ_6E4026FF09BA,0,10710.0,v0.1
INS_861078A621D1,REQ_CE3A8357EAAC,1,7390.0,v0.1
INS_861078A621D1,REQ_EE23D3B4EC60,2,21570.0,v0.1
INS_861078A621D1,REQ_84D332BA537D,3,30000.0,v0.1
INS_861078A621D1,REQ_A2F5674B3944,4,30000.0,v0.1
INS_861078A621D1,REQ_FFD532B57ADE,5,1450.0,v0.1
INS_861078A621D1,REQ_9FBADAA6EDAF,6,540.0,v0.1
INS_861078A621D1,REQ_445D495BC187,7,30000.0,v0.1
INS_861078A621D1,REQ_42093B519BB9,8,350.0,v0.1
INS_861078A621D1,REQ_AC4BF3E08B16,9,18200.0,v0.1
INS_861078A621D1,REQ_858A3D612A19,10,730.0,v0.1
INS_861078A621D1,REQ_0849E0B7C64C,11,3250.0,v0.1
INS_861078A621D1,REQ_90151F64AC94,12,5220.0,v0.1
INS_861078A621D1,REQ_459687CDF5B6,13,1900.0,v0.1
INS_861078A621D1,REQ_1AAE7D57F946,14,20460.0,v0.1
INS_861078A621D1,REQ_4B0A4390A0CA,15,30000.0,v0.1
INS_861078A621D1,REQ_A31B3EEC2158,16,4290.0,v0.1
INS_89DB14476876,REQ_FA854B6A24BB,0,3080.0,v0.1
INS_89DB14476876,REQ_C61F39DD7693,1,530.0,v0.1
INS_89DB14476876,REQ_3A4B2BD6B7EC,2,12230.0,v0.1
INS_89DB14476876,REQ_6CC4A63481A3,3,1650.0,v0.1
INS_89DB14476876,REQ_CC91CE37531E,4,1150.0,v0.1
INS_89DB14476876,REQ_5EA1C03BF0BD,5,1000.0,v0.1
INS_89DB14476876,REQ_55CAB75C3742,6,1900.0,v0.1
INS_89DB14476876,REQ_DF8051441D8C,7,7840.0,v0.1
INS_89DB14476876,REQ_CACCFFA6C285,8,1300.0,v0.1
INS_89DB14476876,REQ_603FE457AA6D,9,630.0,v0.1
INS_89DB14476876,REQ_C98CA32DC4EA,10,28200.0,v0.1
INS_89DB14476876,REQ_D264DD7C8685,11,1470.0,v0.1
INS_89DB14476876,REQ_CDA766981EE8,12,350.0,v0.1
INS_89DB14476876,REQ_2E27C3D89D5B,13,850.0,v0.1
INS_89DB14476876,REQ_7259A5C96160,14,440.00000000000006,v0.1
INS_89DB14476876,REQ_A26B6FEF822D,15,420.0,v0.1
INS_89DB14476876,REQ_EFBC537FB075,16,600.0,v0.1
INS_89DB14476876,REQ_DEF12EC898CB,17,1190.0,v0.1
INS_89DB14476876,REQ_DF4FEF42398B,18,30000.0,v0.1
INS_89DB14476876,REQ_1D514E57E642,19,11180.0,v0.1
INS_89DB14476876,REQ_2DB52ECE2200,20,13510.0,v0.1
INS_89DB14476876,REQ_8ACAEAF557AB,21,29120.0,v0.1
INS_1295760AE532,REQ_B132B9B954CC,0,14880.0,v0.1
INS_1295760AE532,REQ_8DC0C2ACA068,1,26400.0,v0.1
INS_1295760AE532,REQ_7465C62DC3B8,2,470.0,v0.1
INS_1295760AE532,REQ_9A3F60AE3442,3,440.00000000000006,v0.1
INS_1295760AE532,REQ_E3FEBBEF5A67,4,16900.0,v0.1
INS_1295760AE532,REQ_B58A3FA98648,5,740.0,v0.1
INS_1295760AE532,REQ_9E267758F73F,6,540.0,v0.1
INS_1295760AE532,REQ_0F5C2CFA903B,7,910.0,v0.1
INS_1295760AE532,REQ_EB6E83594F68,8,30000.0,v0.1
INS_1295760AE532,REQ_AC114D89BEA6,9,25030.0,v0.1
INS_1295760AE532,REQ_A9EE5C7C0616,10,30000.0,v0.1
INS_1295760AE532,REQ_EF3831408BF9,11,5000.0,v0.1
INS_1295760AE532,REQ_EE9414884AAF,12,560.0,v0.1
INS_1295760AE532,REQ_79CF965F0204,13,18570.0,v0.1
INS_AE3A654E7949,REQ_A7A1D7D67BE2,0,5180.0,v0.1
INS_AE3A654E7949,REQ_2622823E4C78,1,10280.0,v0.1
INS_AE3A654E7949,REQ_7E26DC947AF9,2,5200.0,v0.1
INS_AE3A654E7949,REQ_19570161CB3F,3,21300.0,v0.1
INS_AE3A654E7949,REQ_6217CB90D17D,4,1250.0,v0.1
INS_AE3A654E7949,REQ_B5C327D4FC88,5,8310.0,v0.1
INS_AE3A654E7949,REQ_245DC516D715,6,950.0,v0.1
INS_AE3A654E7949,REQ_95F0B40C9F28,7,23040.0,v0.1
INS_AE3A654E7949,REQ_136259320047,8,350.0,v0.1
INS_AE3A654E7949,REQ_179788FD7CAC,9,940.0,v0.1
INS_AE3A654E7949,REQ_5FACF4D2989E,10,1590.0,v0.1
INS_AE3A654E7949,REQ_81A328FEA3FB,11,100.0,v0.1
INS_AE3A654E7949,REQ_76254D26CEA7,12,760.0,v0.1
INS_AE3A654E7949,REQ_A2DDA13F4967,13,2050.0,v0.1
INS_AE3A654E7949,REQ_8BB068591534,14,7830.0,v0.1
INS_AE3A654E7949,REQ_EE447F625BA1,15,9020.0,v0.1
INS_AE3A654E7949,REQ_114934A131E7,16,1700.0,v0.1
INS_D1FEDFD6C292,REQ_68B395247C4C,0,20090.0,v0.1
INS_D1FEDFD6C292,REQ_9151580AA58F,1,28610.0,v0.1
INS_D1FEDFD6C292,REQ_7EFA0424D8BD,2,30000.0,v0.1
INS_D1FEDFD6C292,REQ_06344F6728CD,3,200.0,v0.1
INS_D1FEDFD6C292,REQ_F4A5532F36CC,4,30000.0,v0.1
INS_D1FEDFD6C292,REQ_6405019A3E7D,5,90.0,v0.1
INS_D1FEDFD6C292,REQ_53DA46FB9FED,6,3450.0,v0.1
INS_D1FEDFD6C292,REQ_1F2F30F4390B,7,810.0,v0.1
INS_F94D5FA85177,REQ_2470033E23AC,0,1420.0,v0.1
INS_F94D5FA85177,REQ_C3620844B984,1,1710.0,v0.1
INS_F94D5FA85177,REQ_8455D78F4889,2,16020.0,v0.1
INS_F94D5FA85177,REQ_F70416EDC880,3,760.0,v0.1
INS_F94D5FA85177,REQ_CF84C10CE761,4,970.0,v0.1
INS_F94D5FA85177,REQ_C5193CFD2049,5,440.00000000000006,v0.1
INS_F94D5FA85177,REQ_59ED2270B5E4,6,30000.0,v0.1
INS_F94D5FA85177,REQ_67F759BC9301,7,2250.0,v0.1
INS_F94D5FA85177,REQ_56C0EDF359BF,8,22010.0,v0.1
INS_F94D5FA85177,REQ_69A126A58F29,9,15730.0,v0.1
INS_F94D5FA85177,REQ_A1FA2BFC08DC,10,1670.0,v0.1
INS_F94D5FA85177,REQ_3EF9610E9B43,11,1900.0,v0.1
INS_F94D5FA85177,REQ_7180C248476C,12,5450.0,v0.1
INS_F94D5FA85177,REQ_B61153844BFD,13,29730.0,v0.1
INS_F94D5FA85177,REQ_CF7546D61E6C,14,700.0,v0.1
INS_F94D5FA85177,REQ_3D5463A906AB,15,950.0,v0.1
INS_F94D5FA85177,REQ_4B6333264667,16,210.0,v0.1
INS_F94D5FA85177,REQ_6D5A6F56497D,17,110.00000000000001,v0.1
INS_F94D5FA85177,REQ_6231A76A78E9,18,30000.0,v0.1
INS_F94D5FA85177,REQ_C51BF3D5F2D0,19,9310.0,v0.1
INS_F94D5FA85177,REQ_DBBAD359FF9B,20,20740.0,v0.1
INS_F94D5FA85177,REQ_FB40A8B576BC,21,30000.0,v0.1
INS_E4C9EB3563D5,REQ_85FDF1AFC136,0,2270.0,v0.1
INS_E4C9EB3563D5,REQ_30254A566AF7,1,1130.0,v0.1
INS_E4C9EB3563D5,REQ_63A63052AE6B,2,850.0,v0.1
INS_E4C9EB3563D5,REQ_07A752F2ACBB,3,3720.0,v0.1
INS_E4C9EB3563D5,REQ_F62EDD0DABF2,4,880.0000000000001,v0.1
INS_E4C9EB3563D5,REQ_C89011BB7B30,5,9540.0,v0.1
INS_E4C9EB3563D5,REQ_CB18E8BFDCFE,6,28610.0,v0.1
INS_E4C9EB3563D5,REQ_5F20FB2E6306,7,2060.0,v0.1
INS_60DA5A321315,REQ_530E5E1B31D7,0,600.0,v0.1
INS_60DA5A321315,REQ_B59F82F14BB3,1,15560.0,v0.1
INS_60DA5A321315,REQ_B559AF0C9A58,2,2950.0,v0.1
INS_60DA5A321315,REQ_71009FCFBC12,3,15250.0,v0.1
INS_60DA5A321315,REQ_1D76437D352A,4,14360.0,v0.1
INS_60DA5A321315,REQ_75506E6C2CDD,5,6200.0,v0.1
INS_60DA5A321315,REQ_0182BC8443F3,6,12740.0,v0.1
INS_60DA5A321315,REQ_37CCCB5E2994,7,600.0,v0.1
INS_60DA5A321315,REQ_D876449D3452,8,350.0,v0.1
INS_60DA5A321315,REQ_5FFD1D4FC19F,9,30000.0,v0.1
INS_60DA5A321315,REQ_C206D7569A93,10,6700.0,v0.1
INS_60DA5A321315,REQ_A0D0C90042B2,11,760.0,v0.1
INS_60DA5A321315,REQ_275A80C5EBFB,12,2700.0,v0.1
INS_60DA5A321315,REQ_964F1A4B76C6,13,23860.0,v0.1
INS_60DA5A321315,REQ_5FE59CE0BCA5,14,30000.0,v0.1
INS_60DA5A321315,REQ_BB6E03D6D18F,15,2650.0,v0.1
INS_60DA5A321315,REQ_0DE4D0A0B5D9,16,2120.0,v0.1
INS_60DA5A321315,REQ_752DC23A6AB4,17,2160.0,v0.1
INS_60DA5A321315,REQ_B71498FF9855,18,7900.0,v0.1
INS_60DA5A321315,REQ_B24AD4FCAB76,19,8470.0,v0.1
INS_60DA5A321315,REQ_B8A5AEAFA396,20,9110.0,v0.1
INS_60DA5A321315,REQ_691C1EFB70AA,21,8800.0,v0.1
INS_60DA5A321315,REQ_6615873864EB,22,2230.0,v0.1
INS_60DA5A321315,REQ_5B9B6871725A,23,150.0,v0.1
INS_60DA5A321315,REQ_83F89A3E50BE,24,600.0,v0.1
INS_60DA5A321315,REQ_3A891172DD39,25,290.0,v0.1
INS_60DA5A321315,REQ_33A0149B26CD,26,680.0,v0.1
INS_60DA5A321315,REQ_11F960B681FE,27,9760.0,v0.1
INS_60DA5A321315,REQ_0F9720CACE4A,28,25200.0,v0.1
INS_60DA5A321315,REQ_9D4E557935C4,29,2260.0,v0.1
INS_60DA5A321315,REQ_E67C0942089D,30,3170.0,v0.1
INS_60DA5A321315,REQ_D4728125444D,31,2330.0,v0.1
INS_60DA5A321315,REQ_9FDB5AEFCC1C,32,3610.0,v0.1
INS_60DA5A321315,REQ_68170BAEFA2F,33,400.0,v0.1
INS_60DA5A321315,REQ_5A906F68AC18,34,30000.0,v0.1
INS_60DA5A321315,REQ_B2C52C7A9EE7,35,30000.0,v0.1
INS_60DA5A321315,REQ_822594659D2A,36,21570.0,v0.1
INS_60DA5A321315,REQ_D1CEE522207E,37,20390.0,v0.1
INS_60DA5A321315,REQ_91C167C973E8,38,12770.0,v0.1
INS_60DA5A321315,REQ_2383F520E69F,39,10770.0,v0.1
INS_60DA5A321315,REQ_18F429A29A96,40,9500.0,v0.1
INS_60DA5A321315,REQ_EB1DBF3C8D0D,41,9670.0,v0.1
INS_60DA5A321315,REQ_170E89A4DA47,42,490.00000000000006,v0.1
INS_60DA5A321315,REQ_F5A58A4D98B0,43,250.0,v0.1
INS_60DA5A321315,REQ_6AD4C56348A3,44,869.9999999999999,v0.1
INS_60DA5A321315,REQ_C5500582E5BA,45,20320.0,v0.1
INS_60DA5A321315,REQ_35A4F08531BE,46,15770.0,v0.1
INS_60DA5A321315,REQ_DF400713ED01,47,25690.0,v0.1
INS_60DA5A321315,REQ_8D60E55EAABE,48,7540.0,v0.1
INS_60DA5A321315,REQ_563348E6718F,49,90.0,v0.1
INS_60DA5A321315,REQ_3C2B21F62C6D,50,9280.0,v0.1
INS_60DA5A321315,REQ_E29227DA7391,51,10900.0,v0.1
INS_60DA5A321315,REQ_5C9C01CF9384,52,18000.0,v0.1
INS_60DA5A321315,REQ_E0255A5C0DF1,53,480.0,v0.1
INS_60DA5A321315,REQ_718B2D75DC8B,54,12300.0,v0.1
INS_60DA5A321315,REQ_5E4D1C424DD5,55,2350.0,v0.1
INS_60DA5A321315,REQ_1711CFB221A3,56,150.0,v0.1
INS_60DA5A321315,REQ_D9877C912AAD,57,30000.0,v0.1
INS_60DA5A321315,REQ_5008355BBFAA,58,9900.0,v0.1
INS_60DA5A321315,REQ_603B8B8310C6,59,12430.0,v0.1
INS_081A161297EB,REQ_D0B86E2A901A,0,2250.0,v0.1
INS_081A161297EB,REQ_D8D6AA6EB80E,1,260.0,v0.1
INS_081A161297EB,REQ_1A4FA8D357D9,2,880.0000000000001,v0.1
INS_081A161297EB,REQ_A707B317F644,3,3260.0,v0.1
INS_081A161297EB,REQ_2BFD3722DA71,4,2200.0,v0.1
INS_081A161297EB,REQ_BB3520B61CF6,5,2400.0,v0.1
INS_081A161297EB,REQ_BCFA7A6F34C3,6,250.0,v0.1
INS_081A161297EB,REQ_1F629C391A0D,7,500.0,v0.1
INS_081A161297EB,REQ_4043491554D9,8,300.0,v0.1
INS_081A161297EB,REQ_BB97021B8045,9,500.0,v0.1
INS_081A161297EB,REQ_2A99F7A3039B,10,640.0,v0.1
INS_5FFA632757D6,REQ_8A0F0CAD1E0C,0,620.0,v0.1
INS_5FFA632757D6,REQ_7365F21B65DA,1,24970.0,v0.1
INS_5FFA632757D6,REQ_6210C4F00820,2,13840.0,v0.1
INS_5FFA632757D6,REQ_E989CFFC443D,3,2780.0,v0.1
INS_5FFA632757D6,REQ_16F1662D0E6E,4,12870.0,v0.1
INS_5FFA632757D6,REQ_90C24A4CE2ED,5,1200.0,v0.1
INS_5FFA632757D6,REQ_03CEAE361DE4,6,780.0,v0.1
INS_5FFA632757D6,REQ_7B27679BEFC9,7,30000.0,v0.1
INS_5FFA632757D6,REQ_D284E417C683,8,21440.0,v0.1
INS_5FFA632757D6,REQ_286ED325E320,9,210.0,v0.1
INS_5FFA632757D6,REQ_76A8508D7FBC,10,1850.0,v0.1
INS_5FFA632757D6,REQ_FA9655C9124C,11,1700.0,v0.1
INS_5FFA632757D6,REQ_520B0A353A53,12,5900.0,v0.1
INS_5FFA632757D6,REQ_5E1E2C62FD11,13,229.99999999999997,v0.1
INS_5FFA632757D6,REQ_78C983D7B66F,14,4610.0,v0.1
INS_5FFA632757D6,REQ_F0E16C97A453,15,14469.999999999998,v0.1
INS_5FFA632757D6,REQ_2D4C758C72D5,16,550.0,v0.1
INS_5FFA632757D6,REQ_EB39532344D7,17,800.0,v0.1
INS_5FFA632757D6,REQ_DDDA94FA0143,18,750.0,v0.1
INS_5FFA632757D6,REQ_FBF869BF05E9,19,6500.0,v0.1
INS_5FFA632757D6,REQ_EEFFA63568B2,20,30000.0,v0.1
INS_5FFA632757D6,REQ_11ED1F304A0A,21,950.0,v0.1
INS_5FFA632757D6,REQ_D2BF7BF2541C,22,490.0,v0.1
INS_5FFA632757D6,REQ_D4CEC3E2F888,23,560.0,v0.1
INS_5FFA632757D6,REQ_40BD15A6223B,24,2120.0,v0.1
INS_5FFA632757D6,REQ_F33BD3F99FDA,25,30000.0,v0.1
INS_5FFA632757D6,REQ_46033AFFCE16,26,1450.0,v0.1
INS_5FFA632757D6,REQ_7333E6F03D75,27,680.0,v0.1
INS_5FFA632757D6,REQ_A513D9D381C3,28,1490.0,v0.1
INS_5FFA632757D6,REQ_2BB67122F69A,29,490.00000000000006,v0.1
INS_D7AD9E090E86,REQ_535A89AE4EE2,0,600.0,v0.1
INS_D7AD9E090E86,REQ_3C1D26F90403,1,880.0,v0.1
INS_D7AD9E090E86,REQ_C299343B809A,2,1700.0,v0.1
INS_D7AD9E090E86,REQ_1D92AD7AAE03,3,560.0,v0.1
INS_D7AD9E090E86,REQ_9752E0D58EE9,4,600.0,v0.1
INS_D7AD9E090E86,REQ_2D5131F46F0A,5,250.0,v0.1
INS_D7AD9E090E86,REQ_FBCA80440A8F,6,810.0,v0.1
INS_D7AD9E090E86,REQ_E1C32303012C,7,30000.0,v0.1
INS_D7AD9E090E86,REQ_1D1E0D097410,8,810.0,v0.1
INS_D7AD9E090E86,REQ_43D07903B09C,9,940.0,v0.1
INS_5659AC9F3665,REQ_29335C4DBAB9,0,2840.0,v0.1
INS_5659AC9F3665,REQ_947A1567F815,1,8350.0,v0.1
INS_5659AC9F3665,REQ_BAA2A230308F,2,12200.0,v0.1
INS_5659AC9F3665,REQ_69CD4BD9897C,3,9200.0,v0.1
INS_5659AC9F3665,REQ_82AF5BB9D7B9,4,520.0,v0.1
INS_5659AC9F3665,REQ_80ADCD5A6650,5,1450.0,v0.1
INS_5659AC9F3665,REQ_134F5D52C603,6,1200.0,v0.1
INS_5659AC9F3665,REQ_93A0A5A6F8B1,7,540.0,v0.1
INS_5659AC9F3665,REQ_B54CD52418B6,8,1380.0,v0.1
INS_5659AC9F3665,REQ_DFD18D716C00,9,1260.0,v0.1
INS_5659AC9F3665,REQ_4495EC0A7F80,10,16170.000000000002,v0.1
INS_5659AC9F3665,REQ_BA7F1AC55A6C,11,1520.0,v0.1
INS_5659AC9F3665,REQ_801D64AD305C,12,21930.0,v0.1
INS_9BE45C179F94,REQ_95EF0D729B51,0,7250.0,v0.1
INS_9BE45C179F94,REQ_81B83C42F326,1,1270.0,v0.1
INS_9BE45C179F94,REQ_597B26ECABD1,2,950.0,v0.1
INS_9BE45C179F94,REQ_BE457C8BA936,3,480.0,v0.1
INS_9BE45C179F94,REQ_619FAFCDA569,4,16960.0,v0.1
INS_9BE45C179F94,REQ_7CC86299D9BD,5,6540.0,v0.1
INS_9BE45C179F94,REQ_1536A79B1A40,6,17760.0,v0.1
INS_9BE45C179F94,REQ_AC9172A4F424,7,8750.0,v0.1
INS_9BE45C179F94,REQ_E5DF2F39319E,8,1140.0,v0.1
INS_9BE45C179F94,REQ_EDB7925E26D5,9,1380.0,v0.1
INS_9BE45C179F94,REQ_77DCCAB6157B,10,7580.0,v0.1
INS_9BE45C179F94,REQ_71EA7B67D8C7,11,30000.0,v0.1
INS_0927E5C1C30F,REQ_14A765D1D8D4,0,350.0,v0.1
INS_0927E5C1C30F,REQ_3C89B1A36E12,1,250.0,v0.1
INS_0927E5C1C30F,REQ_96E2FB5E9D76,2,3590.0,v0.1
INS_0927E5C1C30F,REQ_79E5EE3A9349,3,1050.0,v0.1
INS_0927E5C1C30F,REQ_AC90D3309E9E,4,3960.0,v0.1
INS_0927E5C1C30F,REQ_3395C40FF298,5,4270.0,v0.1
INS_0927E5C1C30F,REQ_13AFDD294EED,6,4600.0,v0.1
INS_0927E5C1C30F,REQ_49F086B40766,7,450.0,v0.1
INS_0927E5C1C30F,REQ_B9AA29F2C1E2,8,300.0,v0.1
INS_0927E5C1C30F,REQ_799C2A05A058,9,4200.0,v0.1
INS_0927E5C1C30F,REQ_DD1AC960FA3E,10,1970.0,v0.1
INS_0927E5C1C30F,REQ_9FAC20421B31,11,2660.0,v0.1
INS_0927E5C1C30F,REQ_6BAADC4B018C,12,920.0,v0.1
INS_0927E5C1C30F,REQ_D0A725E255B0,13,280.0,v0.1
INS_0927E5C1C30F,REQ_B524AB0785F2,14,550.0,v0.1
INS_0927E5C1C30F,REQ_CD52DC75D0B8,15,2630.0,v0.1
INS_0927E5C1C30F,REQ_D0B3332A1794,16,4780.0,v0.1
INS_0927E5C1C30F,REQ_3064060B9402,17,5630.0,v0.1
INS_0927E5C1C30F,REQ_0424F44EED53,18,24760.0,v0.1
INS_0927E5C1C30F,REQ_13003F4B14EC,19,3560.0,v0.1
INS_32832C894569,REQ_F6A7D1C54788,0,190.0,v0.1
INS_32832C894569,REQ_521CE742FA9A,1,30000.0,v0.1
INS_32832C894569,REQ_24E163C10E99,2,1650.0,v0.1
INS_32832C894569,REQ_6CFDEE2AF5E9,3,8760.0,v0.1
INS_32832C894569,REQ_85F2FCE5114B,4,990.0,v0.1
INS_32832C894569,REQ_68780C4BC708,5,22480.0,v0.1
INS_32832C894569,REQ_A2FDBC2B9E39,6,1100.0,v0.1
INS_32832C894569,REQ_366D09DDA117,7,600.0,v0.1
INS_32832C894569,REQ_5CDD92272871,8,1240.0,v0.1
INS_DF9704BB8EC9,REQ_98C7BAA7FCF7,0,470.0,v0.1
INS_DF9704BB8EC9,REQ_28850EC37A99,1,130.0,v0.1
INS_DF9704BB8EC9,REQ_E3AAFE0EC04A,2,1019.9999999999999,v0.1
INS_DF9704BB8EC9,REQ_262170D45873,3,30000.0,v0.1
INS_DF9704BB8EC9,REQ_E6CE8DB9C99F,4,980.0000000000001,v0.1
INS_DF9704BB8EC9,REQ_58993B7E1E27,5,25980.0,v0.1
INS_DF9704BB8EC9,REQ_25C23BF806CF,6,30000.0,v0.1
INS_DF9704BB8EC9,REQ_9DEFCBE3FC70,7,30000.0,v0.1
INS_DF9704BB8EC9,REQ_5EFD2D8C82E0,8,1300.0,v0.1
INS_DF9704BB8EC9,REQ_7EA5F156BB9A,9,9850.0,v0.1
INS_DF9704BB8EC9,REQ_765EA4533B55,10,3020.0,v0.1
INS_DF9704BB8EC9,REQ_8C7568C59D23,11,13400.0,v0.1
INS_DF9704BB8EC9,REQ_48C5BDC6BA5F,12,650.0,v0.1
INS_DF9704BB8EC9,REQ_D224D4801982,13,30000.0,v0.1
INS_DF9704BB8EC9,REQ_06290EE638B1,14,730.0,v0.1
INS_DF9704BB8EC9,REQ_5F90C05785D5,15,30000.0,v0.1
INS_DF9704BB8EC9,REQ_11C0A6BD3E3C,16,22210.0,v0.1
INS_DF9704BB8EC9,REQ_097C96B1C5E8,17,4950.0,v0.1
INS_DF9704BB8EC9,REQ_2D08D6C69763,18,30000.0,v0.1
INS_DF9704BB8EC9,REQ_6043FAEB8580,19,26830.0,v0.1
INS_DF9704BB8EC9,REQ_0D7272854519,20,1960.0,v0.1
INS_DF9704BB8EC9,REQ_C167B6869083,21,30275.0,v0.1
INS_DF9704BB8EC9,REQ_20872A64C229,22,30000.0,v0.1
INS_B96AC338407B,REQ_62BD6B2293D9,0,2950.0,v0.1
INS_B96AC338407B,REQ_4971558714ED,1,9840.0,v0.1
INS_B96AC338407B,REQ_7B01A281DEFD,2,30000.0,v0.1
INS_B96AC338407B,REQ_CA1A96BB6F22,3,100.0,v0.1
INS_B96AC338407B,REQ_7150FF9687EA,4,2360.0,v0.1
INS_B96AC338407B,REQ_E1CFFB6A5C4A,5,26080.0,v0.1
INS_B96AC338407B,REQ_71433A9B30DA,6,10150.0,v0.1
INS_B96AC338407B,REQ_D3146DE0C77B,7,120.0,v0.1
INS_B96AC338407B,REQ_BB2916434493,8,3650.0,v0.1
INS_B96AC338407B,REQ_6D4EBC560502,9,409.99999999999994,v0.1
INS_B96AC338407B,REQ_3E0777A66585,10,700.0,v0.1
INS_B96AC338407B,REQ_EAF4F097283A,11,770.0,v0.1
INS_B83F72A705FD,REQ_FBC635A4F6FB,0,350.0,v0.1
INS_B83F72A705FD,REQ_F988F39FB6D5,1,3930.0,v0.1
INS_B83F72A705FD,REQ_64775AFC2C62,2,760.0,v0.1
INS_B83F72A705FD,REQ_56A371C38C26,3,500.0,v0.1
INS_B83F72A705FD,REQ_C1FE9B8F1C2E,4,30000.0,v0.1
INS_B83F72A705FD,REQ_0E802F6D3E94,5,560.0,v0.1
INS_B83F72A705FD,REQ_1293F7BC93F8,6,3500.0,v0.1
INS_B83F72A705FD,REQ_A613CB4EE918,7,3360.0,v0.1
INS_B83F72A705FD,REQ_A9404664AC9B,8,1250.0,v0.1
INS_B83F72A705FD,REQ_E311471C8094,9,13340.0,v0.1
INS_B83F72A705FD,REQ_E6912FCE5823,10,17750.0,v0.1
INS_B83F72A705FD,REQ_7D67A8C0805D,11,9140.0,v0.1
INS_B83F72A705FD,REQ_5C6D15B968E4,12,3730.0,v0.1
INS_B83F72A705FD,REQ_61C5B70AF4B9,13,30000.0,v0.1
INS_B83F72A705FD,REQ_B1430D5E56E0,14,350.0,v0.1
INS_B83F72A705FD,REQ_AA16510FC3D3,15,3900.0,v0.1
INS_B83F72A705FD,REQ_38CAD479D17A,16,300.0,v0.1
INS_B83F72A705FD,REQ_660945C8F774,17,2700.0,v0.1
INS_B83F72A705FD,REQ_8785953FF539,18,170.0,v0.1
INS_DDAA80942B48,REQ_98671A3B10FE,0,26220.0,v0.1
INS_DDAA80942B48,REQ_7F75A1557476,1,19110.0,v0.1
INS_DDAA80942B48,REQ_D124E8853BB5,2,680.0,v0.1
INS_DDAA80942B48,REQ_CD9D458A3DCC,3,250.0,v0.1
INS_DDAA80942B48,REQ_9A516F309BC5,4,30000.0,v0.1
INS_DDAA80942B48,REQ_672A76195622,5,3600.0,v0.1
INS_DDAA80942B48,REQ_2EC23AC35B9F,6,130.0,v0.1
INS_DDAA80942B48,REQ_F3762DC3816D,7,210.0,v0.1
INS_DDAA80942B48,REQ_582E3E3A3459,8,550.0,v0.1
INS_DDAA80942B48,REQ_44C8E7AC232E,9,3020.0,v0.1
INS_DDAA80942B48,REQ_58B23C59D7CC,10,3990.0,v0.1
INS_DDAA80942B48,REQ_91EA61165B56,11,26400.0,v0.1
INS_E2C0E8971863,REQ_3BA609D24409,0,2300.0,v0.1
INS_E2C0E8971863,REQ_03CEAE361DE4,1,780.0,v0.1
INS_E2C0E8971863,REQ_0968CD30F290,2,30000.0,v0.1
INS_E2C0E8971863,REQ_2E69D4A1E624,3,1030.0,v0.1
INS_E2C0E8971863,REQ_2BB67122F69A,4,490.00000000000006,v0.1
INS_E2C0E8971863,REQ_C0378C0E1A9A,5,340.0,v0.1
INS_E2C0E8971863,REQ_72539B968B0E,6,960.0,v0.1
INS_E2C0E8971863,REQ_49197913057F,7,560.0,v0.1
INS_E2C0E8971863,REQ_520B0A353A53,8,5900.0,v0.1
INS_E2C0E8971863,REQ_57A58981A586,9,3930.0,v0.1
INS_E2C0E8971863,REQ_8F925C82F58C,10,5550.0,v0.1
INS_E2C0E8971863,REQ_328D6C90368A,11,22510.0,v0.1
INS_E2C0E8971863,REQ_7B27679BEFC9,12,30000.0,v0.1
INS_E2C0E8971863,REQ_66F127A42D84,13,30000.0,v0.1
INS_0F2F2FA5AC59,REQ_3F8D90E7B904,0,12900.0,v0.1
INS_0F2F2FA5AC59,REQ_E629FD0DAA0A,1,10650.0,v0.1
INS_0F2F2FA5AC59,REQ_1EE226D19579,2,11900.0,v0.1
INS_0F2F2FA5AC59,REQ_353659939B55,3,4170.0,v0.1
INS_F538B57B1E61,REQ_3B7C82B16C9C,0,30000.0,v0.1
INS_F538B57B1E61,REQ_90A332BCDAEA,1,29730.0,v0.1
INS_F538B57B1E61,REQ_D294DDCBDDDD,2,6460.0,v0.1
INS_F538B57B1E61,REQ_F757820A7AB7,3,530.0,v0.1
INS_F538B57B1E61,REQ_69896C787E9B,4,30000.0,v0.1
INS_F538B57B1E61,REQ_860BDB540E8B,5,1510.0,v0.1
INS_F538B57B1E61,REQ_8729EEF9D319,6,10770.0,v0.1
INS_F538B57B1E61,REQ_A457A9474744,7,260.0,v0.1
INS_F538B57B1E61,REQ_DD6A1855E900,8,7020.0,v0.1
INS_F538B57B1E61,REQ_CD21B47500E0,9,30000.0,v0.1
INS_115982EE3252,REQ_5E4D1C424DD5,0,2350.0,v0.1
INS_115982EE3252,REQ_2498D6825EBB,1,690.0,v0.1
INS_115982EE3252,REQ_C5500582E5BA,2,20320.0,v0.1
INS_115982EE3252,REQ_790CCE562F04,3,950.0,v0.1
INS_115982EE3252,REQ_D1CEE522207E,4,20390.0,v0.1
INS_115982EE3252,REQ_46C3C4A983CA,5,30000.0,v0.1
INS_115982EE3252,REQ_B59F82F14BB3,6,15560.0,v0.1
INS_115982EE3252,REQ_C206D7569A93,7,6700.0,v0.1
INS_58070CD9FF03,REQ_04EF78E78706,0,20060.0,v0.1
INS_58070CD9FF03,REQ_5F446DF542CF,1,24970.0,v0.1
INS_58070CD9FF03,REQ_E25E2DD074FB,2,17740.0,v0.1
INS_58070CD9FF03,REQ_4BE0C09F6875,3,20790.0,v0.1
INS_72FE0D8E06B0,REQ_D8D9005325D7,0,24890.0,v0.1
INS_72FE0D8E06B0,REQ_9B7BFA47EFA0,1,7475.0,v0.1
INS_72FE0D8E06B0,REQ_65A5A492C7F0,2,1230.0,v0.1
INS_72FE0D8E06B0,REQ_7B01A281DEFD,3,30000.0,v0.1
INS_72FE0D8E06B0,REQ_885D7C8F1608,4,280.0,v0.1
INS_72FE0D8E06B0,REQ_9BDFD587350F,5,6700.0,v0.1
INS_72FE0D8E06B0,REQ_3528AD55B899,6,1230.0,v0.1
INS_72FE0D8E06B0,REQ_39423FC99B99,7,30000.0,v0.1
INS_72FE0D8E06B0,REQ_89C7C2259547,8,30000.0,v0.1
INS_72FE0D8E06B0,REQ_1C72888D8D19,9,12090.0,v0.1
INS_72FE0D8E06B0,REQ_000EFBAA148B,10,7150.0,v0.1
INS_72FE0D8E06B0,REQ_0A89153B600C,11,14260.0,v0.1
INS_72FE0D8E06B0,REQ_29D92C0C4B45,12,30000.0,v0.1
INS_72FE0D8E06B0,REQ_A012B1F7D056,13,840.0,v0.1
INS_72FE0D8E06B0,REQ_98B42D323E4F,14,23000.0,v0.1
INS_72FE0D8E06B0,REQ_E75FC257691E,15,3160.0,v0.1
INS_72FE0D8E06B0,REQ_B2E975D400D9,16,4600.0,v0.1
INS_72FE0D8E06B0,REQ_B06D13956F96,17,5440.0,v0.1
INS_72FE0D8E06B0,REQ_51252982F97D,18,2200.0,v0.1
INS_72FE0D8E06B0,REQ_2937CF8DC362,19,11460.0,v0.1
INS_72FE0D8E06B0,REQ_E8D4403B9210,20,8390.0,v0.1
INS_72FE0D8E06B0,REQ_8130E6053328,21,320.0,v0.1
INS_72FE0D8E06B0,REQ_4633412FDB6B,22,8920.0,v0.1
INS_67C114C1BA63,REQ_1D9C5749FBC2,0,850.0,v0.1
INS_67C114C1BA63,REQ_479F203473B3,1,950.0,v0.1
INS_67C114C1BA63,REQ_D3CE876F9AEB,2,4000.0,v0.1
INS_67C114C1BA63,REQ_4C7A7600D128,3,1120.0,v0.1
INS_67C114C1BA63,REQ_6BCE8ADCA233,4,1390.0,v0.1
INS_67C114C1BA63,REQ_1FF6D6F7CEFC,5,22280.0,v0.1
INS_67C114C1BA63,REQ_F2300C4B84BF,6,270.0,v0.1
INS_67C114C1BA63,REQ_A648A041E2F6,7,370.0,v0.1
INS_67C114C1BA63,REQ_95DD0507F14F,8,790.0,v0.1
INS_67C114C1BA63,REQ_EE7BFA38D43D,9,1750.0,v0.1
INS_67C114C1BA63,REQ_AC801194CAC5,10,30000.0,v0.1
INS_67C114C1BA63,REQ_273057D51DC8,11,28539.999999999996,v0.1
INS_67C114C1BA63,REQ_8DD922F23BC9,12,2780.0,v0.1
INS_67C114C1BA63,REQ_6C2B95DCA8E4,13,5500.0,v0.1
INS_67C114C1BA63,REQ_941FF6BAFAC3,14,540.0,v0.1
INS_67C114C1BA63,REQ_BCAC16AEA10B,15,27730.0,v0.1
INS_67C114C1BA63,REQ_93E6823741A3,16,30000.0,v0.1
INS_67C114C1BA63,REQ_CDABB2782826,17,3250.0,v0.1
INS_67C114C1BA63,REQ_1CB46F0AB73C,18,5440.0,v0.1
INS_67C114C1BA63,REQ_BE517E0531ED,19,3050.0,v0.1
INS_67C114C1BA63,REQ_7170FB228435,20,30000.0,v0.1
INS_67C114C1BA63,REQ_DCDD577F677B,21,7680.0,v0.1
INS_67C114C1BA63,REQ_78BA37478982,22,12470.0,v0.1
INS_67C114C1BA63,REQ_AF6355273C7A,23,1150.0,v0.1
INS_67C114C1BA63,REQ_0ABC0BD98934,24,30000.0,v0.1
INS_67C114C1BA63,REQ_A1D41C8229B6,25,2740.0,v0.1
INS_67C114C1BA63,REQ_D819D5BD3493,26,30900.0,v0.1
INS_67C114C1BA63,REQ_A39FB736C57D,27,2300.0,v0.1
INS_ABD1A66830CB,REQ_F5A0A452AB8C,0,2040.0,v0.1
INS_ABD1A66830CB,REQ_88463CE54A9C,1,24000.0,v0.1
INS_ABD1A66830CB,REQ_96D951A25624,2,3570.0,v0.1
INS_ABD1A66830CB,REQ_CDE0C5CF525D,3,1170.0,v0.1
INS_ABD1A66830CB,REQ_0402B8EDD4F7,4,960.0,v0.1
INS_ABD1A66830CB,REQ_033E41654F64,5,30000.0,v0.1
INS_ABD1A66830CB,REQ_8AC5EA1AAADB,6,30000.0,v0.1
INS_ABD1A66830CB,REQ_4653D80EFA3D,7,500.0,v0.1
INS_ABD1A66830CB,REQ_2BD981359F2B,8,17710.0,v0.1
INS_ABD1A66830CB,REQ_21EC321AE9D6,9,1050.0,v0.1
INS_ABD1A66830CB,REQ_44C410F17921,10,590.0,v0.1
INS_ABD1A66830CB,REQ_2497C7B928D5,11,280.0,v0.1
INS_ABD1A66830CB,REQ_458DA6FE9FA5,12,5350.0,v0.1
INS_ABD1A66830CB,REQ_5569D99CD14F,13,2400.0,v0.1
INS_ABD1A66830CB,REQ_4789F7F03DF3,14,430.0,v0.1
INS_ABD1A66830CB,REQ_19BDFDC7CADF,15,16310.0,v0.1
INS_ABD1A66830CB,REQ_E1BC4CA26846,16,9560.0,v0.1
INS_ABD1A66830CB,REQ_E949B4673C53,17,860.0,v0.1
INS_ABD1A66830CB,REQ_3038998DC94A,18,200.0,v0.1
INS_ABD1A66830CB,REQ_8B406487765F,19,30000.0,v0.1
INS_ABD1A66830CB,REQ_877E7B664141,20,2190.0,v0.1
INS_ABD1A66830CB,REQ_46B9DB9623F7,21,320.0,v0.1
INS_ABD1A66830CB,REQ_378939E84F8D,22,16880.0,v0.1
INS_ABD1A66830CB,REQ_5660B862180A,23,350.0,v0.1
INS_ABD1A66830CB,REQ_5F372758DD7B,24,100.0,v0.1
INS_ABD1A66830CB,REQ_A2FDBC2B9E39,25,1100.0,v0.1
INS_ABD1A66830CB,REQ_C939D7A4A497,26,1260.0,v0.1
INS_7C93B59464EC,REQ_620CDFB85935,0,30000.0,v0.1
INS_7C93B59464EC,REQ_3336C2C739F3,1,18990.0,v0.1
INS_7C93B59464EC,REQ_54A820606E93,2,5550.0,v0.1
INS_7C93B59464EC,REQ_DE385D883C4C,3,6650.0,v0.1
INS_7C93B59464EC,REQ_C05CB48BA421,4,869.9999999999999,v0.1
INS_7C93B59464EC,REQ_4916DE9811D0,5,20650.0,v0.1
INS_7C93B59464EC,REQ_F728E575929A,6,730.0,v0.1
INS_7C93B59464EC,REQ_2C350E8B8E8F,7,30000.0,v0.1
INS_7C93B59464EC,REQ_2EC23AC35B9F,8,130.0,v0.1
INS_7C93B59464EC,REQ_E706624FBCED,9,2500.0,v0.1
INS_7C93B59464EC,REQ_5EE0CDACCC71,10,450.0,v0.1
INS_7C93B59464EC,REQ_44C8E7AC232E,11,3020.0,v0.1
INS_7C93B59464EC,REQ_45AD7AAC4CFB,12,919.9999999999999,v0.1
INS_7C93B59464EC,REQ_EFFD3A81450C,13,560.0,v0.1
INS_7C93B59464EC,REQ_C7BE2DD93A0F,14,1430.0,v0.1
INS_7C93B59464EC,REQ_E7DB83FFC43C,15,1960.0,v0.1
INS_7C93B59464EC,REQ_BDDE9BA940B1,16,14300.0,v0.1
INS_66AAFF672D60,REQ_3BD515FD172E,0,960.0,v0.1
INS_66AAFF672D60,REQ_B323B2EA31C2,1,550.0,v0.1
INS_66AAFF672D60,REQ_F4CF554741F8,2,450.0,v0.1
INS_66AAFF672D60,REQ_E73B0A8A1F94,3,970.0,v0.1
INS_66AAFF672D60,REQ_A9EA3543F8B4,4,13440.0,v0.1
INS_66AAFF672D60,REQ_9BF53C9CBF83,5,6750.0,v0.1
INS_66AAFF672D60,REQ_6467AD619765,6,6210.0,v0.1
INS_66AAFF672D60,REQ_B60D909C857D,7,20780.0,v0.1
INS_66AAFF672D60,REQ_4BFF7CE034B7,8,10250.0,v0.1
INS_66AAFF672D60,REQ_249E6AE9B923,9,2640.0,v0.1
INS_66AAFF672D60,REQ_FDAE002F95DE,10,3700.0,v0.1
INS_66AAFF672D60,REQ_2041FD1C2FD6,11,630.0,v0.1
INS_66AAFF672D60,REQ_ADB087E14A9B,12,520.0,v0.1
INS_66AAFF672D60,REQ_F2C706D8D852,13,6450.0,v0.1
INS_66AAFF672D60,REQ_69424EA6F602,14,5590.0,v0.1
INS_66AAFF672D60,REQ_D35F82BFD056,15,8200.0,v0.1
INS_66AAFF672D60,REQ_95C454D31CF6,16,1270.0,v0.1
INS_66AAFF672D60,REQ_2E8AE57455A2,17,4190.0,v0.1
INS_66AAFF672D60,REQ_ADD8E27CC023,18,480.0,v0.1
INS_66AAFF672D60,REQ_14FED6AB5DDB,19,950.0,v0.1
INS_66AAFF672D60,REQ_BFA0BC58437C,20,2160.0,v0.1
INS_66AAFF672D60,REQ_84CC175C259F,21,450.0,v0.1
INS_66AAFF672D60,REQ_402B13BDD723,22,7750.0,v0.1
INS_66AAFF672D60,REQ_B5D7E030482A,23,18070.0,v0.1
INS_66AAFF672D60,REQ_BDEAB0E10C38,24,30000.0,v0.1
INS_66AAFF672D60,REQ_AD375A45E476,25,5660.0,v0.1
INS_1049F353F39E,REQ_B38FEA968306,0,509.99999999999994,v0.1
INS_1049F353F39E,REQ_ADBA3EB9D2B1,1,350.0,v0.1
INS_1049F353F39E,REQ_43A9727BE3FB,2,19510.0,v0.1
INS_1049F353F39E,REQ_EB2D2EC71D5E,3,30000.0,v0.1
INS_1049F353F39E,REQ_F693356091F0,4,650.0,v0.1
INS_1049F353F39E,REQ_63EDFDB54457,5,200.0,v0.1
INS_1049F353F39E,REQ_EA62CAAC7A54,6,160.0,v0.1
INS_1049F353F39E,REQ_769391012066,7,30210.000000000004,v0.1
INS_1049F353F39E,REQ_86F18819F99B,8,30000.0,v0.1
INS_1049F353F39E,REQ_9B9E1A432E91,9,17550.0,v0.1
INS_1049F353F39E,REQ_089F87EEA0F3,10,30000.0,v0.1
INS_1049F353F39E,REQ_11A4A1C31F2A,11,1750.0,v0.1
INS_1049F353F39E,REQ_E75A2270C5F6,12,30000.0,v0.1
INS_1049F353F39E,REQ_4BC63D0A46B4,13,800.0,v0.1
INS_1049F353F39E,REQ_EBB1C5CD330E,14,390.0,v0.1
INS_1049F353F39E,REQ_5EE1CDE8CBEB,15,2000.0,v0.1
INS_1049F353F39E,REQ_C91BFB8225EF,16,30000.0,v0.1
INS_1049F353F39E,REQ_D57D4E50FAE1,17,7870.0,v0.1
INS_1049F353F39E,REQ_F39CBB2006FD,18,800.0,v0.1
INS_1049F353F39E,REQ_DE3C655B70ED,19,8300.0,v0.1
INS_1049F353F39E,REQ_968AE644B95E,20,8500.0,v0.1
INS_1049F353F39E,REQ_F1D8D9097F85,21,13590.0,v0.1
INS_1049F353F39E,REQ_1E82935BA429,22,200.0,v0.1
INS_1049F353F39E,REQ_D3023792BEA8,23,550.0,v0.1
INS_1049F353F39E,REQ_E4C791B60B1B,24,30100.0,v0.1
INS_1049F353F39E,REQ_9CDE143EBAEA,25,6030.0,v0.1
INS_1049F353F39E,REQ_21ECA20ADFEF,26,9870.0,v0.1
INS_36AE38F0F8EC,REQ_5C84A79929CB,0,4710.0,v0.1
INS_36AE38F0F8EC,REQ_C3BFB99F3940,1,23940.0,v0.1
INS_36AE38F0F8EC,REQ_3F393DED38EB,2,200.0,v0.1
INS_36AE38F0F8EC,REQ_B48E6E855405,3,1560.0,v0.1
INS_36AE38F0F8EC,REQ_7013929C9575,4,1010.0,v0.1
INS_36AE38F0F8EC,REQ_76A2DEF927DF,5,29580.0,v0.1
INS_36AE38F0F8EC,REQ_D0C666B4243B,6,11400.0,v0.1
INS_36AE38F0F8EC,REQ_BECC0F673CF0,7,30000.0,v0.1
INS_36AE38F0F8EC,REQ_95D8300CB67F,8,30000.0,v0.1
INS_36AE38F0F8EC,REQ_1BC085FEAC4F,9,700.0,v0.1
INS_36AE38F0F8EC,REQ_DC7C426A162E,10,840.0,v0.1
INS_36AE38F0F8EC,REQ_96A6E715E918,11,150.0,v0.1
INS_36AE38F0F8EC,REQ_1C0769E0E2E3,12,300.0,v0.1
INS_36AE38F0F8EC,REQ_A908C5E01850,13,450.0,v0.1
INS_36AE38F0F8EC,REQ_A396F11AAAED,14,680.0,v0.1
INS_36AE38F0F8EC,REQ_9CE228F88D69,15,1080.0,v0.1
INS_36AE38F0F8EC,REQ_54DB2395D480,16,1810.0000000000002,v0.1
INS_36AE38F0F8EC,REQ_F80A6CB03404,17,1360.0,v0.1
INS_36AE38F0F8EC,REQ_CB8870481A81,18,200.0,v0.1
INS_36AE38F0F8EC,REQ_795EFBF97A63,19,2780.0,v0.1
INS_36AE38F0F8EC,REQ_1B462831047E,20,450.0,v0.1
INS_36AE38F0F8EC,REQ_683BF862349E,21,1100.0,v0.1
INS_36AE38F0F8EC,REQ_D8E7BC97E293,22,1090.0,v0.1
INS_36AE38F0F8EC,REQ_196CA7D86C05,23,17460.0,v0.1
INS_36AE38F0F8EC,REQ_04A9B2D1ED2B,24,80.0,v0.1
INS_36AE38F0F8EC,REQ_A69A40185491,25,30000.0,v0.1
INS_36AE38F0F8EC,REQ_A2C99B411D9B,26,17310.0,v0.1
INS_36AE38F0F8EC,REQ_B5B4E68C1ABC,27,450.0,v0.1
INS_36AE38F0F8EC,REQ_3CFBF1D6195C,28,350.0,v0.1
INS_36AE38F0F8EC,REQ_AE96F55073EE,29,150.0,v0.1
INS_36AE38F0F8EC,REQ_892BB82FB06C,30,90.0,v0.1
INS_36AE38F0F8EC,REQ_4DB99A738EA9,31,2610.0,v0.1
INS_36AE38F0F8EC,REQ_80CBE4814F94,32,1019.9999999999999,v0.1
INS_36AE38F0F8EC,REQ_C7CCB1079C8A,33,920.0,v0.1
INS_36AE38F0F8EC,REQ_A281C8784DB1,34,8310.0,v0.1
INS_36AE38F0F8EC,REQ_6517C13C31E9,35,17410.0,v0.1
INS_36AE38F0F8EC,REQ_E4D8046DF96D,36,340.0,v0.1
INS_36AE38F0F8EC,REQ_189A45856D76,37,950.0,v0.1
INS_36AE38F0F8EC,REQ_7ACA61B92264,38,30000.0,v0.1
INS_36AE38F0F8EC,REQ_8ED1064419D7,39,28580.0,v0.1
INS_59AF1DDFB879,REQ_DAFE6C80BD50,0,30000.0,v0.1
INS_59AF1DDFB879,REQ_DDB817B722A2,1,30000.0,v0.1
INS_59AF1DDFB879,REQ_86FEEDFC408F,2,21480.0,v0.1
INS_59AF1DDFB879,REQ_AC8C79DC23AC,3,30000.0,v0.1
INS_59AF1DDFB879,REQ_17FD3064533F,4,30000.0,v0.1
INS_59AF1DDFB879,REQ_148471AACFFA,5,6910.0,v0.1
INS_59AF1DDFB879,REQ_A2016CEB1B9A,6,11440.0,v0.1
INS_59AF1DDFB879,REQ_F7E253D0A958,7,30000.0,v0.1
INS_59AF1DDFB879,REQ_C2224BAB0D20,8,900.0,v0.1
INS_7CD4E6F3727A,REQ_4C9833091DE4,0,27970.0,v0.1
INS_7CD4E6F3727A,REQ_3BE86D6BF3B5,1,30000.0,v0.1
INS_7CD4E6F3727A,REQ_DC39A137062A,2,30000.0,v0.1
INS_7CD4E6F3727A,REQ_0396F75B9F6C,3,260.0,v0.1
INS_7CD4E6F3727A,REQ_3683EA4A9778,4,30000.0,v0.1
INS_7CD4E6F3727A,REQ_8149F349F4CE,5,30000.0,v0.1
INS_7CD4E6F3727A,REQ_F562EF78C0B2,6,30000.0,v0.1
INS_7CD4E6F3727A,REQ_E5260003D5DE,7,10370.0,v0.1
INS_7CD4E6F3727A,REQ_B3494222D5E1,8,800.0,v0.1
INS_7CD4E6F3727A,REQ_62996CF9FA5A,9,30000.0,v0.1
INS_7CD4E6F3727A,REQ_60B0B7E01B80,10,30000.0,v0.1
INS_7CD4E6F3727A,REQ_A5D33B8B8F39,11,790.0,v0.1
INS_7CD4E6F3727A,REQ_9A9FA35554B9,12,30000.0,v0.1
INS_7CD4E6F3727A,REQ_391CEDE38838,13,1400.0,v0.1
INS_7CD4E6F3727A,REQ_06290EE638B1,14,730.0,v0.1
INS_7CD4E6F3727A,REQ_61A2B0905AE2,15,10050.0,v0.1
INS_7CD4E6F3727A,REQ_9ED17BD15A6B,16,30000.0,v0.1
INS_7CD4E6F3727A,REQ_7EA5F156BB9A,17,9850.0,v0.1
INS_7CD4E6F3727A,REQ_408F9B4D63E9,18,370.0,v0.1
INS_7CD4E6F3727A,REQ_405CF651ACBA,19,30000.0,v0.1
INS_7CD4E6F3727A,REQ_95B0EA4D5F1D,20,30000.0,v0.1
INS_7CD4E6F3727A,REQ_890AC0ACCC8F,21,30000.0,v0.1
INS_7CD4E6F3727A,REQ_FECBDB78BBEC,22,3400.0,v0.1
INS_7CD4E6F3727A,REQ_BFDD7943B0E5,23,1150.0,v0.1
INS_7CD4E6F3727A,REQ_461B6F0EBD06,24,30000.0,v0.1
INS_7CD4E6F3727A,REQ_11C0A6BD3E3C,25,22210.0,v0.1
INS_7CD4E6F3727A,REQ_EAD337517A9E,26,30000.0,v0.1
INS_7CD4E6F3727A,REQ_8C439A34AFF6,27,490.0,v0.1
INS_7CD4E6F3727A,REQ_0507371472C4,28,30000.0,v0.1
INS_2E76689A7410,REQ_6BA5560F2005,0,1000.0,v0.1
INS_2E76689A7410,REQ_5369A007113B,1,600.0,v0.1
INS_2E76689A7410,REQ_D2284D329F16,2,9650.0,v0.1
INS_2E76689A7410,REQ_7EC2FB415B09,3,30000.0,v0.1
INS_2E76689A7410,REQ_1478E2ED253E,4,23410.0,v0.1
INS_2E76689A7410,REQ_A1FA2BFC08DC,5,1670.0,v0.1
INS_2E76689A7410,REQ_9829E92DA16D,6,490.00000000000006,v0.1
INS_2E76689A7410,REQ_CE89E718AA3B,7,1290.0,v0.1
INS_2E76689A7410,REQ_DBBAD359FF9B,8,20740.0,v0.1
INS_2E76689A7410,REQ_DAAD29CCD2FD,9,1900.0,v0.1
INS_2E76689A7410,REQ_6E205CB7B3FD,10,19490.0,v0.1
INS_2E76689A7410,REQ_7E8AA33D3648,11,2250.0,v0.1
INS_2E76689A7410,REQ_CC40AB3247AE,12,850.0,v0.1
INS_2E76689A7410,REQ_B61153844BFD,13,29730.0,v0.1
INS_2E76689A7410,REQ_88E33CED7750,14,430.0,v0.1
INS_2E76689A7410,REQ_CCF8B094C151,15,790.0,v0.1
INS_2E76689A7410,REQ_9F3D5EF23C31,16,7450.0,v0.1
INS_2E76689A7410,REQ_F879330182CA,17,870.0,v0.1
INS_2E76689A7410,REQ_0D91D809D024,18,1050.0,v0.1
INS_2E76689A7410,REQ_96B37560E83B,19,30000.0,v0.1
INS_2E76689A7410,REQ_6057B7A8E05B,20,1110.0,v0.1
INS_2E76689A7410,REQ_F394FA7A39C9,21,2000.0,v0.1
INS_2E76689A7410,REQ_BDFBB31DB41C,22,23810.0,v0.1
INS_2E76689A7410,REQ_1C47352DFE0D,23,80.0,v0.1
INS_2E76689A7410,REQ_6108F1B68B8A,24,140.0,v0.1
INS_2E76689A7410,REQ_96463D912440,25,14370.0,v0.1
INS_2E76689A7410,REQ_36478816446C,26,25830.0,v0.1
INS_2E76689A7410,REQ_6055E62A984E,27,15870.0,v0.1
INS_2E76689A7410,REQ_86A5C836CE13,28,1450.0,v0.1
INS_2E76689A7410,REQ_AE27B3E5BE7B,29,320.0,v0.1
INS_2E76689A7410,REQ_F89B62AB0013,30,3100.0,v0.1
INS_2E76689A7410,REQ_162F29B2FF6F,31,2080.0,v0.1
INS_2E76689A7410,REQ_0AE6693A0F02,32,1680.0,v0.1
INS_2E76689A7410,REQ_CF7546D61E6C,33,700.0,v0.1
INS_2E76689A7410,REQ_9075EBF2CB9D,34,20930.0,v0.1
INS_608D88D72D11,REQ_D4FDEFA68A5F,0,2080.0,v0.1
INS_608D88D72D11,REQ_6F328305F06D,1,3880.0,v0.1
INS_608D88D72D11,REQ_FC98F4E91084,2,1680.0,v0.1
INS_608D88D72D11,REQ_CC2F742C75C5,3,1320.0,v0.1
INS_608D88D72D11,REQ_AFB3C34904FF,4,1800.0,v0.1
INS_608D88D72D11,REQ_6BD0A5A0A163,5,30000.0,v0.1
INS_608D88D72D11,REQ_810211B569C3,6,14740.0,v0.1
INS_608D88D72D11,REQ_510758F1A84E,7,10010.0,v0.1
INS_608D88D72D11,REQ_A62B09D8827A,8,240.0,v0.1
INS_608D88D72D11,REQ_8C7CB9CD5E8D,9,2360.0,v0.1
INS_608D88D72D11,REQ_ADDAB419FC2F,10,11990.0,v0.1
INS_608D88D72D11,REQ_3FC60AB9282E,11,25190.0,v0.1
INS_608D88D72D11,REQ_B1593591C368,12,2600.0,v0.1
INS_608D88D72D11,REQ_AC3BF158689E,13,21710.0,v0.1
INS_608D88D72D11,REQ_4153E858A817,14,190.0,v0.1
INS_608D88D72D11,REQ_ADC6BB92AF2D,15,400.0,v0.1
INS_608D88D72D11,REQ_B7B57F5E3A10,16,30000.0,v0.1
INS_608D88D72D11,REQ_E523C5B07612,17,820.0,v0.1
INS_3D70D59F34B0,REQ_916D6E15603A,0,30000.0,v0.1
INS_3D70D59F34B0,REQ_3CB338AC40F1,1,1839.9999999999998,v0.1
INS_3D70D59F34B0,REQ_AAC427DF48ED,2,25750.0,v0.1
INS_3D70D59F34B0,REQ_9D13DB590422,3,6860.0,v0.1
INS_3D70D59F34B0,REQ_450E5B217501,4,23590.0,v0.1
INS_3D70D59F34B0,REQ_30D5468DDF0D,5,16770.0,v0.1
INS_3D70D59F34B0,REQ_61A03E475E2D,6,2860.0,v0.1
INS_3D70D59F34B0,REQ_4B5F72E434DE,7,30700.0,v0.1
INS_3D70D59F34B0,REQ_4D6F744B58CC,8,1260.0,v0.1
INS_3D70D59F34B0,REQ_D019898D8348,9,30000.0,v0.1
INS_3D70D59F34B0,REQ_50C3A30E9544,10,3400.0,v0.1
INS_3D70D59F34B0,REQ_F255B56DB1B6,11,1250.0,v0.1
INS_3D70D59F34B0,REQ_DC6B7585C4D0,12,4860.0,v0.1
INS_3D70D59F34B0,REQ_772777F91D25,13,2350.0,v0.1
INS_3D70D59F34B0,REQ_B34B05FDA6D8,14,5350.0,v0.1
INS_3D70D59F34B0,REQ_42487C1897C5,15,30000.0,v0.1
INS_3D70D59F34B0,REQ_3FC72B8D263D,16,770.0,v0.1
INS_3D70D59F34B0,REQ_60B2F872897D,17,11800.0,v0.1
INS_3D70D59F34B0,REQ_C4E7AD334AB9,18,5450.0,v0.1
INS_3D70D59F34B0,REQ_C565E5872B1B,19,1470.0,v0.1
INS_3D70D59F34B0,REQ_C113F476AD0A,20,1900.0,v0.1
INS_3D70D59F34B0,REQ_A5BAD5CDE8AD,21,1000.0,v0.1
INS_C5F0EBF77482,REQ_C73459155D74,0,4240.0,v0.1
INS_C5F0EBF77482,REQ_9540388588A7,1,1400.0,v0.1
INS_C5F0EBF77482,REQ_0EAF6A1D46D6,2,26210.000000000004,v0.1
INS_C5F0EBF77482,REQ_A111B984FAA3,3,6830.0,v0.1
INS_C5F0EBF77482,REQ_D0CD9510DCDE,4,25590.0,v0.1
INS_C5F0EBF77482,REQ_5E8FF134A4FA,5,2039.9999999999998,v0.1
INS_C5F0EBF77482,REQ_72D9687ED2FB,6,3420.0,v0.1
INS_C5F0EBF77482,REQ_DF6A4210A229,7,9160.0,v0.1
INS_C5F0EBF77482,REQ_B815BDFE5C08,8,560.0,v0.1
INS_C5F0EBF77482,REQ_1A1385922354,9,160.0,v0.1
INS_C5F0EBF77482,REQ_BF1D054EAD1D,10,8060.0,v0.1
INS_C5F0EBF77482,REQ_656E626A2FF3,11,250.0,v0.1
INS_C5F0EBF77482,REQ_004AF15E60E3,12,30000.0,v0.1
INS_C5F0EBF77482,REQ_48B6C66A3944,13,30000.0,v0.1
INS_C5F0EBF77482,REQ_731ADE2CBFDA,14,30000.0,v0.1
INS_C5F0EBF77482,REQ_82B216BD1BB1,15,5720.0,v0.1
INS_C5F0EBF77482,REQ_922F56D63FC4,16,1560.0,v0.1
INS_C5F0EBF77482,REQ_B884585FAAF2,17,920.0,v0.1
INS_C5F0EBF77482,REQ_380E2F1F0901,18,409.99999999999994,v0.1
INS_C5F0EBF77482,REQ_A8C157EE5BFA,19,6400.0,v0.1
INS_C5F0EBF77482,REQ_C7FA607C4CBD,20,30000.0,v0.1
INS_C5F0EBF77482,REQ_CEEBA57EC93D,21,2780.0,v0.1
INS_C5F0EBF77482,REQ_5E7A45C18CCE,22,7990.0,v0.1
INS_C5F0EBF77482,REQ_8A78111E0CF8,23,220.0,v0.1
INS_C5F0EBF77482,REQ_FA3711095829,24,1250.0,v0.1
INS_C5F0EBF77482,REQ_F3DD28C45357,25,3820.0,v0.1
INS_C5F0EBF77482,REQ_DB7AECE75440,26,7420.0,v0.1
INS_C5F0EBF77482,REQ_49DD3FFFEBD1,27,3870.0000000000005,v0.1
INS_C5F0EBF77482,REQ_B51A3103F91B,28,30000.0,v0.1
INS_C5F0EBF77482,REQ_D36311C9303A,29,5730.0,v0.1
INS_C5F0EBF77482,REQ_E38183CC9521,30,3970.0000000000005,v0.1
INS_C5F0EBF77482,REQ_660D99EE07F5,31,650.0,v0.1
INS_C5F0EBF77482,REQ_0EB3D16341F0,32,1140.0,v0.1
INS_C5F0EBF77482,REQ_B9DAE34A257C,33,6600.0,v0.1
INS_C5F0EBF77482,REQ_998E722FB33E,34,30000.0,v0.1
INS_C5F0EBF77482,REQ_751EFC17141E,35,27240.0,v0.1
INS_1CA735413C36,REQ_174BB59635CF,0,2360.0,v0.1
INS_1CA735413C36,REQ_5A32D2D40026,1,5640.0,v0.1
INS_1CA735413C36,REQ_EC36C40138C5,2,12000.0,v0.1
INS_1CA735413C36,REQ_7B858AE3DA4B,3,1260.0,v0.1
INS_1CA735413C36,REQ_FE64B0153CFD,4,5500.0,v0.1
INS_1CA735413C36,REQ_C75C67960DE4,5,700.0,v0.1
INS_1CA735413C36,REQ_9ECF0AD867E7,6,600.0,v0.1
INS_1CA735413C36,REQ_8917CBAC7390,7,150.0,v0.1
INS_1CA735413C36,REQ_00817616E7DA,8,340.0,v0.1
INS_1CA735413C36,REQ_696A5E97D2DF,9,18310.0,v0.1
INS_1CA735413C36,REQ_3758B297DF79,10,170.0,v0.1
INS_515857DB29AD,REQ_A2DDA13F4967,0,2050.0,v0.1
INS_515857DB29AD,REQ_A56DD12D0F53,1,2810.0,v0.1
INS_515857DB29AD,REQ_7880F47388E7,2,100.0,v0.1
INS_515857DB29AD,REQ_3647345C133E,3,750.0,v0.1
INS_515857DB29AD,REQ_1F10824A262C,4,22410.0,v0.1
INS_515857DB29AD,REQ_1E056D6BA9BE,5,90.0,v0.1
INS_515857DB29AD,REQ_CB3B9EEF8054,6,2540.0,v0.1
INS_515857DB29AD,REQ_4857BE1D1AAA,7,2960.0,v0.1
INS_515857DB29AD,REQ_5FACF4D2989E,8,1590.0,v0.1
INS_515857DB29AD,REQ_E989FD494F00,9,27389.999999999996,v0.1
INS_515857DB29AD,REQ_446404AAF478,10,4350.0,v0.1
INS_515857DB29AD,REQ_03D6CF0726E2,11,3850.0,v0.1
INS_515857DB29AD,REQ_E04DF5E92C85,12,1100.0,v0.1
INS_515857DB29AD,REQ_18B82956826B,13,6800.0,v0.1
INS_515857DB29AD,REQ_F5652345EBD9,14,2039.9999999999998,v0.1
INS_515857DB29AD,REQ_136259320047,15,350.0,v0.1
INS_515857DB29AD,REQ_3CA700A55F84,16,250.0,v0.1
INS_515857DB29AD,REQ_A2143D8A6A5A,17,270.0,v0.1
INS_515857DB29AD,REQ_19FFC37D84B2,18,940.0,v0.1
INS_515857DB29AD,REQ_420B755B0175,19,650.0,v0.1
INS_515857DB29AD,REQ_B7EEE0101F62,20,80.0,v0.1
INS_515857DB29AD,REQ_82569158124F,21,1270.0,v0.1
INS_515857DB29AD,REQ_0B7264D097F7,22,8410.0,v0.1
INS_515857DB29AD,REQ_742F434D0954,23,8220.0,v0.1
INS_515857DB29AD,REQ_5C355CBAD0A7,24,3100.0,v0.1
INS_515857DB29AD,REQ_FC0125DB853A,25,1800.0,v0.1
INS_515857DB29AD,REQ_40B00148E11E,26,1650.0,v0.1
INS_515857DB29AD,REQ_81017EF418EB,27,1900.0,v0.1
INS_515857DB29AD,REQ_0F3DF36D6389,28,9420.0,v0.1
INS_515857DB29AD,REQ_84AB2991D771,29,240.0,v0.1
INS_515857DB29AD,REQ_BA8840EFA9DE,30,1320.0,v0.1
INS_515857DB29AD,REQ_868519E2D597,31,270.0,v0.1
INS_515857DB29AD,REQ_13420651B16D,32,1010.0,v0.1
INS_515857DB29AD,REQ_67613557423A,33,80.0,v0.1
INS_515857DB29AD,REQ_1D88D8EDD856,34,3730.0,v0.1
INS_F0708B2129D0,REQ_C4A6F8DE5BA6,0,27160.000000000004,v0.1
INS_F0708B2129D0,REQ_564A185546E8,1,2710.0,v0.1
INS_F0708B2129D0,REQ_BFD24D937C26,2,22410.0,v0.1
INS_F0708B2129D0,REQ_AD0EEF74EC1E,3,1880.0,v0.1
INS_F0708B2129D0,REQ_E6A5E432A9CE,4,11610.0,v0.1
INS_F0708B2129D0,REQ_F8DAE5C0B4B6,5,30000.0,v0.1
INS_F0708B2129D0,REQ_C1B66310F357,6,680.0,v0.1
INS_F0708B2129D0,REQ_39E534458110,7,10650.0,v0.1
INS_F0708B2129D0,REQ_4E3E62F8B00C,8,300.0,v0.1
INS_F0708B2129D0,REQ_0C5038CF8355,9,1600.0,v0.1
INS_F0708B2129D0,REQ_A451CBF00D4D,10,22230.0,v0.1
INS_F0708B2129D0,REQ_BEDE67F642C7,11,12090.0,v0.1
INS_F0708B2129D0,REQ_99E4B4A4DBE5,12,4940.0,v0.1
INS_F0708B2129D0,REQ_F4E6FED2E6BC,13,17750.0,v0.1
INS_F0708B2129D0,REQ_9B77CD1AB8E5,14,459.99999999999994,v0.1
INS_F0708B2129D0,REQ_07C559A62840,15,30000.0,v0.1
INS_F0708B2129D0,REQ_DF896554CE9E,16,560.0,v0.1
INS_F0708B2129D0,REQ_348A77C04D81,17,21640.0,v0.1
INS_F0708B2129D0,REQ_00BEC4125978,18,800.0,v0.1
INS_F0708B2129D0,REQ_AC842A9D7EF0,19,330.0,v0.1
INS_F0708B2129D0,REQ_35AD01631AC2,20,9410.0,v0.1
INS_F0708B2129D0,REQ_523F430A1F3E,21,4220.0,v0.1
INS_F0708B2129D0,REQ_C6B4FBC27481,22,8640.0,v0.1
INS_F0708B2129D0,REQ_7394D29338AA,23,7700.0,v0.1
INS_F0708B2129D0,REQ_17820BF88197,24,500.0,v0.1
INS_8D815CF7117D,REQ_12A7F96BC095,0,670.0,v0.1
INS_8D815CF7117D,REQ_DD499389ABC4,1,30000.0,v0.1
INS_8D815CF7117D,REQ_F03C20EC2977,2,2450.0,v0.1
INS_8D815CF7117D,REQ_EFFD3A81450C,3,560.0,v0.1
INS_8D815CF7117D,REQ_C7DD4B27A336,4,3770.0000000000005,v0.1
INS_8D815CF7117D,REQ_E9E2CB2E9385,5,3240.0,v0.1
INS_8D815CF7117D,REQ_4DC6C29A29E3,6,21490.0,v0.1
INS_8D815CF7117D,REQ_E0A70A80DC3A,7,30000.0,v0.1
INS_8D815CF7117D,REQ_2C350E8B8E8F,8,30000.0,v0.1
INS_8D815CF7117D,REQ_766F5ADAAF66,9,370.0,v0.1
INS_8D815CF7117D,REQ_E706624FBCED,10,2500.0,v0.1
INS_8D815CF7117D,REQ_17F8C9FD77F5,11,30000.0,v0.1
INS_8D815CF7117D,REQ_620CDFB85935,12,30000.0,v0.1
INS_8D815CF7117D,REQ_8C66A43CA45A,13,1390.0,v0.1
INS_8D815CF7117D,REQ_9E8618C69437,14,1030.0,v0.1
INS_8D815CF7117D,REQ_5E57D62A3EFC,15,500.0,v0.1
INS_8D815CF7117D,REQ_FACBB6C03270,16,30000.0,v0.1
INS_8D815CF7117D,REQ_AC69C6FB0EDF,17,30000.0,v0.1
INS_8D815CF7117D,REQ_41A6E756A9C7,18,229.99999999999997,v0.1
INS_8D815CF7117D,REQ_6CAD75416723,19,4830.0,v0.1
INS_8D815CF7117D,REQ_8250D8F44AFF,20,30000.0,v0.1
INS_8D815CF7117D,REQ_8568F269A9D7,21,930.0000000000001,v0.1
INS_37F39B654DCF,REQ_40F2D43324E4,0,4190.0,v0.1
INS_37F39B654DCF,REQ_27BEC648A8AF,1,919.9999999999999,v0.1
INS_37F39B654DCF,REQ_8F5978B3DBAC,2,440.0,v0.1
INS_37F39B654DCF,REQ_CD40FB5E1149,3,1570.0,v0.1
INS_37F39B654DCF,REQ_850DC2A45C9D,4,950.0,v0.1
INS_37F39B654DCF,REQ_30DB7809F4DB,5,30000.0,v0.1
INS_37F39B654DCF,REQ_84231661535F,6,30000.0,v0.1
INS_37F39B654DCF,REQ_AE9CF921F250,7,30000.0,v0.1
INS_37F39B654DCF,REQ_CC712B9A83FE,8,10810.0,v0.1
INS_37F39B654DCF,REQ_AD712A2A6553,9,650.0,v0.1
INS_37F39B654DCF,REQ_979ED3AC8A38,10,3760.0,v0.1
INS_37F39B654DCF,REQ_90B85D916161,11,600.0,v0.1
INS_37F39B654DCF,REQ_0E69555FE6E6,12,2130.0,v0.1
INS_37F39B654DCF,REQ_FBFF4AC0628B,13,30000.0,v0.1
INS_37F39B654DCF,REQ_7621D4024BA7,14,1810.0000000000002,v0.1
INS_37F39B654DCF,REQ_B6BAD7ED4E60,15,30000.0,v0.1
INS_37F39B654DCF,REQ_78CFFA518527,16,30000.0,v0.1
INS_37F39B654DCF,REQ_3FD30DF9AF37,17,1420.0,v0.1
INS_71D61A879E0B,REQ_3C110A7451AA,0,30000.0,v0.1
INS_71D61A879E0B,REQ_46E51E8D1FD6,1,30000.0,v0.1
INS_71D61A879E0B,REQ_A7B945D73A87,2,30000.0,v0.1
INS_71D61A879E0B,REQ_725ACAF24939,3,30000.0,v0.1
INS_71D61A879E0B,REQ_BAD5094FC616,4,30000.0,v0.1
INS_71D61A879E0B,REQ_83460775ABB9,5,30000.0,v0.1
INS_71D61A879E0B,REQ_F26378D02269,6,30000.0,v0.1
INS_71D61A879E0B,REQ_C6B6CEDEAAEE,7,30000.0,v0.1
INS_1594A21B2DDD,REQ_CF064E858579,0,11400.0,v0.1
INS_1594A21B2DDD,REQ_5E2B804B7B19,1,2500.0,v0.1
INS_1594A21B2DDD,REQ_933DC062F327,2,3880.0,v0.1
INS_1594A21B2DDD,REQ_146A5E298845,3,2450.0,v0.1
INS_1594A21B2DDD,REQ_388C2966634B,4,520.0,v0.1
INS_1594A21B2DDD,REQ_8439CE8702D1,5,1340.0,v0.1
INS_1594A21B2DDD,REQ_3B81821FE7E9,6,580.0,v0.1
INS_1594A21B2DDD,REQ_C7FEF800D26E,7,800.0,v0.1
INS_0D36A8D88414,REQ_5BCD98755798,0,920.0,v0.1
INS_0D36A8D88414,REQ_4A87B29F8C57,1,620.0,v0.1
INS_0D36A8D88414,REQ_BBF95E3F94BE,2,2750.0,v0.1
INS_0D36A8D88414,REQ_B420BB67B3AE,3,1550.0,v0.1
INS_0D36A8D88414,REQ_AF3744EC10A3,4,30000.0,v0.1
INS_0D36A8D88414,REQ_5A5ABDF38F20,5,300.0,v0.1
INS_0D36A8D88414,REQ_D136EC4FFDF8,6,28230.0,v0.1
INS_0D36A8D88414,REQ_0F96CDBA6D9F,7,2280.0,v0.1
INS_0D36A8D88414,REQ_72E5F0CE71E5,8,800.0,v0.1
INS_0D36A8D88414,REQ_6DC95D5582F8,9,640.0,v0.1
INS_0D36A8D88414,REQ_F56E73667108,10,26160.0,v0.1
INS_0D36A8D88414,REQ_2485C392F3E7,11,2010.0000000000002,v0.1
INS_0D36A8D88414,REQ_68481FAA3D8C,12,1300.0,v0.1
INS_0D36A8D88414,REQ_DFF48A90AE4B,13,23460.0,v0.1
INS_0D36A8D88414,REQ_083BD102C718,14,1250.0,v0.1
INS_0D36A8D88414,REQ_9BF16612D6DD,15,30000.0,v0.1
INS_0D36A8D88414,REQ_16A632F4AF52,16,700.0,v0.1
INS_0D36A8D88414,REQ_DE83B3B496B2,17,920.0,v0.1
INS_0D36A8D88414,REQ_695B3F517AF6,18,30000.0,v0.1
INS_0D36A8D88414,REQ_43A66843AE26,19,1320.0,v0.1
INS_93A8F299C827,REQ_2EB44AB0BE89,0,28180.0,v0.1
INS_93A8F299C827,REQ_6995E0CC4EC7,1,680.0,v0.1
INS_93A8F299C827,REQ_A88951DB6769,2,6850.0,v0.1
INS_93A8F299C827,REQ_76B7EEC0AB2E,3,30000.0,v0.1
INS_93A8F299C827,REQ_98CE1B4565BB,4,2300.0,v0.1
INS_93A8F299C827,REQ_C102DA7211FD,5,30000.0,v0.1
INS_93A8F299C827,REQ_ACB16A2EF033,6,5840.0,v0.1
INS_93A8F299C827,REQ_6EC658F5D595,7,4500.0,v0.1
INS_93A8F299C827,REQ_ADD8E27CC023,8,480.0,v0.1
INS_93A8F299C827,REQ_538CCF3F0311,9,1750.0,v0.1
INS_B7A059AB35B7,REQ_EA4C7592BC5B,0,12240.0,v0.1
INS_B7A059AB35B7,REQ_CE3455DB88C0,1,9260.0,v0.1
INS_B7A059AB35B7,REQ_29955146490B,2,240.0,v0.1
INS_B7A059AB35B7,REQ_57A441F5A092,3,30000.0,v0.1
INS_B7A059AB35B7,REQ_ECA3480848AE,4,3880.0,v0.1
INS_B7A059AB35B7,REQ_6AB9739A608E,5,30000.0,v0.1
INS_B7A059AB35B7,REQ_9992BE8B594D,6,100.0,v0.1
INS_B7A059AB35B7,REQ_9A8B3F974AA1,7,21770.0,v0.1
INS_B7A059AB35B7,REQ_1785103119BA,8,5170.0,v0.1
INS_B7A059AB35B7,REQ_B8626305861C,9,30000.0,v0.1
INS_B7A059AB35B7,REQ_21C768BD8F3A,10,310.0,v0.1
INS_B7A059AB35B7,REQ_05DD965B3498,11,100.0,v0.1
INS_B7A059AB35B7,REQ_494809896FB1,12,30000.0,v0.1
INS_D8F590149633,REQ_AFEDDA861D77,0,350.0,v0.1
INS_D8F590149633,REQ_26064CD6AD89,1,750.0,v0.1
INS_D8F590149633,REQ_DD39ECEFFEFC,2,13490.0,v0.1
INS_D8F590149633,REQ_D84799C3F0D9,3,30000.0,v0.1
INS_D8F590149633,REQ_70B3DA456903,4,10510.0,v0.1
INS_D8F590149633,REQ_A1A087EE1608,5,1910.0000000000002,v0.1
INS_D8F590149633,REQ_8805679C39A8,6,2170.0,v0.1
INS_D8F590149633,REQ_AFDF5F77CE7E,7,2550.0,v0.1
INS_D8F590149633,REQ_476DADE8ADBB,8,30000.0,v0.1
INS_515E94829389,REQ_B63AEC9250C9,0,5960.0,v0.1
INS_515E94829389,REQ_AFB24563E6AC,1,8420.0,v0.1
INS_515E94829389,REQ_727AC96C1024,2,1670.0,v0.1
INS_515E94829389,REQ_9190985271CD,3,30000.0,v0.1
INS_515E94829389,REQ_065C274CF952,4,7620.0,v0.1
INS_515E94829389,REQ_FF7A4E569DDF,5,210.0,v0.1
INS_515E94829389,REQ_EDC4F229C2F8,6,5230.0,v0.1
INS_515E94829389,REQ_6AAA820BFD7F,7,1910.0000000000002,v0.1
INS_3EBC12DA8FB8,REQ_D670BD2D0CAA,0,4090.0,v0.1
INS_3EBC12DA8FB8,REQ_6674FBD8B1CA,1,6220.0,v0.1
INS_3EBC12DA8FB8,REQ_7B989D723C97,2,8980.0,v0.1
INS_3EBC12DA8FB8,REQ_5A20B74F1CC6,3,11980.0,v0.1
INS_3EBC12DA8FB8,REQ_08E9E45903F2,4,4430.0,v0.1
INS_3EBC12DA8FB8,REQ_4ACED8586FC2,5,600.0,v0.1
INS_3EBC12DA8FB8,REQ_298E01E7E034,6,8260.0,v0.1
INS_3EBC12DA8FB8,REQ_D3A41658A10F,7,5040.0,v0.1
INS_3EBC12DA8FB8,REQ_169449095CD6,8,350.0,v0.1
INS_25EA8C2466CB,REQ_10066B432E57,0,11500.0,v0.1
INS_25EA8C2466CB,REQ_F6FFB8A24ADA,1,30000.0,v0.1
INS_25EA8C2466CB,REQ_BCFA7A6F34C3,2,250.0,v0.1
INS_25EA8C2466CB,REQ_3169F3B58378,3,4950.0,v0.1
INS_25EA8C2466CB,REQ_FA6B2DBF5AFB,4,180.0,v0.1
INS_25EA8C2466CB,REQ_2BFD3722DA71,5,2200.0,v0.1
INS_25EA8C2466CB,REQ_AFF5DBE6478D,6,8050.000000000001,v0.1
INS_25EA8C2466CB,REQ_F6BA413F4334,7,910.0,v0.1
INS_25EA8C2466CB,REQ_C08CF7889EDC,8,2400.0,v0.1
INS_25EA8C2466CB,REQ_8660DC189AD6,9,710.0,v0.1
INS_25EA8C2466CB,REQ_29D12DCAF42F,10,400.0,v0.1
INS_25EA8C2466CB,REQ_798F5049BD59,11,360.0,v0.1
INS_25EA8C2466CB,REQ_3283338E28B1,12,1140.0,v0.1
INS_54E0FFB779F3,REQ_AA4AFAE13C6E,0,9800.0,v0.1
INS_54E0FFB779F3,REQ_43CCF80E4E99,1,30000.0,v0.1
INS_54E0FFB779F3,REQ_AF8CDDA4D5E0,2,30000.0,v0.1
INS_54E0FFB779F3,REQ_75AB6204EF53,3,390.0,v0.1
INS_54E0FFB779F3,REQ_919DD27012C6,4,30000.0,v0.1
INS_54E0FFB779F3,REQ_48C9BCADCABD,5,30000.0,v0.1
INS_54E0FFB779F3,REQ_0C29D1C7632C,6,30000.0,v0.1
INS_54E0FFB779F3,REQ_B928B17119AE,7,6080.0,v0.1
INS_54E0FFB779F3,REQ_D7C981DEE0E7,8,7309.999999999999,v0.1
INS_54E0FFB779F3,REQ_89498E831993,9,30000.0,v0.1
INS_54E0FFB779F3,REQ_A673DE68CE58,10,26980.0,v0.1
INS_54E0FFB779F3,REQ_4CC2DA46AECF,11,30000.0,v0.1
INS_54E0FFB779F3,REQ_B884FFFCE234,12,30000.0,v0.1
INS_591ECA959980,REQ_26DA107DD369,0,13900.0,v0.1
INS_591ECA959980,REQ_3AD0423B3E77,1,13940.0,v0.1
INS_591ECA959980,REQ_6727836D35E8,2,29370.0,v0.1
INS_591ECA959980,REQ_B7C2F36D754D,3,250.0,v0.1
INS_591ECA959980,REQ_49313FAA0FFE,4,600.0,v0.1
INS_591ECA959980,REQ_D7E2523B4DD4,5,10840.0,v0.1
INS_591ECA959980,REQ_322DC5B84E72,6,30000.0,v0.1
INS_591ECA959980,REQ_B24CF9A6D2D8,7,5950.0,v0.1
INS_591ECA959980,REQ_5366AD7EA89D,8,250.0,v0.1
INS_591ECA959980,REQ_DFEB8E8F40AA,9,250.0,v0.1
INS_591ECA959980,REQ_DE008BA6FDE1,10,620.0,v0.1
INS_591ECA959980,REQ_0757F5618867,11,1120.0,v0.1
INS_958646179082,REQ_3D27752AA263,0,30000.0,v0.1
INS_958646179082,REQ_D8BE48ED7FDE,1,3080.0,v0.1
INS_958646179082,REQ_29955146490B,2,240.0,v0.1
INS_958646179082,REQ_57A441F5A092,3,30000.0,v0.1
INS_958646179082,REQ_1785103119BA,4,5170.0,v0.1
INS_958646179082,REQ_C241B50D74CB,5,7380.0,v0.1
INS_958646179082,REQ_D247F8408562,6,7950.0,v0.1
INS_958646179082,REQ_F0BE63F95380,7,4390.0,v0.1
INS_958646179082,REQ_24ACF5DD0CD8,8,7550.0,v0.1
INS_958646179082,REQ_97A034723106,9,30000.0,v0.1
INS_958646179082,REQ_4AD35C76BCA6,10,7400.0,v0.1
INS_958646179082,REQ_03BB0869FE97,11,13930.0,v0.1
INS_958646179082,REQ_56619A0C6008,12,30000.0,v0.1
INS_958646179082,REQ_945A4A3DB574,13,13210.0,v0.1
INS_958646179082,REQ_98C3C94FBF39,14,12580.0,v0.1
INS_958646179082,REQ_8B58A6ED8196,15,430.0,v0.1
INS_958646179082,REQ_CD3138801AB8,16,80.0,v0.1
INS_958646179082,REQ_9E7C91C0AEF0,17,80.0,v0.1
INS_958646179082,REQ_3999AC9B7542,18,270.0,v0.1
INS_958646179082,REQ_E3A4C96F2545,19,6630.0,v0.1
INS_958646179082,REQ_82229E51F722,20,280.0,v0.1
INS_958646179082,REQ_A6E08097317D,21,30000.0,v0.1
INS_958646179082,REQ_BBF2A3F38F9B,22,410.0,v0.1
INS_958646179082,REQ_E4EF27D11EA0,23,24180.0,v0.1
INS_958646179082,REQ_0B4782F7DADB,24,4300.0,v0.1
INS_958646179082,REQ_EA4C7592BC5B,25,12240.0,v0.1
INS_51F5903EA842,REQ_0C8967B0F3BB,0,770.0,v0.1
INS_51F5903EA842,REQ_A992DBB8E90E,1,30000.0,v0.1
INS_51F5903EA842,REQ_9D6A42C49944,2,30000.0,v0.1
INS_51F5903EA842,REQ_A420B54A81EA,3,30000.0,v0.1
INS_51F5903EA842,REQ_A09101A6882F,4,400.0,v0.1
INS_51F5903EA842,REQ_958997C92583,5,23040.0,v0.1
INS_51F5903EA842,REQ_BB5B4DD76BDA,6,1140.0,v0.1
INS_51F5903EA842,REQ_D02F3CF2C798,7,12230.0,v0.1
INS_51F5903EA842,REQ_B5A241828E2A,8,30000.0,v0.1
INS_51F5903EA842,REQ_3C29D6D9A6B1,9,30000.0,v0.1
INS_51F5903EA842,REQ_DFC08757532D,10,30000.0,v0.1
INS_51F5903EA842,REQ_47D378F2EB4A,11,30000.0,v0.1
INS_51F5903EA842,REQ_B2B85BB5FD49,12,30000.0,v0.1
INS_51F5903EA842,REQ_48456EFA3A72,13,5950.0,v0.1
INS_51F5903EA842,REQ_B72BC3D9FE15,14,3160.0,v0.1
INS_51F5903EA842,REQ_2D5FB40DF6E3,15,3050.0,v0.1
INS_51F5903EA842,REQ_739DFD9C6FB8,16,4470.0,v0.1
INS_51F5903EA842,REQ_46461EE48A15,17,11310.0,v0.1
INS_51F5903EA842,REQ_F9D0E96E4FAC,18,11120.0,v0.1
INS_51F5903EA842,REQ_D48E9B87FC91,19,1700.0,v0.1
INS_51F5903EA842,REQ_8C06DA64FE09,20,2400.0,v0.1
INS_51F5903EA842,REQ_8FFF263C1DD3,21,6909.999999999999,v0.1
INS_51F5903EA842,REQ_EBD2B0D630C5,22,7360.0,v0.1
INS_51F5903EA842,REQ_C4E1295F6126,23,11040.0,v0.1
INS_51F5903EA842,REQ_740257D23822,24,390.0,v0.1
INS_4180395372A8,REQ_6405019A3E7D,0,90.0,v0.1
INS_4180395372A8,REQ_3B1B7EE9CF42,1,930.0000000000001,v0.1
INS_4180395372A8,REQ_EA2FAC5F6427,2,25640.0,v0.1
INS_4180395372A8,REQ_DC99BDF9AFEC,3,360.0,v0.1
INS_4180395372A8,REQ_A139228614A2,4,3030.0,v0.1
INS_4180395372A8,REQ_E9C7131433D5,5,27440.0,v0.1
INS_4180395372A8,REQ_F1D154D2E8B9,6,590.0,v0.1
INS_4180395372A8,REQ_2F893422E480,7,1150.0,v0.1
INS_4180395372A8,REQ_D3B5ADB61ED6,8,30000.0,v0.1
INS_4180395372A8,REQ_4B6EA53DE19C,9,1250.0,v0.1
INS_4180395372A8,REQ_A93FA9CC3542,10,5360.0,v0.1
INS_4180395372A8,REQ_5A6244B4663D,11,30000.0,v0.1
INS_4180395372A8,REQ_A389342E1E42,12,600.0,v0.1
INS_4180395372A8,REQ_7190037AC579,13,13070.0,v0.1
INS_4180395372A8,REQ_924DE1286318,14,1160.0,v0.1
INS_4180395372A8,REQ_CE6B3B6B37DF,15,200.0,v0.1
INS_4180395372A8,REQ_18CDF5B16E3F,16,30000.0,v0.1
INS_4180395372A8,REQ_D7535F9401CC,17,1870.0,v0.1
INS_4180395372A8,REQ_7EFA0424D8BD,18,30000.0,v0.1
INS_4180395372A8,REQ_7AC802A118E1,19,30000.0,v0.1
INS_4180395372A8,REQ_0170FE0E85D7,20,1730.0,v0.1
INS_4180395372A8,REQ_5E13D5726DFA,21,13550.0,v0.1
INS_4180395372A8,REQ_EF56F3573DB3,22,2210.0,v0.1
INS_4180395372A8,REQ_1021FA0D5FCC,23,500.0,v0.1
INS_4180395372A8,REQ_7D04599C688B,24,17660.0,v0.1
INS_4180395372A8,REQ_5B0049B1A032,25,1980.0,v0.1
INS_4180395372A8,REQ_A2CA2038C9A9,26,2800.0,v0.1
INS_4180395372A8,REQ_649D2E397165,27,20150.0,v0.1
INS_4180395372A8,REQ_7F5F8F00B267,28,1520.0,v0.1
INS_4180395372A8,REQ_AA9E600F42B1,29,3350.0,v0.1
INS_4180395372A8,REQ_FBBDB39A58C8,30,509.99999999999994,v0.1
INS_4180395372A8,REQ_F517F99AD9C7,31,4950.0,v0.1
INS_4180395372A8,REQ_55356711CF7E,32,7350.0,v0.1
INS_4180395372A8,REQ_F4A5532F36CC,33,30000.0,v0.1
INS_4180395372A8,REQ_53F489C00CDE,34,2920.0,v0.1
INS_4180395372A8,REQ_8BF4090A3416,35,800.0,v0.1
INS_4180395372A8,REQ_50769AE2E859,36,290.0,v0.1
INS_4180395372A8,REQ_2E47DD454623,37,5080.0,v0.1
INS_4180395372A8,REQ_11B7B83D1F1C,38,30000.0,v0.1
INS_C9EC1D7B1660,REQ_77BE2073690D,0,500.0,v0.1
INS_C9EC1D7B1660,REQ_7ABA9DD9083D,1,210.0,v0.1
INS_C9EC1D7B1660,REQ_4856BFDA18A7,2,28500.0,v0.1
INS_C9EC1D7B1660,REQ_D1B58C85FEC2,3,22380.0,v0.1
INS_C9EC1D7B1660,REQ_A29738DE48CF,4,30000.0,v0.1
INS_C9EC1D7B1660,REQ_A50BA5673F24,5,30000.0,v0.1
INS_C9EC1D7B1660,REQ_992418F5AA47,6,9970.0,v0.1
INS_C9EC1D7B1660,REQ_958B9FEEABC2,7,1880.0,v0.1
INS_C9EC1D7B1660,REQ_ABC82F8895A2,8,30000.0,v0.1
INS_C9EC1D7B1660,REQ_ABD54DEBC2BC,9,14830.0,v0.1
INS_C9EC1D7B1660,REQ_E679A7246AB9,10,22960.0,v0.1
INS_C9EC1D7B1660,REQ_9FDB97C8E276,11,30000.0,v0.1
INS_C9EC1D7B1660,REQ_4EACE74C442E,12,19040.0,v0.1
INS_C9EC1D7B1660,REQ_1B8CB35CC950,13,480.0,v0.1
INS_C9EC1D7B1660,REQ_539D08B806F2,14,470.0,v0.1
INS_C9EC1D7B1660,REQ_8402CF25BA3F,15,25560.0,v0.1
INS_C9EC1D7B1660,REQ_85585E79F9FD,16,14900.0,v0.1
INS_C9EC1D7B1660,REQ_81E6611A6345,17,25790.0,v0.1
INS_C9EC1D7B1660,REQ_8B6CA3FB6F1F,18,3270.0000000000005,v0.1
INS_C9EC1D7B1660,REQ_8184F6B2D30F,19,4360.0,v0.1
INS_C9EC1D7B1660,REQ_010EF9CA815D,20,9030.0,v0.1
INS_C9EC1D7B1660,REQ_20A7E6918E31,21,12600.0,v0.1
INS_C9EC1D7B1660,REQ_AC0DDAD35B3C,22,400.0,v0.1
INS_C9EC1D7B1660,REQ_4FB973EC53CF,23,480.0,v0.1
INS_7133BA9CE7D4,REQ_FBD1A875876E,0,830.0000000000001,v0.1
INS_7133BA9CE7D4,REQ_9172B9AA895E,1,5440.0,v0.1
INS_7133BA9CE7D4,REQ_57682FB49F9C,2,500.0,v0.1
INS_7133BA9CE7D4,REQ_E62B25A2D725,3,1300.0,v0.1
INS_7133BA9CE7D4,REQ_B5D2E1C452F2,4,1000.0,v0.1
INS_7133BA9CE7D4,REQ_2A38E4626095,5,1170.0,v0.1
INS_7133BA9CE7D4,REQ_7E3AC13054AE,6,1260.0,v0.1
INS_7133BA9CE7D4,REQ_B755776A9ADE,7,30000.0,v0.1
INS_FBB73232CE0F,REQ_84B58BBA7CBC,0,3750.0,v0.1
INS_FBB73232CE0F,REQ_A3953CCBFAFE,1,2000.0,v0.1
INS_FBB73232CE0F,REQ_57594670469F,2,750.0,v0.1
INS_FBB73232CE0F,REQ_F21EB54FB8F9,3,1100.0,v0.1
INS_FBB73232CE0F,REQ_D59440709459,4,9670.0,v0.1
INS_FBB73232CE0F,REQ_5E33A30BD039,5,4060.0,v0.1
INS_FBB73232CE0F,REQ_42D6BED46BB5,6,1990.0,v0.1
INS_FBB73232CE0F,REQ_E138B3B9DF9B,7,2200.0,v0.1
INS_FBB73232CE0F,REQ_F0A24A2123EE,8,1250.0,v0.1
INS_FBB73232CE0F,REQ_4E1BA3955A6E,9,570.0,v0.1
INS_FBB73232CE0F,REQ_B4A328D90E82,10,1710.0000000000002,v0.1
INS_FBB73232CE0F,REQ_6E9D165F1D9C,11,1570.0,v0.1
INS_FBB73232CE0F,REQ_9858C6B74A3F,12,970.0,v0.1
INS_FBB73232CE0F,REQ_B4CC4818879E,13,3430.0,v0.1
INS_FBB73232CE0F,REQ_4FA46EB7FB52,14,1450.0,v0.1
INS_FBB73232CE0F,REQ_05365A7E250E,15,10410.0,v0.1
INS_FBB73232CE0F,REQ_3B64E14BDFE4,16,1350.0,v0.1
INS_FBB73232CE0F,REQ_7622A4DA0B3E,17,1989.9999999999998,v0.1
INS_FBB73232CE0F,REQ_4BAD607AD507,18,1360.0,v0.1
INS_FBB73232CE0F,REQ_D5559747CA5D,19,4770.0,v0.1
INS_FBB73232CE0F,REQ_E024164BBBFC,20,3420.0,v0.1
INS_FBB73232CE0F,REQ_1BA3DFFF697B,21,2480.0,v0.1
INS_FBB73232CE0F,REQ_CA12A32F6C8C,22,5030.0,v0.1
INS_FBB73232CE0F,REQ_1BFF54238B3A,23,30000.0,v0.1
INS_FBB73232CE0F,REQ_4F2733BD3FE4,24,400.0,v0.1
INS_FBB73232CE0F,REQ_FDED3822362E,25,5720.0,v0.1
INS_FBB73232CE0F,REQ_7F31234A41DC,26,1320.0,v0.1
INS_FBB73232CE0F,REQ_05542A5FF46E,27,250.0,v0.1
INS_FBB73232CE0F,REQ_B715BB2D6F5B,28,9170.0,v0.1
INS_FBB73232CE0F,REQ_B4E4E47E4C9B,29,3600.0,v0.1
INS_FBB73232CE0F,REQ_A518BF61A22B,30,2460.0,v0.1
INS_FBB73232CE0F,REQ_6A2CF6899AD7,31,850.0,v0.1
INS_FBB73232CE0F,REQ_98FB6D309525,32,30000.0,v0.1
INS_FBB73232CE0F,REQ_96741BBCDE22,33,1100.0,v0.1
INS_FBB73232CE0F,REQ_6AFDE9B47FF5,34,550.0,v0.1
INS_FBB73232CE0F,REQ_CF064E858579,35,11400.0,v0.1
INS_FBB73232CE0F,REQ_E84DD0D3CE59,36,7120.0,v0.1
INS_FBB73232CE0F,REQ_615F963B5154,37,2060.0,v0.1
INS_FBB73232CE0F,REQ_129288E2D82A,38,4780.0,v0.1
INS_FBB73232CE0F,REQ_6A0A3F7C5156,39,9160.0,v0.1
INS_FBB73232CE0F,REQ_118A4C1D5B93,40,400.0,v0.1
INS_FBB73232CE0F,REQ_0CB3B66E45CD,41,8860.0,v0.1
INS_FBB73232CE0F,REQ_1A3DBCD923B4,42,4970.0,v0.1
INS_FBB73232CE0F,REQ_C713AE8C844F,43,200.0,v0.1
INS_FBB73232CE0F,REQ_975539C9E616,44,290.0,v0.1
INS_FBB73232CE0F,REQ_142B4442F06A,45,1430.0,v0.1
INS_FBB73232CE0F,REQ_ACA476CA2F41,46,30000.0,v0.1
INS_FBB73232CE0F,REQ_4A6CFBBF62E2,47,8630.0,v0.1
INS_FBB73232CE0F,REQ_7A2D7FCBDAD3,48,1700.0,v0.1
INS_FBB73232CE0F,REQ_1990375E67BE,49,7680.0,v0.1
INS_F1FE4C50C6D7,REQ_9B9A15D12597,0,30000.0,v0.1
INS_F1FE4C50C6D7,REQ_296B3CDB7FF0,1,1050.0,v0.1
INS_F1FE4C50C6D7,REQ_648340CE0893,2,459.99999999999994,v0.1
INS_F1FE4C50C6D7,REQ_F8983C6ABBE3,3,16180.0,v0.1
INS_F1FE4C50C6D7,REQ_F32D5923DF63,4,700.0,v0.1
INS_F1FE4C50C6D7,REQ_4D0A0CC5CD9E,5,11870.0,v0.1
INS_F1FE4C50C6D7,REQ_1743E788974F,6,280.0,v0.1
INS_F1FE4C50C6D7,REQ_1A40C80077BE,7,170.0,v0.1
INS_F1FE4C50C6D7,REQ_3F6174AD753A,8,8680.0,v0.1
INS_F1FE4C50C6D7,REQ_924371EFEBAB,9,30000.0,v0.1
INS_F1FE4C50C6D7,REQ_23471186482D,10,3700.0,v0.1
INS_F1FE4C50C6D7,REQ_A61CEA7E0277,11,22730.0,v0.1
INS_F1FE4C50C6D7,REQ_1AC768DF9141,12,2630.0,v0.1
INS_A0965F8FF5DB,REQ_63A63052AE6B,0,850.0,v0.1
INS_A0965F8FF5DB,REQ_3221235CEB1B,1,30000.0,v0.1
INS_A0965F8FF5DB,REQ_35778326AD5F,2,420.0,v0.1
INS_A0965F8FF5DB,REQ_9A0F52F6D79B,3,2650.0,v0.1
INS_A0965F8FF5DB,REQ_256E134FE119,4,4520.0,v0.1
INS_A0965F8FF5DB,REQ_DB8EF4A27D2A,5,650.0,v0.1
INS_A0965F8FF5DB,REQ_EC3320B25E5C,6,740.0,v0.1
INS_A0965F8FF5DB,REQ_1F874640A750,7,840.0,v0.1
INS_A0965F8FF5DB,REQ_3699E55AE0D8,8,350.0,v0.1
INS_3ACB1C2D6D1D,REQ_13C02D399DC2,0,4400.0,v0.1
INS_3ACB1C2D6D1D,REQ_652FC748F9B9,1,6400.0,v0.1
INS_3ACB1C2D6D1D,REQ_D455AFFBD733,2,3200.0,v0.1
INS_3ACB1C2D6D1D,REQ_BB9BA3D7F9F4,3,16170.0,v0.1
INS_3ACB1C2D6D1D,REQ_F42E33CB502E,4,13310.0,v0.1
INS_3ACB1C2D6D1D,REQ_954FA3A2B89F,5,3479.9999999999995,v0.1
INS_3ACB1C2D6D1D,REQ_5A65BDE123AB,6,30000.0,v0.1
INS_3ACB1C2D6D1D,REQ_7BA3A07EFE63,7,170.0,v0.1
INS_3ACB1C2D6D1D,REQ_37869035DBC6,8,8640.0,v0.1
INS_3ACB1C2D6D1D,REQ_708B0E1A5E5A,9,200.0,v0.1
INS_3ACB1C2D6D1D,REQ_8F64C521B9D0,10,3650.0,v0.1
INS_3ACB1C2D6D1D,REQ_8060616DEE0B,11,4240.0,v0.1
INS_3ACB1C2D6D1D,REQ_0F98626E1103,12,370.0,v0.1
INS_3ACB1C2D6D1D,REQ_6193D66A4AAD,13,640.0,v0.1
INS_D18273A74952,REQ_5BE6A4E6D70C,0,1360.0,v0.1
INS_D18273A74952,REQ_CA8D8D5DD7A5,1,430.0,v0.1
INS_D18273A74952,REQ_3550710A6407,2,14800.0,v0.1
INS_D18273A74952,REQ_6C071646BA66,3,2850.0,v0.1
INS_D18273A74952,REQ_5FBF018FC6F6,4,21910.0,v0.1
INS_D18273A74952,REQ_77E9AC30BA28,5,220.00000000000003,v0.1
INS_D18273A74952,REQ_796E38878076,6,2340.0,v0.1
INS_D18273A74952,REQ_EADD745EA60C,7,2500.0,v0.1
INS_D18273A74952,REQ_3EA7E2F8E59A,8,30000.0,v0.1
INS_D18273A74952,REQ_3B801826FFCF,9,840.0,v0.1
INS_D18273A74952,REQ_19069F2192A6,10,1050.0,v0.1
INS_D18273A74952,REQ_7B8F1E030722,11,900.0,v0.1
INS_D18273A74952,REQ_F833DAAC70E1,12,11300.0,v0.1
INS_D18273A74952,REQ_681727E27C44,13,30000.0,v0.1
INS_D18273A74952,REQ_50EBD35AD376,14,30000.0,v0.1
INS_D18273A74952,REQ_1AE16A77D5BA,15,2320.0,v0.1
INS_D18273A74952,REQ_1CEB63C4DDE4,16,700.0,v0.1
INS_D18273A74952,REQ_2F57B3D78CD0,17,1789.9999999999998,v0.1
INS_D18273A74952,REQ_0D8B22F33D36,18,950.0,v0.1
INS_D18273A74952,REQ_819C1630F82D,19,1480.0,v0.1
INS_D18273A74952,REQ_7EC4ECD3DB7E,20,200.0,v0.1
INS_D18273A74952,REQ_10C922F59573,21,250.0,v0.1
INS_D18273A74952,REQ_F1E45C025589,22,30000.0,v0.1
INS_D18273A74952,REQ_7621D4024BA7,23,1810.0000000000002,v0.1
INS_D18273A74952,REQ_75CB7D6B6390,24,30000.0,v0.1
INS_D18273A74952,REQ_FF4F32C1DBF2,25,400.0,v0.1
INS_D18273A74952,REQ_E43E47514FEF,26,2080.0,v0.1
INS_D18273A74952,REQ_326EB1D6D750,27,30000.0,v0.1
INS_D18273A74952,REQ_34C21EB0A97A,28,18320.0,v0.1
INS_D18273A74952,REQ_76FF35CE7C3D,29,4110.0,v0.1
INS_D18273A74952,REQ_2D0F5F47B50C,30,400.0,v0.1
INS_D18273A74952,REQ_78CFFA518527,31,30000.0,v0.1
INS_D18273A74952,REQ_33F416A1DD44,32,440.0,v0.1
INS_D18273A74952,REQ_BA45E9C97173,33,23820.0,v0.1
INS_D18273A74952,REQ_B85CA3CD8E7D,34,2490.0,v0.1
INS_D18273A74952,REQ_27BEC648A8AF,35,919.9999999999999,v0.1
INS_D18273A74952,REQ_DAD8A0AA0749,36,2380.0,v0.1
INS_D18273A74952,REQ_9837DC1C8D1A,37,2300.0,v0.1
INS_D18273A74952,REQ_05A5D5E94204,38,450.0,v0.1
INS_D18273A74952,REQ_010C83519C56,39,1040.0,v0.1
INS_D18273A74952,REQ_AE9CF921F250,40,30000.0,v0.1
INS_D18273A74952,REQ_32F4E1BF72E3,41,680.0,v0.1
INS_D18273A74952,REQ_ED7582B3CFBE,42,30000.0,v0.1
INS_D18273A74952,REQ_8D9439FAB18B,43,430.0,v0.1
INS_DA729351D3B8,REQ_9BBE4301F051,0,26470.0,v0.1
INS_DA729351D3B8,REQ_599DAE8C5E05,1,3440.0,v0.1
INS_DA729351D3B8,REQ_825261CDD8EB,2,790.0,v0.1
INS_DA729351D3B8,REQ_7B2F46330694,3,200.0,v0.1
INS_DA729351D3B8,REQ_0D3DC026BA8C,4,30000.0,v0.1
INS_DA729351D3B8,REQ_EF7DC88565BC,5,30000.0,v0.1
INS_DA729351D3B8,REQ_9D3CFCFDE3C0,6,3560.0,v0.1
INS_DA729351D3B8,REQ_C7827761339D,7,1480.0,v0.1
INS_DA729351D3B8,REQ_7EE102948FF3,8,2550.0,v0.1
INS_7FA7E8A68506,REQ_C3CFC1423CB9,0,910.0,v0.1
INS_7FA7E8A68506,REQ_24D52BEADC04,1,16820.0,v0.1
INS_7FA7E8A68506,REQ_54F1DCA39F33,2,1180.0,v0.1
INS_7FA7E8A68506,REQ_694CD3AD4DD3,3,450.0,v0.1
INS_7FA7E8A68506,REQ_87F5F418EF67,4,2830.0,v0.1
INS_7FA7E8A68506,REQ_63A1B38AC060,5,20710.0,v0.1
INS_7FA7E8A68506,REQ_A0CE9E420122,6,25550.0,v0.1
INS_7FA7E8A68506,REQ_83B86B81C577,7,4250.0,v0.1
INS_7FA7E8A68506,REQ_B54A3E2E95DD,8,2850.0,v0.1
INS_7FA7E8A68506,REQ_27B19B7AB8A3,9,11700.0,v0.1
INS_7FA7E8A68506,REQ_824BB39F9AB9,10,30000.0,v0.1
INS_7FA7E8A68506,REQ_4FA65148CD61,11,2830.0,v0.1
INS_D6B8FCC66CA9,REQ_D12BC1F02052,0,10130.0,v0.1
INS_D6B8FCC66CA9,REQ_09CDC5B0FEDD,1,100.0,v0.1
INS_D6B8FCC66CA9,REQ_E1546AA10FF1,2,1000.0,v0.1
INS_D6B8FCC66CA9,REQ_38A567FF39CE,3,6170.0,v0.1
INS_D6B8FCC66CA9,REQ_17821CDA46FF,4,12890.0,v0.1
INS_D6B8FCC66CA9,REQ_3966229E9E74,5,1270.0,v0.1
INS_D6B8FCC66CA9,REQ_18B0A04767AE,6,26960.0,v0.1
INS_D6B8FCC66CA9,REQ_30B251621422,7,490.00000000000006,v0.1
INS_D6B8FCC66CA9,REQ_A9A51A4E22B6,8,3800.0,v0.1
INS_D6B8FCC66CA9,REQ_DDDF5CAAD1D6,9,24510.0,v0.1
INS_D6B8FCC66CA9,REQ_89278A95248F,10,1040.0,v0.1
INS_D6B8FCC66CA9,REQ_4B55F52CF98A,11,30000.0,v0.1
INS_D6B8FCC66CA9,REQ_09A34E89B543,12,930.0000000000001,v0.1
INS_457B3DB1C725,REQ_A93B773F5CEF,0,1410.0,v0.1
INS_457B3DB1C725,REQ_B17719ECB107,1,6250.0,v0.1
INS_457B3DB1C725,REQ_963F5F749881,2,960.0,v0.1
INS_457B3DB1C725,REQ_41101472AE7C,3,14960.0,v0.1
INS_457B3DB1C725,REQ_30B8F7DBA42D,4,470.0,v0.1
INS_457B3DB1C725,REQ_B55F5CA59442,5,2300.0,v0.1
INS_457B3DB1C725,REQ_5CF9A992788C,6,24350.0,v0.1
INS_457B3DB1C725,REQ_5F057D5FCC98,7,30000.0,v0.1
INS_457B3DB1C725,REQ_3C77F0C6D249,8,17210.0,v0.1
INS_457B3DB1C725,REQ_48D36A98A645,9,5450.0,v0.1
INS_457B3DB1C725,REQ_B22E7027066D,10,22760.0,v0.1
INS_457B3DB1C725,REQ_19D1EBA48A1F,11,8620.0,v0.1
INS_457B3DB1C725,REQ_82B6B3C3D714,12,30000.0,v0.1
INS_457B3DB1C725,REQ_4A21D6558B6F,13,880.0,v0.1
INS_8E3BD481EFF4,REQ_256E134FE119,0,4520.0,v0.1
INS_8E3BD481EFF4,REQ_43E3B54DFB22,1,6930.0,v0.1
INS_8E3BD481EFF4,REQ_E070264C21E4,2,1380.0,v0.1
INS_8E3BD481EFF4,REQ_466BF9C93CEA,3,10350.0,v0.1
INS_8E3BD481EFF4,REQ_D9E4615784EB,4,7210.0,v0.1
INS_8E3BD481EFF4,REQ_8B082EBE67DF,5,520.0,v0.1
INS_8E3BD481EFF4,REQ_FB7AFBF0CAA4,6,30000.0,v0.1
INS_8E3BD481EFF4,REQ_57026EFB5F9A,7,550.0,v0.1
INS_8E3BD481EFF4,REQ_22256639C8A7,8,3420.0000000000005,v0.1
INS_8E3BD481EFF4,REQ_92DD339A628D,9,9220.0,v0.1
INS_8E3BD481EFF4,REQ_B73AC92B2541,10,640.0,v0.1
INS_8E3BD481EFF4,REQ_00E661BC95DA,11,30000.0,v0.1
INS_8E3BD481EFF4,REQ_F791E0F401EA,12,819.9999999999999,v0.1
INS_8E3BD481EFF4,REQ_EF36897F90FA,13,800.0,v0.1
INS_8E3BD481EFF4,REQ_1A70DA8FE291,14,430.0,v0.1
INS_8E3BD481EFF4,REQ_71200205AC02,15,25660.0,v0.1
INS_8E3BD481EFF4,REQ_22F620D3068A,16,18530.0,v0.1
INS_8E3BD481EFF4,REQ_86FC443C953B,17,4280.0,v0.1
INS_8E3BD481EFF4,REQ_40AFA4EDABFA,18,860.0,v0.1
INS_8E3BD481EFF4,REQ_49C462A4452D,19,80.0,v0.1
INS_8E3BD481EFF4,REQ_6672E91816F9,20,480.0,v0.1
INS_8E3BD481EFF4,REQ_417688E303B6,21,8170.0,v0.1
INS_8E3BD481EFF4,REQ_B80C2510C189,22,460.0,v0.1
INS_8E3BD481EFF4,REQ_0E5BE0CF4B2F,23,8950.0,v0.1
INS_8E3BD481EFF4,REQ_158744FD1EF6,24,17210.0,v0.1
INS_8E3BD481EFF4,REQ_00CC1327D072,25,6800.0,v0.1
INS_8E3BD481EFF4,REQ_C30591F31D3B,26,80.0,v0.1
INS_8E3BD481EFF4,REQ_85FDF1AFC136,27,2270.0,v0.1
INS_8E3BD481EFF4,REQ_7ABE8BAA5661,28,210.0,v0.1
INS_8E3BD481EFF4,REQ_A23632729378,29,4890.0,v0.1
INS_8E3BD481EFF4,REQ_9DBF5495958D,30,21770.0,v0.1
INS_8E3BD481EFF4,REQ_3234730ED51A,31,1050.0,v0.1
INS_8E3BD481EFF4,REQ_DBC67B8E396A,32,250.0,v0.1
INS_8E3BD481EFF4,REQ_00B3AA496C85,33,869.9999999999999,v0.1
INS_8E3BD481EFF4,REQ_C5C7A11FF4CB,34,1400.0,v0.1
INS_8E3BD481EFF4,REQ_77B529A36E9E,35,20190.0,v0.1
INS_8E3BD481EFF4,REQ_188913806B33,36,30000.0,v0.1
INS_8E3BD481EFF4,REQ_100991061402,37,130.0,v0.1
INS_2484925CCEC7,REQ_B097ED557943,0,16790.0,v0.1
INS_2484925CCEC7,REQ_BD578A953F1E,1,23410.0,v0.1
INS_2484925CCEC7,REQ_28A375DE6AAA,2,8840.0,v0.1
INS_2484925CCEC7,REQ_2C9E7B9F2AAB,3,17660.0,v0.1
INS_2484925CCEC7,REQ_84DCB863BDE5,4,550.0,v0.1
INS_2484925CCEC7,REQ_93D76D613EE2,5,5350.0,v0.1
INS_2484925CCEC7,REQ_6F4E27F639CC,6,850.0,v0.1
INS_2484925CCEC7,REQ_6B3674688BF6,7,13840.0,v0.1
INS_2484925CCEC7,REQ_1374821FA509,8,30000.0,v0.1
INS_2484925CCEC7,REQ_EC9D192840FA,9,7470.0,v0.1
INS_2484925CCEC7,REQ_A4D4A5BAF6BF,10,21140.0,v0.1
INS_2484925CCEC7,REQ_CA4F843F0FED,11,5020.0,v0.1
INS_2484925CCEC7,REQ_FFF9338CA3EE,12,22900.0,v0.1
INS_2484925CCEC7,REQ_A5706ED197F2,13,3480.0,v0.1
INS_2484925CCEC7,REQ_A2DBB746A084,14,1100.0,v0.1
INS_2484925CCEC7,REQ_99FEAFD2A4DE,15,27950.0,v0.1
INS_2484925CCEC7,REQ_AE2333F644E5,16,30000.0,v0.1
INS_2484925CCEC7,REQ_FE3BB5211481,17,27960.0,v0.1
INS_2484925CCEC7,REQ_1EB93EA4E4E6,18,30000.0,v0.1
INS_2484925CCEC7,REQ_C47304DA83ED,19,4230.0,v0.1
INS_2484925CCEC7,REQ_672872653816,20,1460.0,v0.1
INS_2484925CCEC7,REQ_E1A9BB741908,21,30000.0,v0.1
INS_2484925CCEC7,REQ_9328E727F87E,22,13130.0,v0.1
INS_2484925CCEC7,REQ_5B3C200EEC95,23,19010.0,v0.1
INS_2484925CCEC7,REQ_C6164FC07983,24,10200.0,v0.1
INS_2484925CCEC7,REQ_ED7BE70F6C43,25,30000.0,v0.1
INS_2484925CCEC7,REQ_9A94B35B3E61,26,9400.0,v0.1
INS_2484925CCEC7,REQ_B34B59163E48,27,9140.0,v0.1
INS_2484925CCEC7,REQ_F288C4B01477,28,9490.0,v0.1
INS_2484925CCEC7,REQ_56A7135352C1,29,30000.0,v0.1
INS_2484925CCEC7,REQ_04D6587A13E6,30,30000.0,v0.1
INS_2484925CCEC7,REQ_AD879F1716A0,31,30000.0,v0.1
INS_2484925CCEC7,REQ_D02202BC365A,32,30000.0,v0.1
INS_2484925CCEC7,REQ_47A644D06013,33,2090.0,v0.1
INS_2484925CCEC7,REQ_AE59B50F73FE,34,30000.0,v0.1
INS_2484925CCEC7,REQ_49C7562F0AA2,35,780.0,v0.1
INS_2484925CCEC7,REQ_1C6C4437AA19,36,590.0,v0.1
INS_2484925CCEC7,REQ_C57CF0A27418,37,3110.0,v0.1
INS_2484925CCEC7,REQ_D6F1976FF642,38,4490.0,v0.1
INS_2484925CCEC7,REQ_900889251D8D,39,30700.0,v0.1
INS_2484925CCEC7,REQ_75DCA1392FA5,40,30000.0,v0.1
INS_2484925CCEC7,REQ_1BB317A15F19,41,30000.0,v0.1
INS_2484925CCEC7,REQ_C12E36BE3790,42,220.00000000000003,v0.1
INS_2484925CCEC7,REQ_C455481065A1,43,1060.0,v0.1
INS_2484925CCEC7,REQ_ED558EDFB2BF,44,1100.0,v0.1
INS_2484925CCEC7,REQ_B174347B404E,45,10500.0,v0.1
INS_2484925CCEC7,REQ_A5C82EC57249,46,24410.0,v0.1
INS_2484925CCEC7,REQ_4B0608D2931B,47,1860.0000000000002,v0.1
INS_2484925CCEC7,REQ_AABA724BA278,48,17560.0,v0.1
INS_2484925CCEC7,REQ_3383222AB8B2,49,30000.0,v0.1
INS_2484925CCEC7,REQ_18A9AC0B72B0,50,8750.0,v0.1
INS_2484925CCEC7,REQ_A3DDECA3D8D2,51,30000.0,v0.1
INS_2484925CCEC7,REQ_C9857D52D786,52,2000.0,v0.1
INS_2484925CCEC7,REQ_72110E88B416,53,30000.0,v0.1
INS_2484925CCEC7,REQ_21C0B47291EB,54,5370.0,v0.1
INS_2484925CCEC7,REQ_62F2A9A5C1E5,55,2500.0,v0.1
INS_2484925CCEC7,REQ_D526E1D7FCEF,56,3690.0,v0.1
INS_2484925CCEC7,REQ_AF4276EDCAC6,57,19330.0,v0.1
INS_DD2D114A35E3,REQ_3418D62F8989,0,30000.0,v0.1
INS_DD2D114A35E3,REQ_53FCCA9803C4,1,11710.0,v0.1
INS_DD2D114A35E3,REQ_BC4F48241900,2,30000.0,v0.1
INS_DD2D114A35E3,REQ_C4C88F09234B,3,15140.0,v0.1
INS_DD2D114A35E3,REQ_7F35A3B51B46,4,14420.0,v0.1
INS_DD2D114A35E3,REQ_9BEEBE911F18,5,26490.0,v0.1
INS_DD2D114A35E3,REQ_23597F191A8D,6,11100.0,v0.1
INS_DD2D114A35E3,REQ_50A2F45747C0,7,9160.0,v0.1
INS_745D26DBAC94,REQ_66D14450D01C,0,550.0,v0.1
INS_745D26DBAC94,REQ_DA6F60815A2E,1,25080.0,v0.1
INS_745D26DBAC94,REQ_4411636DD7EB,2,24250.0,v0.1
INS_745D26DBAC94,REQ_ADF541D8DBFF,3,840.0,v0.1
INS_745D26DBAC94,REQ_7611F0F3D948,4,13980.000000000002,v0.1
INS_745D26DBAC94,REQ_0E282533281A,5,1839.9999999999998,v0.1
INS_745D26DBAC94,REQ_87A0CD1F39C8,6,30000.0,v0.1
INS_745D26DBAC94,REQ_3EE46C85E854,7,350.0,v0.1
INS_745D26DBAC94,REQ_EB351B3B4177,8,2460.0,v0.1
INS_745D26DBAC94,REQ_1958FBCC6120,9,30000.0,v0.1
INS_745D26DBAC94,REQ_E365E0D2353A,10,2150.0,v0.1
INS_745D26DBAC94,REQ_87DAC04A19FC,11,540.0,v0.1
INS_745D26DBAC94,REQ_5C582CDE8990,12,4040.0,v0.1
INS_745D26DBAC94,REQ_902EA59ADF2F,13,11420.0,v0.1
INS_745D26DBAC94,REQ_D3A41658A10F,14,5040.0,v0.1
INS_745D26DBAC94,REQ_952D8B99870A,15,30000.0,v0.1
INS_745D26DBAC94,REQ_1EBE67EDDEFE,16,390.0,v0.1
INS_745D26DBAC94,REQ_4039044FDC5E,17,10270.0,v0.1
INS_745D26DBAC94,REQ_CDE402CC4E51,18,6170.0,v0.1
INS_745D26DBAC94,REQ_1C17D6358C20,19,229.99999999999997,v0.1
INS_745D26DBAC94,REQ_50160CC1FD08,20,490.00000000000006,v0.1
INS_745D26DBAC94,REQ_757CABCDC760,21,510.0,v0.1
INS_745D26DBAC94,REQ_7174B55A2E9F,22,7500.0,v0.1
INS_935B6B0D5E84,REQ_6A7363134BF3,0,2600.0,v0.1
INS_935B6B0D5E84,REQ_7A1268B0ECD2,1,6350.0,v0.1
INS_935B6B0D5E84,REQ_D3C4B3726C67,2,30000.0,v0.1
INS_935B6B0D5E84,REQ_77E9AC30BA28,3,220.00000000000003,v0.1
INS_935B6B0D5E84,REQ_B85CA3CD8E7D,4,2490.0,v0.1
INS_935B6B0D5E84,REQ_C97A3AEA313D,5,550.0,v0.1
INS_935B6B0D5E84,REQ_6DBF0DDA9A17,6,4000.0,v0.1
INS_935B6B0D5E84,REQ_A76F3C47F862,7,30000.0,v0.1
INS_935B6B0D5E84,REQ_7B8F1E030722,8,900.0,v0.1
INS_935B6B0D5E84,REQ_94955031E8D5,9,1839.9999999999998,v0.1
INS_935B6B0D5E84,REQ_0F604B40117C,10,28400.0,v0.1
INS_935B6B0D5E84,REQ_C4F0E6F51732,11,3240.0,v0.1
INS_2E0A3EBAF3B4,REQ_993BAD625138,0,710.0,v0.1
INS_2E0A3EBAF3B4,REQ_8837F64E9A20,1,30000.0,v0.1
INS_2E0A3EBAF3B4,REQ_B71AEE958FB6,2,3440.0,v0.1
INS_2E0A3EBAF3B4,REQ_3C3F7B931863,3,5070.0,v0.1
INS_2E0A3EBAF3B4,REQ_344798C77BD6,4,8160.0,v0.1
INS_2E0A3EBAF3B4,REQ_ED39E3C44AB7,5,4000.0,v0.1
INS_2E0A3EBAF3B4,REQ_71CD5A9C46F8,6,8030.0,v0.1
INS_2E0A3EBAF3B4,REQ_00FF621FA7F7,7,11080.0,v0.1
INS_2E0A3EBAF3B4,REQ_DFDB9594CFBD,8,3450.0,v0.1
INS_2E0A3EBAF3B4,REQ_564DBA2EDD99,9,330.0,v0.1
INS_2E0A3EBAF3B4,REQ_87B0157E006C,10,30000.0,v0.1
INS_2E0A3EBAF3B4,REQ_9EB1BC3989BC,11,10810.0,v0.1
INS_2E0A3EBAF3B4,REQ_D31E7E7EB9DB,12,670.0,v0.1
INS_2E0A3EBAF3B4,REQ_1F48ED23ADF9,13,160.0,v0.1
INS_2E0A3EBAF3B4,REQ_07095C95A29E,14,110.00000000000001,v0.1
INS_2E0A3EBAF3B4,REQ_72B3D7B442BC,15,550.0,v0.1
INS_2E0A3EBAF3B4,REQ_BCB941825719,16,17770.0,v0.1
INS_2E0A3EBAF3B4,REQ_67D7E3DF1456,17,30000.0,v0.1
INS_2E0A3EBAF3B4,REQ_4EE19661C02C,18,16520.0,v0.1
INS_2E0A3EBAF3B4,REQ_C7E1AAC93852,19,250.0,v0.1
INS_2E0A3EBAF3B4,REQ_0FE1041889FE,20,2120.0,v0.1
INS_2E0A3EBAF3B4,REQ_C1EE4DCDCE89,21,4400.0,v0.1
INS_2E0A3EBAF3B4,REQ_2046377AD6BD,22,100.0,v0.1
INS_2E0A3EBAF3B4,REQ_D10E5978F5FB,23,560.0,v0.1
INS_2E0A3EBAF3B4,REQ_D5CBA5BF76EF,24,29160.0,v0.1
INS_2E0A3EBAF3B4,REQ_D01A7DA05E86,25,380.0,v0.1
INS_2E0A3EBAF3B4,REQ_E060E2F7596A,26,4730.0,v0.1
INS_2E0A3EBAF3B4,REQ_3C789163AEE4,27,350.0,v0.1
INS_2E0A3EBAF3B4,REQ_D5B37E885793,28,1070.0,v0.1
INS_2E0A3EBAF3B4,REQ_DEBD4D758FFA,29,3370.0000000000005,v0.1
INS_2E0A3EBAF3B4,REQ_5A466EF62610,30,270.0,v0.1
INS_2E0A3EBAF3B4,REQ_436F842EE325,31,1250.0,v0.1
INS_2E0A3EBAF3B4,REQ_197356845DC7,32,1200.0,v0.1
INS_2E0A3EBAF3B4,REQ_CCA0427A96E4,33,300.0,v0.1
INS_2E0A3EBAF3B4,REQ_D017FD91A2D8,34,80.0,v0.1
INS_2E0A3EBAF3B4,REQ_B4B456C4C4C9,35,17430.0,v0.1
INS_2E0A3EBAF3B4,REQ_85C55BABDA85,36,1650.0,v0.1
INS_2E0A3EBAF3B4,REQ_022B58AACEC2,37,5190.0,v0.1
INS_2E0A3EBAF3B4,REQ_5D44587AAFB2,38,30000.0,v0.1
INS_2E0A3EBAF3B4,REQ_C08B4098AC7B,39,1910.0000000000002,v0.1
INS_2E0A3EBAF3B4,REQ_6A05F7AF1705,40,100.0,v0.1
INS_2E0A3EBAF3B4,REQ_6C22934C9951,41,100.0,v0.1
INS_2E0A3EBAF3B4,REQ_83597CD22BC1,42,1010.0,v0.1
INS_2E0A3EBAF3B4,REQ_DA340264FFB0,43,200.0,v0.1
INS_2E0A3EBAF3B4,REQ_3B4C2639B85C,44,4470.0,v0.1
INS_2E0A3EBAF3B4,REQ_44804A2EA7BC,45,29570.0,v0.1
INS_2E0A3EBAF3B4,REQ_3AF787624B0C,46,80.0,v0.1
INS_2E0A3EBAF3B4,REQ_2C4570E64DBC,47,540.0,v0.1
INS_2E0A3EBAF3B4,REQ_281D5B154154,48,700.0,v0.1
INS_2E0A3EBAF3B4,REQ_012A73223536,49,8750.0,v0.1
INS_2E0A3EBAF3B4,REQ_59223B4DEB65,50,1110.0,v0.1
INS_2E0A3EBAF3B4,REQ_7A6F4F60B924,51,10320.0,v0.1
INS_2E0A3EBAF3B4,REQ_19B33ECDA195,52,7960.0,v0.1
INS_2E0A3EBAF3B4,REQ_48FEBB1FF79A,53,29870.0,v0.1
INS_2E0A3EBAF3B4,REQ_AE22E31F7888,54,12710.0,v0.1
INS_2E0A3EBAF3B4,REQ_46A63542D290,55,2930.0,v0.1
INS_E34432670FBB,REQ_C5FBC7172473,0,1019.9999999999999,v0.1
INS_E34432670FBB,REQ_D0A725E255B0,1,280.0,v0.1
INS_E34432670FBB,REQ_82F600FB49D2,2,420.0,v0.1
INS_E34432670FBB,REQ_DE2CCF23E7EE,3,900.0,v0.1
INS_E34432670FBB,REQ_E6E5D471BF21,4,3100.0,v0.1
INS_E34432670FBB,REQ_53F99D971299,5,250.0,v0.1
INS_E34432670FBB,REQ_B01F5F2C3835,6,30000.0,v0.1
INS_E34432670FBB,REQ_F9FFB4A76E36,7,2680.0,v0.1
INS_E34432670FBB,REQ_6B94C7FCA989,8,30000.0,v0.1
INS_E34432670FBB,REQ_9E9AAC0F0579,9,250.0,v0.1
INS_E34432670FBB,REQ_21B585055EA0,10,20780.0,v0.1
INS_E34432670FBB,REQ_FF331D289D12,11,390.0,v0.1
INS_E34432670FBB,REQ_239582C07640,12,520.0,v0.1
INS_E34432670FBB,REQ_59382C7882F6,13,300.0,v0.1
INS_E34432670FBB,REQ_B45123BF99E3,14,3500.0,v0.1
INS_E34432670FBB,REQ_6CF7E3F535D0,15,250.0,v0.1
INS_E34432670FBB,REQ_EAC0D78F42AE,16,990.0,v0.1
INS_E34432670FBB,REQ_0424F44EED53,17,24760.0,v0.1
INS_E34432670FBB,REQ_BBF589ACEE89,18,4190.0,v0.1
INS_E34432670FBB,REQ_05220EDE8B3D,19,350.0,v0.1
INS_E34432670FBB,REQ_8B9D3EBBDF6C,20,770.0,v0.1
INS_E34432670FBB,REQ_80A68BC7A5A6,21,2180.0,v0.1
INS_E34432670FBB,REQ_C1706239E1AE,22,550.0,v0.1
INS_E34432670FBB,REQ_501DEF4CBF7B,23,370.0,v0.1
INS_E34432670FBB,REQ_FEDF0F02D964,24,800.0,v0.1
INS_E34432670FBB,REQ_B9D82CEE954C,25,4700.0,v0.1
INS_E34432670FBB,REQ_1E4039853471,26,490.0,v0.1
INS_E34432670FBB,REQ_CD52DC75D0B8,27,2630.0,v0.1
INS_E34432670FBB,REQ_7813D80F0A81,28,1630.0,v0.1
INS_E34432670FBB,REQ_A7802012785B,29,1280.0,v0.1
INS_E34432670FBB,REQ_AF2B484A1A56,30,7400.0,v0.1
INS_E34432670FBB,REQ_79E5EE3A9349,31,1050.0,v0.1
INS_E34432670FBB,REQ_A986005DC5DD,32,30000.0,v0.1
INS_E34432670FBB,REQ_3C89B1A36E12,33,250.0,v0.1
INS_E34432670FBB,REQ_C743F614E98F,34,870.0,v0.1
INS_E34432670FBB,REQ_95BFEF597572,35,6070.0,v0.1
INS_E34432670FBB,REQ_77D128EE40BF,36,1050.0,v0.1
INS_E34432670FBB,REQ_5BF86F90634D,37,13125.0,v0.1
INS_E34432670FBB,REQ_F579A6587629,38,4670.0,v0.1
INS_E34432670FBB,REQ_5A838AD85ABB,39,760.0,v0.1
INS_E34432670FBB,REQ_D7991D145302,40,4300.0,v0.1
INS_E34432670FBB,REQ_F039590B9CD0,41,890.0,v0.1
INS_E34432670FBB,REQ_7987226B065F,42,550.0,v0.1
INS_E34432670FBB,REQ_29B94859E85F,43,11740.0,v0.1
INS_E34432670FBB,REQ_07A1FA5C78F9,44,1889.9999999999998,v0.1
INS_E34432670FBB,REQ_13AFDD294EED,45,4600.0,v0.1
INS_E34432670FBB,REQ_2535CDBFC29C,46,2420.0,v0.1
INS_E34432670FBB,REQ_4476DC7FAF88,47,4670.0,v0.1
INS_E34432670FBB,REQ_A9BAF65C869F,48,1870.0,v0.1
INS_E34432670FBB,REQ_E87A9D50F110,49,4400.0,v0.1
INS_E34432670FBB,REQ_75EADA4E37DE,50,260.0,v0.1
INS_FC2F38411F08,REQ_206EA3FABFA2,0,11600.0,v0.1
INS_FC2F38411F08,REQ_D670BD2D0CAA,1,4090.0,v0.1
INS_FC2F38411F08,REQ_A00821A56185,2,950.0,v0.1
INS_FC2F38411F08,REQ_0682A92D0ACE,3,8300.0,v0.1
INS_FC2F38411F08,REQ_CDE402CC4E51,4,6170.0,v0.1
INS_FC2F38411F08,REQ_E8A21C77F13F,5,9680.0,v0.1
INS_FC2F38411F08,REQ_5B87CFE753B5,6,30000.0,v0.1
INS_FC2F38411F08,REQ_08E9E45903F2,7,4430.0,v0.1
INS_FC2F38411F08,REQ_6CD8AE65B5BC,8,2030.0,v0.1
INS_FC2F38411F08,REQ_CEBA4E79C1F5,9,30000.0,v0.1
INS_FC2F38411F08,REQ_3EE46C85E854,10,350.0,v0.1
INS_FC2F38411F08,REQ_ADF541D8DBFF,11,840.0,v0.1
INS_FC2F38411F08,REQ_7129D8CF936B,12,1310.0,v0.1
INS_FC2F38411F08,REQ_724A01E786D8,13,630.0,v0.1
INS_FC2F38411F08,REQ_7B989D723C97,14,8980.0,v0.1
INS_FC2F38411F08,REQ_DD19EDBFB0C1,15,4970.0,v0.1
INS_FC2F38411F08,REQ_EC5BA3A811DF,16,10970.0,v0.1
INS_FC2F38411F08,REQ_3C2C5F1A2265,17,950.0,v0.1
INS_FC2F38411F08,REQ_31CD2B273778,18,370.0,v0.1
INS_FC2F38411F08,REQ_5742808346BB,19,3920.0,v0.1
INS_FC2F38411F08,REQ_FFAC5A16912A,20,6670.0,v0.1
INS_FC2F38411F08,REQ_1958FBCC6120,21,30000.0,v0.1
INS_FC2F38411F08,REQ_4987927250E6,22,2240.0,v0.1
INS_FC2F38411F08,REQ_55917DA2A050,23,30000.0,v0.1
INS_FC2F38411F08,REQ_9BF7772E4730,24,600.0,v0.1
INS_FC2F38411F08,REQ_298E01E7E034,25,8260.0,v0.1
INS_FC2F38411F08,REQ_5A9A9F68104B,26,30000.0,v0.1
INS_C46656B55255,REQ_3418D62F8989,0,30000.0,v0.1
INS_C46656B55255,REQ_C4C88F09234B,1,15140.0,v0.1
INS_C46656B55255,REQ_7C94B21AD1E4,2,30000.0,v0.1
INS_C46656B55255,REQ_53FCCA9803C4,3,11710.0,v0.1
INS_C46656B55255,REQ_23597F191A8D,4,11100.0,v0.1
INS_C46656B55255,REQ_7868BDF12EC9,5,3560.0,v0.1
INS_C46656B55255,REQ_DBA4E7252854,6,9400.0,v0.1
INS_C46656B55255,REQ_9BEEBE911F18,7,26490.0,v0.1
INS_C46656B55255,REQ_50A2F45747C0,8,9160.0,v0.1
INS_C46656B55255,REQ_7F35A3B51B46,9,14420.0,v0.1
INS_C46656B55255,REQ_BC4F48241900,10,30000.0,v0.1
INS_8FE8A149C887,REQ_3C29D6D9A6B1,0,30000.0,v0.1
INS_8FE8A149C887,REQ_077614E57E70,1,6930.0,v0.1
INS_8FE8A149C887,REQ_227B8C6A2063,2,30000.0,v0.1
INS_8FE8A149C887,REQ_B2B85BB5FD49,3,30000.0,v0.1
INS_8FE8A149C887,REQ_D3B4A072856A,4,30000.0,v0.1
INS_8FE8A149C887,REQ_79BE0D505D82,5,2580.0,v0.1
INS_8FE8A149C887,REQ_8704BE7B712A,6,16820.0,v0.1
INS_8FE8A149C887,REQ_5A8EDB060881,7,24975.0,v0.1
INS_8FE8A149C887,REQ_2848512878C8,8,22290.0,v0.1
INS_8FE8A149C887,REQ_DD9F5A981483,9,800.0,v0.1
INS_8FE8A149C887,REQ_8E6A017DE1DC,10,4525.0,v0.1
INS_8FE8A149C887,REQ_203E8E3FEC52,11,11190.0,v0.1
INS_8FE8A149C887,REQ_BB5B4DD76BDA,12,1140.0,v0.1
INS_8FE8A149C887,REQ_DE8AA58152DC,13,2280.0,v0.1
INS_8FE8A149C887,REQ_A09101A6882F,14,400.0,v0.1
INS_F0BA6FF2BF52,REQ_F60A7CCE4F34,0,9930.0,v0.1
INS_F0BA6FF2BF52,REQ_4DEE818A8A19,1,20590.0,v0.1
INS_F0BA6FF2BF52,REQ_5D20CE7DEA46,2,850.0,v0.1
INS_F0BA6FF2BF52,REQ_2808C3B2ECDE,3,550.0,v0.1
INS_F0BA6FF2BF52,REQ_DDD5F486F9EA,4,25970.0,v0.1
INS_F0BA6FF2BF52,REQ_E5DF2F39319E,5,1140.0,v0.1
INS_F0BA6FF2BF52,REQ_8E4E0ED93B16,6,770.0,v0.1
INS_F0BA6FF2BF52,REQ_BE457C8BA936,7,480.0,v0.1
INS_F0BA6FF2BF52,REQ_15A5EE6C660D,8,21940.0,v0.1
INS_F0BA6FF2BF52,REQ_150A42335EAC,9,14640.0,v0.1
INS_F0BA6FF2BF52,REQ_89CBBC47B3AF,10,30000.0,v0.1
INS_F0BA6FF2BF52,REQ_9D3C60E292AA,11,9660.0,v0.1
INS_F0BA6FF2BF52,REQ_0E81BD04C6DC,12,19240.0,v0.1
INS_F0BA6FF2BF52,REQ_2045C8304F6C,13,30000.0,v0.1
INS_F0BA6FF2BF52,REQ_597B26ECABD1,14,950.0,v0.1
INS_F0BA6FF2BF52,REQ_B4B45BE9AE0E,15,919.9999999999999,v0.1
INS_F0BA6FF2BF52,REQ_DCE4FDC22D1E,16,30000.0,v0.1
INS_F0BA6FF2BF52,REQ_9417A982DC8B,17,30000.0,v0.1
INS_F0BA6FF2BF52,REQ_F249503D9D23,18,790.0,v0.1
INS_F0BA6FF2BF52,REQ_1E6409D092FB,19,320.0,v0.1
INS_F0BA6FF2BF52,REQ_71EA7B67D8C7,20,30000.0,v0.1
INS_F0BA6FF2BF52,REQ_CC67F1804610,21,1600.0,v0.1
INS_F0BA6FF2BF52,REQ_3FE4A0EB50B7,22,29150.0,v0.1
INS_F0BA6FF2BF52,REQ_3F496CE4D6C4,23,869.9999999999999,v0.1
INS_F0BA6FF2BF52,REQ_3018215447D7,24,680.0,v0.1
INS_F0BA6FF2BF52,REQ_98F9B05BE909,25,30000.0,v0.1
INS_F0BA6FF2BF52,REQ_9E1A9BFCF469,26,1090.0,v0.1
INS_F0BA6FF2BF52,REQ_196F5F428592,27,5320.0,v0.1
INS_F0BA6FF2BF52,REQ_AB876C096C9E,28,990.0,v0.1
INS_F0BA6FF2BF52,REQ_1FD30B122716,29,30000.0,v0.1
INS_F0BA6FF2BF52,REQ_8715F4B63889,30,30000.0,v0.1
INS_F0BA6FF2BF52,REQ_8CF8D3DC5D4F,31,25210.0,v0.1
INS_F0BA6FF2BF52,REQ_B0384C308513,32,7800.0,v0.1
INS_F0BA6FF2BF52,REQ_33C2C612A12F,33,4300.0,v0.1
INS_F0BA6FF2BF52,REQ_7CC86299D9BD,34,6540.0,v0.1
INS_F0BA6FF2BF52,REQ_EC47B420D09D,35,28680.0,v0.1
INS_F0BA6FF2BF52,REQ_B1CA0A9C4758,36,509.99999999999994,v0.1
INS_F0BA6FF2BF52,REQ_77DCCAB6157B,37,7580.0,v0.1
INS_F0BA6FF2BF52,REQ_5E63F88EB100,38,30000.0,v0.1
INS_F0BA6FF2BF52,REQ_43D17450228A,39,1330.0,v0.1
INS_F0BA6FF2BF52,REQ_461D9868612A,40,27100.0,v0.1
INS_F0BA6FF2BF52,REQ_95DD957F9D9B,41,27750.0,v0.1
INS_5680FDEA9340,REQ_0776A790E732,0,3760.0,v0.1
INS_5680FDEA9340,REQ_CA97D6808B54,1,19290.0,v0.1
INS_5680FDEA9340,REQ_7E9344CB1715,2,30000.0,v0.1
INS_5680FDEA9340,REQ_BE0D8928C6CE,3,30000.0,v0.1
INS_5680FDEA9340,REQ_0F5C9677B1D9,4,30000.0,v0.1
INS_5680FDEA9340,REQ_C62734E77C21,5,950.0,v0.1
INS_5680FDEA9340,REQ_829F21B0FDF0,6,570.0,v0.1
INS_5680FDEA9340,REQ_16E23BDA7AA9,7,30000.0,v0.1
INS_5680FDEA9340,REQ_7C210E3C1FAB,8,30000.0,v0.1
INS_5680FDEA9340,REQ_A7560B36DB5F,9,5420.0,v0.1
INS_5680FDEA9340,REQ_82C7CB1AFA40,10,480.0,v0.1
INS_5680FDEA9340,REQ_D13463BF0D6A,11,17030.0,v0.1
INS_5680FDEA9340,REQ_A54EC414C339,12,1400.0,v0.1
INS_5680FDEA9340,REQ_73601E28AE1F,13,30000.0,v0.1
INS_5680FDEA9340,REQ_8E5C3BBB6414,14,260.0,v0.1
INS_5680FDEA9340,REQ_C99DAC655037,15,3650.0,v0.1
INS_5680FDEA9340,REQ_997B33E72A8E,16,140.0,v0.1
INS_5680FDEA9340,REQ_031242229A4A,17,3160.0,v0.1
INS_5680FDEA9340,REQ_56FF26936F69,18,7750.0,v0.1
INS_5680FDEA9340,REQ_9B945CE9F096,19,6850.0,v0.1
INS_5680FDEA9340,REQ_197294D6DEA0,20,30000.0,v0.1
INS_5680FDEA9340,REQ_A59E122D5C05,21,5000.0,v0.1
INS_5680FDEA9340,REQ_6D4B12C27E2C,22,30000.0,v0.1
INS_5680FDEA9340,REQ_F7F8804867DC,23,390.0,v0.1
INS_5680FDEA9340,REQ_2437B1C37188,24,300.0,v0.1
INS_5680FDEA9340,REQ_AB8D2A162F4B,25,2850.0,v0.1
INS_5680FDEA9340,REQ_DC026EE82E67,26,30000.0,v0.1
INS_5680FDEA9340,REQ_51AF869E0C15,27,80.0,v0.1
INS_5680FDEA9340,REQ_F63608028F7A,28,1040.0,v0.1
INS_5680FDEA9340,REQ_4FC865CCE654,29,150.0,v0.1
INS_5680FDEA9340,REQ_660F5FDDCF07,30,550.0,v0.1
INS_5680FDEA9340,REQ_2D92DED237B1,31,270.0,v0.1
INS_5680FDEA9340,REQ_C217251DA0E1,32,200.0,v0.1
INS_5680FDEA9340,REQ_6677FC8BC563,33,2260.0,v0.1
INS_5680FDEA9340,REQ_0D1E3A6260F4,34,600.0,v0.1
INS_5680FDEA9340,REQ_B62556FD0FA3,35,29480.0,v0.1
INS_5680FDEA9340,REQ_54E88BDABC5D,36,7950.0,v0.1
INS_5680FDEA9340,REQ_41DE3F2E79C7,37,30000.0,v0.1
INS_5680FDEA9340,REQ_40C44C3DBE05,38,29600.0,v0.1
INS_5680FDEA9340,REQ_E1465E6D5B0F,39,160.0,v0.1
INS_5680FDEA9340,REQ_D5D91096E1D4,40,16260.000000000002,v0.1
INS_5680FDEA9340,REQ_8E463610CAD3,41,25920.0,v0.1
INS_5680FDEA9340,REQ_AAC95858C759,42,8300.0,v0.1
INS_5680FDEA9340,REQ_D0A98EAE75DB,43,560.0,v0.1
INS_5680FDEA9340,REQ_52E5B795E069,44,2900.0,v0.1
INS_5680FDEA9340,REQ_B0988AFEED77,45,130.0,v0.1
INS_5680FDEA9340,REQ_34BEBEEF0FF3,46,12630.0,v0.1
INS_5680FDEA9340,REQ_7DABF8D2CC0E,47,1100.0,v0.1
INS_5680FDEA9340,REQ_D5E419D98364,48,30000.0,v0.1
INS_5680FDEA9340,REQ_20B9B1623E1B,49,26190.0,v0.1
INS_5680FDEA9340,REQ_4DC4B31ADD06,50,30000.0,v0.1
INS_5680FDEA9340,REQ_C97EC54616FE,51,30000.0,v0.1
INS_5680FDEA9340,REQ_2410D1913295,52,1830.0,v0.1
INS_5680FDEA9340,REQ_B4413A1F35BD,53,2990.0,v0.1
INS_5680FDEA9340,REQ_FFA2D8EE2581,54,8750.0,v0.1
INS_5680FDEA9340,REQ_A3B9D5951F97,55,7980.0,v0.1
INS_5680FDEA9340,REQ_FCB77BB930D6,56,1280.0,v0.1
INS_5680FDEA9340,REQ_4062B2987BBB,57,30000.0,v0.1
INS_5680FDEA9340,REQ_2FE12C476DDA,58,13740.0,v0.1
INS_5680FDEA9340,REQ_C46EB55C3863,59,30000.0,v0.1
INS_03847BE6D379,REQ_FB618F876D45,0,600.0,v0.1
INS_03847BE6D379,REQ_EF8623F815FB,1,750.0,v0.1
INS_03847BE6D379,REQ_D6E90C6456F2,2,660.0,v0.1
INS_03847BE6D379,REQ_419F6BCE1191,3,2680.0,v0.1
INS_03847BE6D379,REQ_EB123E743534,4,1470.0,v0.1
INS_03847BE6D379,REQ_4231E3AECB34,5,7830.0,v0.1
INS_03847BE6D379,REQ_3ABB3509EF33,6,1150.0,v0.1
INS_03847BE6D379,REQ_6AE34B2DCD15,7,2450.0,v0.1
INS_03847BE6D379,REQ_3BE9AD36BFAC,8,1430.0,v0.1
INS_03847BE6D379,REQ_7456D3782E24,9,8500.0,v0.1
INS_03847BE6D379,REQ_232D9D03EDE8,10,6800.0,v0.1
INS_03847BE6D379,REQ_83B23F5A4F2E,11,869.9999999999999,v0.1
INS_03847BE6D379,REQ_FC5A588BA84D,12,1650.0,v0.1
INS_03847BE6D379,REQ_12956AF783BE,13,5640.0,v0.1
INS_1E80FB4D7D54,REQ_0BF4FDBEDE87,0,17660.0,v0.1
INS_1E80FB4D7D54,REQ_9231D2256ED5,1,3650.0,v0.1
INS_1E80FB4D7D54,REQ_A0FFD31F9BAB,2,1270.0,v0.1
INS_1E80FB4D7D54,REQ_64E44C81FFD5,3,1260.0,v0.1
INS_1E80FB4D7D54,REQ_D16E33298D6E,4,10550.0,v0.1
INS_1E80FB4D7D54,REQ_81508440D749,5,30000.0,v0.1
INS_1E80FB4D7D54,REQ_5AD277C9C966,6,500.0,v0.1
INS_1E80FB4D7D54,REQ_41D8755B193A,7,1150.0,v0.1
INS_1E80FB4D7D54,REQ_419F6BCE1191,8,2680.0,v0.1
INS_1E80FB4D7D54,REQ_A7978C9312CB,9,6630.0,v0.1
INS_1E80FB4D7D54,REQ_B7BDA63E7520,10,30000.0,v0.1
INS_1E80FB4D7D54,REQ_D9EB95ED9F51,11,4210.0,v0.1
INS_1E80FB4D7D54,REQ_B4A67BA3840D,12,8430.0,v0.1
INS_1E80FB4D7D54,REQ_B20938BCFB82,13,400.0,v0.1
INS_1E80FB4D7D54,REQ_EECCFA1E423B,14,8230.0,v0.1
INS_1E80FB4D7D54,REQ_86620FA7F0CF,15,3540.0,v0.1
INS_1E80FB4D7D54,REQ_4885108EFB65,16,3170.0,v0.1
INS_1E80FB4D7D54,REQ_D0F89F03FFEA,17,24360.0,v0.1
INS_1E80FB4D7D54,REQ_FBC5F46F8060,18,400.0,v0.1
INS_1E80FB4D7D54,REQ_145229B67590,19,8600.0,v0.1
INS_1E80FB4D7D54,REQ_489F1CA27C28,20,30000.0,v0.1
INS_1E80FB4D7D54,REQ_B66B25083D21,21,30000.0,v0.1
INS_1E80FB4D7D54,REQ_3BE9AD36BFAC,22,1430.0,v0.1
INS_1E80FB4D7D54,REQ_BE154B1D8941,23,690.0,v0.1
INS_1E80FB4D7D54,REQ_85AEAE7CBB99,24,26600.0,v0.1
INS_1E80FB4D7D54,REQ_1AE586F859A7,25,410.0,v0.1
INS_1E80FB4D7D54,REQ_CC5D04205E34,26,30000.0,v0.1
INS_1E80FB4D7D54,REQ_CDE4CB40BEF7,27,7520.0,v0.1
INS_1E80FB4D7D54,REQ_1D804F22D71B,28,30000.0,v0.1
INS_1E80FB4D7D54,REQ_65CA6AE60DAB,29,30000.0,v0.1
INS_1E80FB4D7D54,REQ_ACB6C4C00F13,30,5000.0,v0.1
INS_1E80FB4D7D54,REQ_70728C7DBF33,31,6650.0,v0.1
INS_1E80FB4D7D54,REQ_9E8564BA13BA,32,13200.0,v0.1
INS_1E80FB4D7D54,REQ_56E8FF6F21E5,33,1550.0,v0.1
INS_1E80FB4D7D54,REQ_5FD1F94977B1,34,6580.0,v0.1
INS_1E80FB4D7D54,REQ_8D7E5155F807,35,1000.0,v0.1
INS_1E80FB4D7D54,REQ_AC910C0F76B2,36,30000.0,v0.1
INS_1E80FB4D7D54,REQ_AC8037BA2F2E,37,30000.0,v0.1
INS_1E80FB4D7D54,REQ_CBEF3F32F8D0,38,330.0,v0.1
INS_1E80FB4D7D54,REQ_3F4DA99AE1AD,39,4530.0,v0.1
INS_1E80FB4D7D54,REQ_314B596293D0,40,30000.0,v0.1
INS_1E80FB4D7D54,REQ_097968599D3E,41,600.0,v0.1
INS_1E80FB4D7D54,REQ_7B4C9BB9F96E,42,250.0,v0.1
INS_1E80FB4D7D54,REQ_FB618F876D45,43,600.0,v0.1
INS_1E80FB4D7D54,REQ_20B1D3B5A5B9,44,2800.0,v0.1
INS_1E80FB4D7D54,REQ_1B682CC8C6B0,45,650.0,v0.1
INS_1E80FB4D7D54,REQ_5D91C3DC1577,46,1600.0,v0.1
INS_1E80FB4D7D54,REQ_1F08772CFF5F,47,5080.0,v0.1
INS_1E80FB4D7D54,REQ_0294C15A932B,48,2039.9999999999998,v0.1
INS_1E80FB4D7D54,REQ_5A9CFDCB8DBB,49,740.0,v0.1
INS_1E80FB4D7D54,REQ_45DE1C0EE05C,50,7070.0,v0.1
INS_1E80FB4D7D54,REQ_797938F7139F,51,780.0,v0.1
INS_1E80FB4D7D54,REQ_7010CFC6043A,52,4440.0,v0.1
INS_1E80FB4D7D54,REQ_F3A5F55BC7CB,53,3600.0,v0.1
INS_1E80FB4D7D54,REQ_D71C13F9A946,54,30000.0,v0.1
INS_1E80FB4D7D54,REQ_8C613C8F9896,55,30000.0,v0.1
INS_1E80FB4D7D54,REQ_A1A6938659A0,56,2500.0,v0.1
INS_1E80FB4D7D54,REQ_2577F3C8456A,57,2350.0,v0.1
INS_1E80FB4D7D54,REQ_352A42B99106,58,590.0,v0.1
INS_AD51EA2AD35F,REQ_BEA66E316F02,0,6060.0,v0.1
INS_AD51EA2AD35F,REQ_6971112E3344,1,600.0,v0.1
INS_AD51EA2AD35F,REQ_9BC370C4FF78,2,1010.0,v0.1
INS_AD51EA2AD35F,REQ_59DFD747360C,3,30000.0,v0.1
INS_AD51EA2AD35F,REQ_CA78BA838027,4,500.0,v0.1
INS_AD51EA2AD35F,REQ_5DB843AC7447,5,1800.0,v0.1
INS_AD51EA2AD35F,REQ_B5F25B74DACF,6,19190.0,v0.1
INS_AD51EA2AD35F,REQ_DE060E4054B2,7,3300.0,v0.1
INS_AD51EA2AD35F,REQ_9BC7736ADE42,8,1960.0,v0.1
INS_AD51EA2AD35F,REQ_62E1E506E48D,9,30000.0,v0.1
INS_AD51EA2AD35F,REQ_46078759A872,10,19350.0,v0.1
INS_AD51EA2AD35F,REQ_C8BA1847DF81,11,730.0,v0.1
INS_AD51EA2AD35F,REQ_17A61A88123D,12,2230.0,v0.1
INS_AD51EA2AD35F,REQ_11E6D3666CE4,13,30000.0,v0.1
INS_AD51EA2AD35F,REQ_EA52FE2676F8,14,28850.0,v0.1
INS_ECDF8918F0D8,REQ_945A4A3DB574,0,13210.0,v0.1
INS_ECDF8918F0D8,REQ_5ADE234F250B,1,150.0,v0.1
INS_ECDF8918F0D8,REQ_4A46C627B068,2,30000.0,v0.1
INS_ECDF8918F0D8,REQ_7EE87CB7929B,3,3330.0,v0.1
INS_ECDF8918F0D8,REQ_3D27752AA263,4,30000.0,v0.1
INS_ECDF8918F0D8,REQ_D247F8408562,5,7950.0,v0.1
INS_ECDF8918F0D8,REQ_B484458C3B06,6,30000.0,v0.1
INS_ECDF8918F0D8,REQ_D8BE48ED7FDE,7,3080.0,v0.1
INS_ECDF8918F0D8,REQ_8B58A6ED8196,8,430.0,v0.1
INS_ECDF8918F0D8,REQ_7973ADD2994E,9,320.0,v0.1
INS_ECDF8918F0D8,REQ_EA4C7592BC5B,10,12240.0,v0.1
INS_ECDF8918F0D8,REQ_4AD35C76BCA6,11,7400.0,v0.1
INS_ECDF8918F0D8,REQ_BBF2A3F38F9B,12,410.0,v0.1
INS_36602C400D22,REQ_4F712F372479,0,1400.0,v0.1
INS_36602C400D22,REQ_6A1D3C414FE1,1,550.0,v0.1
INS_36602C400D22,REQ_86FA7381F854,2,8610.0,v0.1
INS_36602C400D22,REQ_E1C32303012C,3,30000.0,v0.1
INS_36602C400D22,REQ_A375AF2A9AAA,4,830.0,v0.1
INS_36602C400D22,REQ_F174EBB84998,5,1019.9999999999999,v0.1
INS_36602C400D22,REQ_CB0B5EBAE2F8,6,150.0,v0.1
INS_36602C400D22,REQ_97895461E825,7,750.0,v0.1
INS_36602C400D22,REQ_B11379EDB35F,8,480.0,v0.1
INS_36602C400D22,REQ_A4645A45D8D5,9,380.0,v0.1
INS_36602C400D22,REQ_B79F188DB14C,10,100.0,v0.1
INS_36602C400D22,REQ_F39A99E82816,11,30000.0,v0.1
INS_36602C400D22,REQ_B422448D41B1,12,280.0,v0.1
INS_36602C400D22,REQ_F05A9F01413C,13,3100.0,v0.1
INS_36602C400D22,REQ_F11602C82F02,14,520.0,v0.1
INS_36602C400D22,REQ_36F78CDCD7E0,15,130.0,v0.1
INS_36602C400D22,REQ_479216BBDDFC,16,14560.0,v0.1
INS_36602C400D22,REQ_F5D810042573,17,22490.0,v0.1
INS_36602C400D22,REQ_D48C5B128072,18,9850.0,v0.1
INS_36602C400D22,REQ_5B71BE27EB79,19,400.0,v0.1
INS_36602C400D22,REQ_9E50B567176F,20,2640.0,v0.1
INS_6DA1B6804DB0,REQ_09B0A4D036D8,0,930.0000000000001,v0.1
INS_6DA1B6804DB0,REQ_FEA75EDF852C,1,15400.0,v0.1
INS_6DA1B6804DB0,REQ_98A6CCF209C2,2,200.0,v0.1
INS_6DA1B6804DB0,REQ_D4344E2C72F4,3,4360.0,v0.1
INS_6DA1B6804DB0,REQ_11EA2AEA0800,4,340.0,v0.1
INS_6DA1B6804DB0,REQ_33356307CCA9,5,1300.0,v0.1
INS_6DA1B6804DB0,REQ_A54529AFC230,6,17790.0,v0.1
INS_6DA1B6804DB0,REQ_53BFB656D1A9,7,6270.0,v0.1
INS_6DA1B6804DB0,REQ_A804724B01E3,8,660.0,v0.1
INS_1073FF59E066,REQ_4756961CD89C,0,3720.0,v0.1
INS_1073FF59E066,REQ_289A249AADB9,1,520.0,v0.1
INS_1073FF59E066,REQ_409607B57ABE,2,5350.0,v0.1
INS_1073FF59E066,REQ_43AA762A8056,3,5370.0,v0.1
INS_1073FF59E066,REQ_A3234DB1FC68,4,410.0,v0.1
INS_1073FF59E066,REQ_3FA4FBF6FFD8,5,1939.9999999999998,v0.1
INS_1073FF59E066,REQ_FBEFAFA72897,6,19740.0,v0.1
INS_1073FF59E066,REQ_8EAF26E42F9C,7,30000.0,v0.1
INS_1073FF59E066,REQ_5CF9A992788C,8,24350.0,v0.1
INS_1073FF59E066,REQ_3F1483499A86,9,30000.0,v0.1
INS_1073FF59E066,REQ_B55F5CA59442,10,2300.0,v0.1
INS_1073FF59E066,REQ_DDEB70F0E41D,11,6650.0,v0.1
INS_1073FF59E066,REQ_849B93B30FCF,12,990.0,v0.1
INS_1073FF59E066,REQ_7CB59BFE5CA9,13,31370.0,v0.1
INS_1073FF59E066,REQ_9BEBE9D039F4,14,2370.0,v0.1
INS_1073FF59E066,REQ_B8E67786120C,15,14600.0,v0.1
INS_1073FF59E066,REQ_E4C8A4581320,16,30000.0,v0.1
INS_1073FF59E066,REQ_9C7D44469C3C,17,9250.0,v0.1
INS_1073FF59E066,REQ_8694747D0481,18,19350.0,v0.1
INS_1073FF59E066,REQ_EC8A922F2A44,19,1160.0,v0.1
INS_1073FF59E066,REQ_636E4CBC0E87,20,10760.0,v0.1
INS_1073FF59E066,REQ_60EC36F718BD,21,720.0,v0.1
INS_1073FF59E066,REQ_75894A695F4A,22,7660.0,v0.1
INS_1073FF59E066,REQ_0FA67AC6E1BB,23,2860.0,v0.1
INS_1073FF59E066,REQ_6D80F4AB9F2A,24,30000.0,v0.1
INS_1073FF59E066,REQ_1BFD31BF3C0B,25,6760.0,v0.1
INS_1073FF59E066,REQ_75F6B3151749,26,7360.0,v0.1
INS_1073FF59E066,REQ_F26F741182C6,27,1450.0,v0.1
INS_1073FF59E066,REQ_68FEBDA93E2B,28,13090.0,v0.1
INS_525F22536A7A,REQ_EB0B614EFAE0,0,900.0,v0.1
INS_525F22536A7A,REQ_98713E0D7EA9,1,8810.0,v0.1
INS_525F22536A7A,REQ_94002A6A6A5E,2,710.0,v0.1
INS_525F22536A7A,REQ_18B25F82060D,3,18260.0,v0.1
INS_525F22536A7A,REQ_2F2BCF78B83E,4,1350.0,v0.1
INS_525F22536A7A,REQ_9D66A9998939,5,17110.0,v0.1
INS_525F22536A7A,REQ_9F1507A2B90F,6,4550.0,v0.1
INS_525F22536A7A,REQ_EA31723E6D2C,7,900.0,v0.1
INS_525F22536A7A,REQ_81B03603B23B,8,30000.0,v0.1
INS_525F22536A7A,REQ_A987186C18CC,9,14690.0,v0.1
INS_525F22536A7A,REQ_50C3A30E9544,10,3400.0,v0.1
INS_525F22536A7A,REQ_220C896C8D05,11,2590.0,v0.1
INS_525F22536A7A,REQ_E81C4B3DBBE6,12,150.0,v0.1
INS_525F22536A7A,REQ_1586694A1C7B,13,30000.0,v0.1
INS_C8E5CE1FCEB6,REQ_42683BD90E2F,0,5980.0,v0.1
INS_C8E5CE1FCEB6,REQ_61CA654A5DAC,1,26810.0,v0.1
INS_C8E5CE1FCEB6,REQ_30C40B196FF5,2,2740.0,v0.1
INS_C8E5CE1FCEB6,REQ_D496DA8ACB88,3,30000.0,v0.1
INS_C8E5CE1FCEB6,REQ_D2EBD507B00A,4,3560.0,v0.1
INS_C8E5CE1FCEB6,REQ_5704B3F354D5,5,10120.0,v0.1
INS_C8E5CE1FCEB6,REQ_07FBF68D7C7C,6,350.0,v0.1
INS_C8E5CE1FCEB6,REQ_66BACBAC92C7,7,9680.0,v0.1
INS_C8E5CE1FCEB6,REQ_73149BDE2AED,8,15910.0,v0.1
INS_C8E5CE1FCEB6,REQ_F658CEAC505D,9,30000.0,v0.1
INS_C8E5CE1FCEB6,REQ_34C73DB34D57,10,30000.0,v0.1
INS_53FA53442C16,REQ_9EA3942FCA30,0,30000.0,v0.1
INS_53FA53442C16,REQ_C990C25F3154,1,280.0,v0.1
INS_53FA53442C16,REQ_2E3485EA5719,2,100.0,v0.1
INS_53FA53442C16,REQ_23E92FF04348,3,1650.0,v0.1
INS_53FA53442C16,REQ_6E12C4FF770A,4,10400.0,v0.1
INS_53FA53442C16,REQ_D5427A403F9F,5,10350.0,v0.1
INS_53FA53442C16,REQ_3C84418D7CF5,6,1050.0,v0.1
INS_53FA53442C16,REQ_8247C9DCC25B,7,2780.0,v0.1
INS_53FA53442C16,REQ_89F660A2CCFF,8,10900.0,v0.1
INS_53FA53442C16,REQ_B5AFDE3088A9,9,150.0,v0.1
INS_53FA53442C16,REQ_A5CB97293E4A,10,12900.0,v0.1
INS_53FA53442C16,REQ_21C904C94B86,11,30000.0,v0.1
INS_53FA53442C16,REQ_273FF54FB935,12,850.0,v0.1
INS_53FA53442C16,REQ_17821CDA46FF,13,12890.0,v0.1
INS_53FA53442C16,REQ_AA7C04E735C9,14,1000.0,v0.1
INS_53FA53442C16,REQ_EBF24C4A306D,15,400.0,v0.1
INS_53FA53442C16,REQ_17D1099CDEC7,16,600.0,v0.1
INS_53FA53442C16,REQ_D8411ABF9C32,17,1950.0,v0.1
INS_53FA53442C16,REQ_D61EB21A3152,18,20140.0,v0.1
INS_0258791B6232,REQ_E9EED3108D0C,0,630.0,v0.1
INS_0258791B6232,REQ_C73459155D74,1,4240.0,v0.1
INS_0258791B6232,REQ_2E5CE27C3D31,2,6840.0,v0.1
INS_0258791B6232,REQ_DB7AECE75440,3,7420.0,v0.1
INS_0258791B6232,REQ_B884585FAAF2,4,920.0,v0.1
INS_0258791B6232,REQ_BF1D054EAD1D,5,8060.0,v0.1
INS_0258791B6232,REQ_12FB74EB3C8D,6,30000.0,v0.1
INS_0258791B6232,REQ_B41EFB2C648C,7,1340.0,v0.1
INS_0258791B6232,REQ_0EB3D16341F0,8,1140.0,v0.1
INS_0258791B6232,REQ_C0A34A51D4EE,9,3100.0,v0.1
INS_0258791B6232,REQ_C7FA607C4CBD,10,30000.0,v0.1
INS_0258791B6232,REQ_3C56BC341A79,11,4620.0,v0.1
INS_0258791B6232,REQ_177C97AC7AA1,12,810.0,v0.1
INS_0258791B6232,REQ_CC08404C0997,13,21850.0,v0.1
INS_0258791B6232,REQ_763237809F23,14,110.00000000000001,v0.1
INS_0258791B6232,REQ_6FAF7B849266,15,340.0,v0.1
INS_0258791B6232,REQ_B69A36A3369E,16,720.0,v0.1
INS_0258791B6232,REQ_712B9A1534C8,17,1510.0,v0.1
INS_0258791B6232,REQ_EBDA5DBCEDDA,18,30000.0,v0.1
INS_0258791B6232,REQ_656E626A2FF3,19,250.0,v0.1
INS_0258791B6232,REQ_8900EAE1CA62,20,1250.0,v0.1
INS_0258791B6232,REQ_B6DFDCB288A8,21,7090.0,v0.1
INS_0258791B6232,REQ_D0CD9510DCDE,22,25590.0,v0.1
INS_0258791B6232,REQ_5EC106A80691,23,29690.0,v0.1
INS_0258791B6232,REQ_660085B27A60,24,30000.0,v0.1
INS_0258791B6232,REQ_F37340CE5A14,25,30000.0,v0.1
INS_0258791B6232,REQ_71F1FABF4EC0,26,300.0,v0.1
INS_0258791B6232,REQ_F3DD28C45357,27,3820.0,v0.1
INS_0258791B6232,REQ_9CD065D94036,28,8480.0,v0.1
INS_0258791B6232,REQ_9161751B677B,29,30000.0,v0.1
INS_0258791B6232,REQ_1A1385922354,30,160.0,v0.1
INS_0258791B6232,REQ_DF6A4210A229,31,9160.0,v0.1
INS_0258791B6232,REQ_CEEBA57EC93D,32,2780.0,v0.1
INS_0258791B6232,REQ_EE9EF02672C0,33,30000.0,v0.1
INS_0258791B6232,REQ_181C7FF8E188,34,2400.0,v0.1
INS_0258791B6232,REQ_A6EF7BBACC8D,35,390.0,v0.1
INS_0258791B6232,REQ_B51A3103F91B,36,30000.0,v0.1
INS_0258791B6232,REQ_FED0525171EE,37,1450.0,v0.1
INS_0258791B6232,REQ_F641058F0F75,38,13030.0,v0.1
INS_0258791B6232,REQ_82B216BD1BB1,39,5720.0,v0.1
INS_0258791B6232,REQ_D4F28EE1A08D,40,670.0,v0.1
INS_0258791B6232,REQ_004AF15E60E3,41,30000.0,v0.1
INS_0258791B6232,REQ_67361EAFF387,42,30000.0,v0.1
INS_0258791B6232,REQ_CE45D382E088,43,30000.0,v0.1
INS_0258791B6232,REQ_1C437C9C52BA,44,30000.0,v0.1
INS_0258791B6232,REQ_35B960A56F84,45,4250.0,v0.1
INS_0258791B6232,REQ_49DD3FFFEBD1,46,3870.0000000000005,v0.1
INS_0258791B6232,REQ_0372EC4F7E4E,47,1240.0,v0.1
INS_0258791B6232,REQ_548ED3E32649,48,1760.0000000000002,v0.1
INS_0258791B6232,REQ_80EA4049A2A6,49,30000.0,v0.1
INS_7E7E1CAFA7F9,REQ_4714279C8A9E,0,1030.0,v0.1
INS_7E7E1CAFA7F9,REQ_77060F4D4F75,1,120.0,v0.1
INS_7E7E1CAFA7F9,REQ_7288EB6D13DE,2,3710.0,v0.1
INS_7E7E1CAFA7F9,REQ_FC0F79505D66,3,850.0,v0.1
INS_7E7E1CAFA7F9,REQ_DA7142C99201,4,290.0,v0.1
INS_7E7E1CAFA7F9,REQ_FA406CE9930D,5,12160.0,v0.1
INS_7E7E1CAFA7F9,REQ_3292E9791F14,6,450.0,v0.1
INS_7E7E1CAFA7F9,REQ_226FEDA88DAB,7,22410.0,v0.1
INS_7E7E1CAFA7F9,REQ_D3A093B4231C,8,30000.0,v0.1
INS_7E7E1CAFA7F9,REQ_56EB82EE4678,9,2980.0,v0.1
INS_7E7E1CAFA7F9,REQ_F5211DD53E77,10,30000.0,v0.1
INS_7E7E1CAFA7F9,REQ_C1E6DB465B38,11,9590.0,v0.1
INS_7E7E1CAFA7F9,REQ_68A975E9FE75,12,390.0,v0.1
INS_7E7E1CAFA7F9,REQ_63C6F023D40E,13,9200.0,v0.1
INS_0E0617DBA770,REQ_CCDD9EE86D25,0,30000.0,v0.1
INS_0E0617DBA770,REQ_880924DDA7AA,1,30000.0,v0.1
INS_0E0617DBA770,REQ_4C9833091DE4,2,27970.0,v0.1
INS_0E0617DBA770,REQ_AE1214649622,3,25910.0,v0.1
INS_0E0617DBA770,REQ_18247FFF8DB5,4,22880.0,v0.1
INS_0E0617DBA770,REQ_A6F9B176C9C1,5,21840.0,v0.1
INS_0E0617DBA770,REQ_F36410005ED9,6,1300.0,v0.1
INS_0E0617DBA770,REQ_60B0B7E01B80,7,30000.0,v0.1
INS_0E0617DBA770,REQ_249F7AA4AFD5,8,260.0,v0.1
INS_D42BAF58F9EB,REQ_EF615D67E644,0,19860.0,v0.1
INS_D42BAF58F9EB,REQ_E3A4C96F2545,1,6630.0,v0.1
INS_D42BAF58F9EB,REQ_62F7D31C3A9B,2,10130.0,v0.1
INS_D42BAF58F9EB,REQ_97A034723106,3,30000.0,v0.1
INS_D42BAF58F9EB,REQ_05DD965B3498,4,100.0,v0.1
INS_D42BAF58F9EB,REQ_945A4A3DB574,5,13210.0,v0.1
INS_D42BAF58F9EB,REQ_646C40127093,6,4520.0,v0.1
INS_D42BAF58F9EB,REQ_9E7C91C0AEF0,7,80.0,v0.1
INS_D42BAF58F9EB,REQ_A37294C566DB,8,23020.0,v0.1
INS_D42BAF58F9EB,REQ_6AB9739A608E,9,30000.0,v0.1
INS_D42BAF58F9EB,REQ_D8BE48ED7FDE,10,3080.0,v0.1
INS_D42BAF58F9EB,REQ_A7A8415D7938,11,30000.0,v0.1
INS_D42BAF58F9EB,REQ_1785103119BA,12,5170.0,v0.1
INS_D42BAF58F9EB,REQ_0875FF28DEA8,13,250.0,v0.1
INS_D42BAF58F9EB,REQ_332D30EF20E9,14,30000.0,v0.1
INS_D42BAF58F9EB,REQ_ECA3480848AE,15,3880.0,v0.1
INS_D42BAF58F9EB,REQ_9A8B3F974AA1,16,21770.0,v0.1
INS_D42BAF58F9EB,REQ_4AD35C76BCA6,17,7400.0,v0.1
INS_D42BAF58F9EB,REQ_CE3455DB88C0,18,9260.0,v0.1
INS_D42BAF58F9EB,REQ_2B57DB723306,19,13240.0,v0.1
INS_D42BAF58F9EB,REQ_E4EF27D11EA0,20,24180.0,v0.1
INS_D42BAF58F9EB,REQ_F0BE63F95380,21,4390.0,v0.1
INS_D42BAF58F9EB,REQ_B8626305861C,22,30000.0,v0.1
INS_D42BAF58F9EB,REQ_9992BE8B594D,23,100.0,v0.1
INS_D42BAF58F9EB,REQ_278A14F146EA,24,390.0,v0.1
INS_D42BAF58F9EB,REQ_D247F8408562,25,7950.0,v0.1
INS_D42BAF58F9EB,REQ_57A441F5A092,26,30000.0,v0.1
INS_D42BAF58F9EB,REQ_82229E51F722,27,280.0,v0.1
INS_D42BAF58F9EB,REQ_B8BC7A88DD3F,28,3340.0,v0.1
INS_D42BAF58F9EB,REQ_03BB0869FE97,29,13930.0,v0.1
INS_D42BAF58F9EB,REQ_29955146490B,30,240.0,v0.1
INS_D42BAF58F9EB,REQ_4A46C627B068,31,30000.0,v0.1
INS_D42BAF58F9EB,REQ_8B58A6ED8196,32,430.0,v0.1
INS_D42BAF58F9EB,REQ_5ADE234F250B,33,150.0,v0.1
INS_D42BAF58F9EB,REQ_BBF2A3F38F9B,34,410.0,v0.1
INS_D42BAF58F9EB,REQ_7973ADD2994E,35,320.0,v0.1
INS_D42BAF58F9EB,REQ_7EE87CB7929B,36,3330.0,v0.1
INS_D42BAF58F9EB,REQ_3D27752AA263,37,30000.0,v0.1
INS_D42BAF58F9EB,REQ_B07B6770A8AF,38,90.0,v0.1
INS_D42BAF58F9EB,REQ_24ACF5DD0CD8,39,7550.0,v0.1
INS_D42BAF58F9EB,REQ_C241B50D74CB,40,7380.0,v0.1
INS_871FB8F4608B,REQ_E7FE37A0D723,0,100.0,v0.1
INS_871FB8F4608B,REQ_17F52339682A,1,1050.0,v0.1
INS_871FB8F4608B,REQ_156675988C06,2,2100.0,v0.1
INS_871FB8F4608B,REQ_5F7C9334CCD2,3,2830.0,v0.1
INS_871FB8F4608B,REQ_5BC71AFFD044,4,120.0,v0.1
INS_871FB8F4608B,REQ_D65AB2D6389C,5,9020.0,v0.1
INS_871FB8F4608B,REQ_C1E6DA054522,6,340.0,v0.1
INS_871FB8F4608B,REQ_EDDC7C5C76B4,7,660.0,v0.1
INS_871FB8F4608B,REQ_14DC4685BF6F,8,110.00000000000001,v0.1
INS_871FB8F4608B,REQ_D086008F0084,9,3650.0,v0.1
INS_871FB8F4608B,REQ_E4D0EE79F47F,10,1050.0,v0.1
INS_871FB8F4608B,REQ_D4D7C5B59688,11,2680.0,v0.1
INS_871FB8F4608B,REQ_4890D5E316EE,12,1300.0,v0.1
INS_871FB8F4608B,REQ_7B74BFC133C9,13,2190.0,v0.1
INS_871FB8F4608B,REQ_AC9FB2D80956,14,1030.0,v0.1
INS_871FB8F4608B,REQ_F39A99E82816,15,30000.0,v0.1
INS_871FB8F4608B,REQ_9083CE6B1C8A,16,200.0,v0.1
INS_871FB8F4608B,REQ_840B31CFA170,17,1630.0,v0.1
INS_871FB8F4608B,REQ_F5D810042573,18,22490.0,v0.1
INS_871FB8F4608B,REQ_F46B77E79A7A,19,100.0,v0.1
INS_871FB8F4608B,REQ_B422448D41B1,20,280.0,v0.1
INS_871FB8F4608B,REQ_30430FDDD98B,21,200.0,v0.1
INS_871FB8F4608B,REQ_B73C3EE0150A,22,15980.0,v0.1
INS_871FB8F4608B,REQ_C4C4BB169BE5,23,8290.0,v0.1
INS_871FB8F4608B,REQ_A97FD700CAA5,24,2500.0,v0.1
INS_871FB8F4608B,REQ_550E25E473FF,25,17480.0,v0.1
INS_871FB8F4608B,REQ_535A89AE4EE2,26,600.0,v0.1
INS_871FB8F4608B,REQ_13E5177F7A8D,27,150.0,v0.1
INS_871FB8F4608B,REQ_48DC8CCF6E9B,28,860.0,v0.1
INS_871FB8F4608B,REQ_328904CFFE20,29,25230.0,v0.1
INS_871FB8F4608B,REQ_13AA8BB4C725,30,700.0,v0.1
INS_871FB8F4608B,REQ_4F712F372479,31,1400.0,v0.1
INS_871FB8F4608B,REQ_A375AF2A9AAA,32,830.0,v0.1
INS_871FB8F4608B,REQ_B01BB1A4CC64,33,1480.0,v0.1
INS_871FB8F4608B,REQ_8397A53985D4,34,520.0,v0.1
INS_871FB8F4608B,REQ_6A1D3C414FE1,35,550.0,v0.1
INS_871FB8F4608B,REQ_E8E1D565BA75,36,260.0,v0.1
INS_871FB8F4608B,REQ_A77643B84FA0,37,13560.0,v0.1
INS_871FB8F4608B,REQ_B23A5B73E5C1,38,1350.0,v0.1
INS_871FB8F4608B,REQ_B024E7225464,39,5060.0,v0.1
INS_871FB8F4608B,REQ_5CAFC9D11367,40,400.0,v0.1
INS_871FB8F4608B,REQ_E47BBE862963,41,3900.0,v0.1
INS_871FB8F4608B,REQ_5000DA76A63C,42,1820.0,v0.1
INS_871FB8F4608B,REQ_A4645A45D8D5,43,380.0,v0.1
INS_871FB8F4608B,REQ_1AE1FFD07EAC,44,300.0,v0.1
INS_871FB8F4608B,REQ_68C945797CED,45,459.99999999999994,v0.1
INS_871FB8F4608B,REQ_6CDDD84F1D31,46,100.0,v0.1
INS_871FB8F4608B,REQ_DC601FCA5CBA,47,660.0,v0.1
INS_871FB8F4608B,REQ_2F5994C90F30,48,1970.0,v0.1
INS_871FB8F4608B,REQ_759E0BF18ACC,49,100.0,v0.1
INS_871FB8F4608B,REQ_FC3630AB495E,50,2970.0,v0.1
INS_871FB8F4608B,REQ_F11602C82F02,51,520.0,v0.1
INS_871FB8F4608B,REQ_32EE7D42850C,52,1140.0,v0.1
INS_871FB8F4608B,REQ_61D77E272462,53,760.0,v0.1
INS_871FB8F4608B,REQ_61A0D230652A,54,6750.0,v0.1
INS_871FB8F4608B,REQ_5D4E7320B9A0,55,450.0,v0.1
INS_871FB8F4608B,REQ_B33225AD93F9,56,150.0,v0.1
INS_871FB8F4608B,REQ_F41994A3B5C0,57,550.0,v0.1
INS_871FB8F4608B,REQ_998F5BCB7896,58,100.0,v0.1
INS_BBB4FB1E9427,REQ_29684F61D6B7,0,330.0,v0.1
INS_BBB4FB1E9427,REQ_6D5A6F56497D,1,110.00000000000001,v0.1
INS_BBB4FB1E9427,REQ_4D54A9F04233,2,19320.0,v0.1
INS_BBB4FB1E9427,REQ_DBBAD359FF9B,3,20740.0,v0.1
INS_BBB4FB1E9427,REQ_035C396BD910,4,12500.0,v0.1
INS_BBB4FB1E9427,REQ_C3620844B984,5,1710.0,v0.1
INS_BBB4FB1E9427,REQ_CA49EDDCCC5F,6,3780.0,v0.1
INS_BBB4FB1E9427,REQ_2470033E23AC,7,1420.0,v0.1
INS_BBB4FB1E9427,REQ_DD875A00FF03,8,30000.0,v0.1
INS_BBB4FB1E9427,REQ_CC40AB3247AE,9,850.0,v0.1
INS_BBB4FB1E9427,REQ_EF2FA853A179,10,30000.0,v0.1
INS_BBB4FB1E9427,REQ_A1FA2BFC08DC,11,1670.0,v0.1
INS_BBB4FB1E9427,REQ_1C0D15C86A6C,12,7770.0,v0.1
INS_BBB4FB1E9427,REQ_C69C1B54984B,13,500.0,v0.1
INS_BBB4FB1E9427,REQ_DAAD29CCD2FD,14,1900.0,v0.1
INS_BBB4FB1E9427,REQ_C7D472E24123,15,1170.0,v0.1
INS_BBB4FB1E9427,REQ_C75961F37D8D,16,300.0,v0.1
INS_BBB4FB1E9427,REQ_8857FA779BEE,17,6150.0,v0.1
INS_BBB4FB1E9427,REQ_A0F535A64FEC,18,1610.0000000000002,v0.1
INS_BBB4FB1E9427,REQ_86A5C836CE13,19,1450.0,v0.1
INS_BBB4FB1E9427,REQ_35A7E7DFFE25,20,1019.9999999999999,v0.1
INS_BBB4FB1E9427,REQ_69A126A58F29,21,15730.0,v0.1
INS_BBB4FB1E9427,REQ_CCF8B094C151,22,790.0,v0.1
INS_BBB4FB1E9427,REQ_B32D7F2637C7,23,19430.0,v0.1
INS_C9F265BD42C2,REQ_DE8084732803,0,14120.0,v0.1
INS_C9F265BD42C2,REQ_521093854B15,1,20300.0,v0.1
INS_C9F265BD42C2,REQ_1BB40B2B25C3,2,1430.0,v0.1
INS_C9F265BD42C2,REQ_87FF1E136EE6,3,3690.0,v0.1
INS_C9F265BD42C2,REQ_ED03A9C99014,4,200.0,v0.1
INS_C9F265BD42C2,REQ_C5A979482087,5,7100.0,v0.1
INS_C9F265BD42C2,REQ_A0CE9E420122,6,25550.0,v0.1
INS_C9F265BD42C2,REQ_60D5370AD062,7,13400.0,v0.1
INS_C9F265BD42C2,REQ_F9A86D1C121B,8,420.0,v0.1
INS_C9F265BD42C2,REQ_83B86B81C577,9,4250.0,v0.1
INS_C9F265BD42C2,REQ_7B9AEA96E77B,10,2440.0,v0.1
INS_C9F265BD42C2,REQ_B4C72B9CB9DB,11,4820.0,v0.1
INS_0D21DCF39F39,REQ_833D1232F3AF,0,2280.0,v0.1
INS_0D21DCF39F39,REQ_9B3B4196A500,1,30000.0,v0.1
INS_0D21DCF39F39,REQ_1D40B579A439,2,440.0,v0.1
INS_0D21DCF39F39,REQ_7A1985B8855B,3,30000.0,v0.1
INS_0D21DCF39F39,REQ_42FC7F58D08E,4,8990.0,v0.1
INS_0D21DCF39F39,REQ_A1F0A335C16F,5,250.0,v0.1
INS_0D21DCF39F39,REQ_F84D0FE78115,6,3950.0,v0.1
INS_0D21DCF39F39,REQ_DF2ECA7431D7,7,6900.0,v0.1
INS_0D21DCF39F39,REQ_083856E16AE8,8,3829.9999999999995,v0.1
INS_0D21DCF39F39,REQ_0E7F2717E0E4,9,30000.0,v0.1
INS_0D21DCF39F39,REQ_92449E1C33C0,10,10370.0,v0.1
INS_0D21DCF39F39,REQ_1142802A5EBA,11,890.0,v0.1
INS_0D21DCF39F39,REQ_951D9E0F2428,12,1760.0000000000002,v0.1
INS_896E4BCA99AA,REQ_89D9A0E6115B,0,15150.0,v0.1
INS_896E4BCA99AA,REQ_C21E9E2D9918,1,18420.0,v0.1
INS_896E4BCA99AA,REQ_F37E92305462,2,2920.0,v0.1
INS_896E4BCA99AA,REQ_BE53712F7127,3,7520.0,v0.1
INS_896E4BCA99AA,REQ_2CC2FB379A32,4,1050.0,v0.1
INS_896E4BCA99AA,REQ_459687CDF5B6,5,1900.0,v0.1
INS_896E4BCA99AA,REQ_1C8BE40ECB55,6,4950.0,v0.1
INS_896E4BCA99AA,REQ_430D0113C9A4,7,7050.0,v0.1
INS_70BB59731354,REQ_44634139268E,0,17610.0,v0.1
INS_70BB59731354,REQ_2DE4065A9605,1,4510.0,v0.1
INS_70BB59731354,REQ_A9DDDA72025E,2,100.0,v0.1
INS_70BB59731354,REQ_C276CE35D51B,3,9860.0,v0.1
INS_70BB59731354,REQ_3A0C977CE0A5,4,1860.0000000000002,v0.1
INS_70BB59731354,REQ_20CB30CFEC59,5,19210.0,v0.1
INS_70BB59731354,REQ_63F96710DA1F,6,16970.0,v0.1
INS_70BB59731354,REQ_ADE163834A13,7,1370.0,v0.1
INS_70BB59731354,REQ_7FDE4281B926,8,5170.0,v0.1
INS_70BB59731354,REQ_9CBC0C6E0E78,9,8600.0,v0.1
INS_70BB59731354,REQ_6C0651204526,10,1000.0,v0.1
INS_70BB59731354,REQ_BA1BF7D240D5,11,12230.0,v0.1
INS_70BB59731354,REQ_196C069B16DC,12,170.0,v0.1
INS_70BB59731354,REQ_E7A2F7C52740,13,3230.0,v0.1
INS_70BB59731354,REQ_CC43ADD71524,14,29150.0,v0.1
INS_70BB59731354,REQ_61277E07769E,15,1260.0,v0.1
INS_70BB59731354,REQ_9BD9518FEAA3,16,30000.0,v0.1
INS_70BB59731354,REQ_E0816DD7EEFA,17,720.0,v0.1
INS_70BB59731354,REQ_6FCD5C4F8614,18,6900.0,v0.1
INS_70BB59731354,REQ_A3B55CC64558,19,150.0,v0.1
INS_70BB59731354,REQ_74F5211FE859,20,4900.0,v0.1
INS_70BB59731354,REQ_C28F9C9D9C74,21,1960.0,v0.1
INS_70BB59731354,REQ_2F989F908C6D,22,19940.0,v0.1
INS_70BB59731354,REQ_0ED94F45D2DB,23,11370.0,v0.1
INS_70BB59731354,REQ_6097DBAA14BF,24,340.0,v0.1
INS_70BB59731354,REQ_CFA6A24D2EC1,25,2720.0,v0.1
INS_70BB59731354,REQ_34CF5BF8C0D1,26,14950.0,v0.1
INS_70BB59731354,REQ_267C8994F02B,27,100.0,v0.1
INS_70BB59731354,REQ_39E94504559C,28,8370.0,v0.1
INS_70BB59731354,REQ_B8CB9A151594,29,470.0,v0.1
INS_70BB59731354,REQ_693545922AA3,30,1400.0,v0.1
INS_70BB59731354,REQ_514DB94FBB62,31,1240.0,v0.1
INS_70BB59731354,REQ_38806609F6CF,32,25500.0,v0.1
INS_70BB59731354,REQ_934EEB551F7E,33,5470.0,v0.1
INS_70BB59731354,REQ_8684232D8F03,34,650.0,v0.1
INS_70BB59731354,REQ_A647E3319A64,35,940.0,v0.1
INS_70BB59731354,REQ_AC145747F0E7,36,11490.0,v0.1
INS_70BB59731354,REQ_A76C88C4E246,37,5280.0,v0.1
INS_70BB59731354,REQ_ECD502FBF6DF,38,16710.0,v0.1
INS_70BB59731354,REQ_FF37CDC73173,39,3510.0,v0.1
INS_70BB59731354,REQ_32FA3F4858B1,40,5670.0,v0.1
INS_70BB59731354,REQ_C994D91996C6,41,4470.0,v0.1
INS_70BB59731354,REQ_AC1734189171,42,30000.0,v0.1
INS_70BB59731354,REQ_132458C37869,43,1520.0,v0.1
INS_70BB59731354,REQ_2F09F46AD482,44,80.0,v0.1
INS_70BB59731354,REQ_D989A412C96E,45,3950.0,v0.1
INS_70BB59731354,REQ_01E70A1EF5AF,46,8320.0,v0.1
INS_8ABCD2207FB9,REQ_7601CFF91624,0,30000.0,v0.1
INS_8ABCD2207FB9,REQ_058AB67159C6,1,30000.0,v0.1
INS_8ABCD2207FB9,REQ_90A4E616152A,2,27730.0,v0.1
INS_8ABCD2207FB9,REQ_B7AFBFEAA524,3,25850.0,v0.1
INS_8ABCD2207FB9,REQ_1FBD7665CEF8,4,30000.0,v0.1
INS_8ABCD2207FB9,REQ_9EF709420473,5,21920.0,v0.1
INS_8ABCD2207FB9,REQ_ECEB0B1438B0,6,26630.0,v0.1
INS_8ABCD2207FB9,REQ_5CB3314F49C3,7,30000.0,v0.1
INS_8ABCD2207FB9,REQ_8495F52429CF,8,30000.0,v0.1
INS_8ABCD2207FB9,REQ_44AC8A2E9FF7,9,19500.0,v0.1
INS_8ABCD2207FB9,REQ_F7DCAD255861,10,28220.0,v0.1
INS_8ABCD2207FB9,REQ_456881F0BC67,11,30000.0,v0.1
INS_8ABCD2207FB9,REQ_0305DEE325F4,12,27480.0,v0.1
INS_8ABCD2207FB9,REQ_F79786BE1AE9,13,30000.0,v0.1
INS_8ABCD2207FB9,REQ_7316E36FB9C5,14,12310.0,v0.1
INS_8ABCD2207FB9,REQ_E74EE37E0E0B,15,13730.0,v0.1
INS_8ABCD2207FB9,REQ_D41663ABDA7E,16,18930.0,v0.1
INS_8ABCD2207FB9,REQ_EBCCFA1E6A7F,17,17640.0,v0.1
INS_8ABCD2207FB9,REQ_A3B267051658,18,22480.0,v0.1
INS_8ABCD2207FB9,REQ_290207E6E90E,19,20590.0,v0.1
INS_A7CCF1FFB801,REQ_0EFAF8F14C0D,0,30000.0,v0.1
INS_A7CCF1FFB801,REQ_52E5B795E069,1,2900.0,v0.1
INS_A7CCF1FFB801,REQ_C7CAC5B043A1,2,4780.0,v0.1
INS_A7CCF1FFB801,REQ_92F0F9ACC47C,3,760.0,v0.1
INS_A7CCF1FFB801,REQ_534C0D820A71,4,30000.0,v0.1
INS_A7CCF1FFB801,REQ_4B67746260EB,5,250.0,v0.1
INS_A7CCF1FFB801,REQ_69AF365D0940,6,3860.0,v0.1
INS_A7CCF1FFB801,REQ_4062B2987BBB,7,30000.0,v0.1
INS_A7CCF1FFB801,REQ_A52EA8EC4495,8,30000.0,v0.1
INS_A7CCF1FFB801,REQ_A3B9D5951F97,9,7980.0,v0.1
INS_A7CCF1FFB801,REQ_A4830DDA5DCD,10,6200.0,v0.1
INS_A7CCF1FFB801,REQ_DC026EE82E67,11,30000.0,v0.1
INS_A7CCF1FFB801,REQ_B4413A1F35BD,12,2990.0,v0.1
INS_A7CCF1FFB801,REQ_031242229A4A,13,3160.0,v0.1
INS_A7CCF1FFB801,REQ_829F21B0FDF0,14,570.0,v0.1
INS_A7CCF1FFB801,REQ_34FD3D8A6C35,15,400.0,v0.1
INS_A7CCF1FFB801,REQ_B083C798C98D,16,6650.0,v0.1
INS_A7CCF1FFB801,REQ_51AF869E0C15,17,80.0,v0.1
INS_A7CCF1FFB801,REQ_4DC4B31ADD06,18,30000.0,v0.1
INS_A7CCF1FFB801,REQ_D1FFA7CE569E,19,3530.0,v0.1
INS_A7CCF1FFB801,REQ_4508536AC8AE,20,2320.0,v0.1
INS_A7CCF1FFB801,REQ_BEB6C0FE7157,21,690.0,v0.1
INS_A7CCF1FFB801,REQ_7D8D8E06169D,22,30000.0,v0.1
INS_A7CCF1FFB801,REQ_D082289A740A,23,1550.0,v0.1
INS_A7CCF1FFB801,REQ_0F5C9677B1D9,24,30000.0,v0.1
INS_A7CCF1FFB801,REQ_B0ADDB9F473B,25,869.9999999999999,v0.1
INS_A7CCF1FFB801,REQ_81496D90303D,26,120.0,v0.1
INS_A7CCF1FFB801,REQ_54E88BDABC5D,27,7950.0,v0.1
INS_A7CCF1FFB801,REQ_A54EC414C339,28,1400.0,v0.1
INS_A7CCF1FFB801,REQ_660F5FDDCF07,29,550.0,v0.1
INS_A7CCF1FFB801,REQ_28AF681AEFCA,30,30000.0,v0.1
INS_A7CCF1FFB801,REQ_256C39E1F539,31,30000.0,v0.1
INS_A7CCF1FFB801,REQ_7E9344CB1715,32,30000.0,v0.1
INS_A7CCF1FFB801,REQ_6F3FB0A27AC7,33,15230.0,v0.1
INS_A7CCF1FFB801,REQ_6677FC8BC563,34,2260.0,v0.1
INS_A7CCF1FFB801,REQ_7AA836D3F5BA,35,1060.0,v0.1
INS_A7CCF1FFB801,REQ_A278EFD5DB89,36,990.0,v0.1
INS_A7CCF1FFB801,REQ_205F985B77CD,37,400.0,v0.1
INS_A7CCF1FFB801,REQ_C99DAC655037,38,3650.0,v0.1
INS_B820025687E9,REQ_0372EC4F7E4E,0,1240.0,v0.1
INS_B820025687E9,REQ_D36311C9303A,1,5730.0,v0.1
INS_B820025687E9,REQ_80EA4049A2A6,2,30000.0,v0.1
INS_B820025687E9,REQ_3C56BC341A79,3,4620.0,v0.1
INS_B820025687E9,REQ_B51A3103F91B,4,30000.0,v0.1
INS_B820025687E9,REQ_FED0525171EE,5,1450.0,v0.1
INS_B820025687E9,REQ_E9EED3108D0C,6,630.0,v0.1
INS_B820025687E9,REQ_C0A34A51D4EE,7,3100.0,v0.1
INS_B820025687E9,REQ_712B9A1534C8,8,1510.0,v0.1
INS_B820025687E9,REQ_CC08404C0997,9,21850.0,v0.1
INS_B820025687E9,REQ_5741B5C1A57A,10,30000.0,v0.1
INS_B820025687E9,REQ_AB07FDBEA66E,11,550.0,v0.1
INS_B820025687E9,REQ_6FAF7B849266,12,340.0,v0.1
INS_B820025687E9,REQ_B815BDFE5C08,13,560.0,v0.1
INS_B820025687E9,REQ_A111B984FAA3,14,6830.0,v0.1
INS_B820025687E9,REQ_F641058F0F75,15,13030.0,v0.1
INS_0843DFDC2976,REQ_D4ACB143B2D2,0,1780.0,v0.1
INS_0843DFDC2976,REQ_6B8ABEE0A7D4,1,7459.999999999999,v0.1
INS_0843DFDC2976,REQ_6FCD5C4F8614,2,6900.0,v0.1
INS_0843DFDC2976,REQ_1E714A027E18,3,210.0,v0.1
INS_0843DFDC2976,REQ_57A87FCD429F,4,30000.0,v0.1
INS_0843DFDC2976,REQ_97F5C3AE2253,5,670.0,v0.1
INS_0843DFDC2976,REQ_4E75BBEE8237,6,20600.0,v0.1
INS_0843DFDC2976,REQ_F09EC18D7CA7,7,780.0,v0.1
INS_0843DFDC2976,REQ_A647E3319A64,8,940.0,v0.1
INS_171F92638F60,REQ_22B088693B21,0,2410.0,v0.1
INS_171F92638F60,REQ_126BDBA33585,1,600.0,v0.1
INS_171F92638F60,REQ_49B4B41E1CC8,2,330.0,v0.1
INS_171F92638F60,REQ_5616D8F7F091,3,950.0,v0.1
INS_171F92638F60,REQ_22844FFACB8F,4,1800.0,v0.1
INS_171F92638F60,REQ_FD70B51F804B,5,30150.0,v0.1
INS_171F92638F60,REQ_0E97BAA62BE5,6,30000.0,v0.1
INS_171F92638F60,REQ_3AC2DD82E1B0,7,1600.0,v0.1
INS_171F92638F60,REQ_4264EDF2ABDA,8,6950.0,v0.1
INS_171F92638F60,REQ_A1AE6C278118,9,1040.0,v0.1
INS_171F92638F60,REQ_94A3873A6770,10,30000.0,v0.1
INS_171F92638F60,REQ_8F8EF5102D28,11,15500.0,v0.1
INS_171F92638F60,REQ_CF6AC933C9F2,12,5290.0,v0.1
INS_171F92638F60,REQ_4001F7959D20,13,30000.0,v0.1
INS_171F92638F60,REQ_4B27E5D76803,14,280.0,v0.1
INS_171F92638F60,REQ_F4CA547CD4D2,15,22010.0,v0.1
INS_171F92638F60,REQ_A1EF844F7946,16,6270.0,v0.1
INS_171F92638F60,REQ_A6DF18A72A58,17,3940.0,v0.1
INS_171F92638F60,REQ_C86B09E37B41,18,25540.0,v0.1
INS_171F92638F60,REQ_C61925C25828,19,26160.0,v0.1
INS_171F92638F60,REQ_0676BC8FBEAD,20,10240.0,v0.1
INS_171F92638F60,REQ_8CBD357ED03A,21,17230.0,v0.1
INS_171F92638F60,REQ_F4C4763D02EB,22,409.99999999999994,v0.1
INS_171F92638F60,REQ_7CAA9AA22AC6,23,2010.0000000000002,v0.1
INS_171F92638F60,REQ_B83872CB8E9E,24,3200.0,v0.1
INS_171F92638F60,REQ_8146F3143B2E,25,13240.0,v0.1
INS_171F92638F60,REQ_2798D7F0BD86,26,250.0,v0.1
INS_171F92638F60,REQ_CE35CC007BA4,27,7170.0,v0.1
INS_171F92638F60,REQ_6E1D469B1BBD,28,570.0,v0.1
INS_171F92638F60,REQ_10D45FF78EF0,29,170.0,v0.1
INS_171F92638F60,REQ_417C6D72317E,30,660.0,v0.1
INS_171F92638F60,REQ_D9357740C166,31,450.0,v0.1
INS_171F92638F60,REQ_741F4443DB39,32,1100.0,v0.1
INS_171F92638F60,REQ_FA445C1CEA50,33,10860.0,v0.1
INS_171F92638F60,REQ_148722E7626A,34,450.0,v0.1
INS_171F92638F60,REQ_EF330410B77D,35,240.0,v0.1
INS_171F92638F60,REQ_1EE9BF66006D,36,23430.0,v0.1
INS_171F92638F60,REQ_384B14E64D10,37,4360.0,v0.1
INS_171F92638F60,REQ_34C208AEC202,38,30000.0,v0.1
INS_171F92638F60,REQ_EB1A55F36527,39,400.0,v0.1
INS_171F92638F60,REQ_914338094BBF,40,1000.0,v0.1
INS_171F92638F60,REQ_852B74375A9F,41,30000.0,v0.1
INS_171F92638F60,REQ_F74760C272CC,42,30000.0,v0.1
INS_171F92638F60,REQ_9B85DFE72FD9,43,860.0,v0.1
INS_171F92638F60,REQ_0B915180F5B4,44,550.0,v0.1
INS_171F92638F60,REQ_8D7AD8A97548,45,1270.0,v0.1
INS_171F92638F60,REQ_E225AC61396D,46,11580.0,v0.1
INS_171F92638F60,REQ_D7D2076403FD,47,17650.0,v0.1
INS_171F92638F60,REQ_026B22660C55,48,250.0,v0.1
INS_171F92638F60,REQ_A18D8BE64B7E,49,240.0,v0.1
INS_171F92638F60,REQ_04BAB8CB41D8,50,4500.0,v0.1
INS_171F92638F60,REQ_3AF8D5287CF5,51,4880.0,v0.1
INS_171F92638F60,REQ_616E3E8BAC14,52,870.0,v0.1
INS_171F92638F60,REQ_DB9F739E997C,53,2620.0,v0.1
INS_171F92638F60,REQ_F82411CC8F94,54,16280.0,v0.1
INS_171F92638F60,REQ_1B54720C91B5,55,550.0,v0.1
INS_171F92638F60,REQ_AB2C19D27623,56,300.0,v0.1
INS_171F92638F60,REQ_6484203FA368,57,940.0,v0.1
INS_171F92638F60,REQ_13A2B7C746F6,58,18560.0,v0.1
INS_171F92638F60,REQ_8BFFBE8337B2,59,12450.0,v0.1
INS_BB5A6A1B2D10,REQ_3A837C24D04B,0,750.0,v0.1
INS_BB5A6A1B2D10,REQ_5BF6AA0493D2,1,2050.0,v0.1
INS_BB5A6A1B2D10,REQ_AE0219A13B47,2,1120.0,v0.1
INS_BB5A6A1B2D10,REQ_E1F74CC3512C,3,1060.0,v0.1
INS_BB5A6A1B2D10,REQ_2B05F113B40B,4,30000.0,v0.1
INS_BB5A6A1B2D10,REQ_ABEFFFC728BE,5,980.0,v0.1
INS_BB5A6A1B2D10,REQ_1A4FA8D357D9,6,880.0000000000001,v0.1
INS_BB5A6A1B2D10,REQ_062DCB8931CB,7,310.0,v0.1
INS_BB5A6A1B2D10,REQ_1F4267DD095E,8,24350.0,v0.1
INS_BB5A6A1B2D10,REQ_E07A0B8E6982,9,400.0,v0.1
INS_BB5A6A1B2D10,REQ_3DE6B104B93B,10,110.00000000000001,v0.1
INS_BB5A6A1B2D10,REQ_095230216686,11,650.0,v0.1
INS_BB5A6A1B2D10,REQ_13BCC2772879,12,1670.0,v0.1
INS_021AF7DEBE99,REQ_A3B267051658,0,22480.0,v0.1
INS_021AF7DEBE99,REQ_B7AFBFEAA524,1,25850.0,v0.1
INS_021AF7DEBE99,REQ_9EF709420473,2,21920.0,v0.1
INS_021AF7DEBE99,REQ_290207E6E90E,3,20590.0,v0.1
INS_021AF7DEBE99,REQ_1FBD7665CEF8,4,30000.0,v0.1
INS_021AF7DEBE99,REQ_5CB3314F49C3,5,30000.0,v0.1
INS_021AF7DEBE99,REQ_E74EE37E0E0B,6,13730.0,v0.1
INS_021AF7DEBE99,REQ_EBCCFA1E6A7F,7,17640.0,v0.1
INS_021AF7DEBE99,REQ_90A4E616152A,8,27730.0,v0.1
INS_310E11972641,REQ_A4B26CC09313,0,3090.0,v0.1
INS_310E11972641,REQ_E0451F721FB6,1,700.0,v0.1
INS_310E11972641,REQ_E9D779BB3E32,2,29770.0,v0.1
INS_310E11972641,REQ_25888A31C73A,3,16990.0,v0.1
INS_310E11972641,REQ_090D5CBC17A8,4,21790.0,v0.1
INS_310E11972641,REQ_D57F3493C929,5,1800.0,v0.1
INS_310E11972641,REQ_99354446E369,6,1250.0,v0.1
INS_310E11972641,REQ_CD6B604EE9B2,7,2840.0,v0.1
INS_310E11972641,REQ_46F6581D3033,8,18260.0,v0.1
INS_310E11972641,REQ_3D8C3A20AA21,9,7490.000000000001,v0.1
INS_310E11972641,REQ_BDA3B4312F47,10,22840.0,v0.1
INS_310E11972641,REQ_D232F238AF2D,11,650.0,v0.1
INS_82ADF3E92164,REQ_6971112E3344,0,600.0,v0.1
INS_82ADF3E92164,REQ_F3BC7FF2C0CD,1,2750.0,v0.1
INS_82ADF3E92164,REQ_BE6E8CDCDB8B,2,1000.0,v0.1
INS_82ADF3E92164,REQ_DDD7B56A6E40,3,740.0,v0.1
INS_82ADF3E92164,REQ_FC53C24203D2,4,2560.0,v0.1
INS_82ADF3E92164,REQ_1CA1BBEF7CBA,5,430.0,v0.1
INS_82ADF3E92164,REQ_FA3601FB4A9A,6,30000.0,v0.1
INS_82ADF3E92164,REQ_F9C56B1D150E,7,25120.0,v0.1
INS_82ADF3E92164,REQ_46078759A872,8,19350.0,v0.1
INS_82ADF3E92164,REQ_D5C8E9346E39,9,30000.0,v0.1
INS_82ADF3E92164,REQ_42F2B1EE6EC2,10,18960.0,v0.1
INS_82ADF3E92164,REQ_4B262B8B1B19,11,750.0,v0.1
INS_82ADF3E92164,REQ_D62795A96C40,12,30000.0,v0.1
INS_82ADF3E92164,REQ_4B28389D8C08,13,5900.0,v0.1
INS_82ADF3E92164,REQ_6899FA62023F,14,30000.0,v0.1
INS_82ADF3E92164,REQ_D7EE0D8F0A0B,15,13510.0,v0.1
INS_82ADF3E92164,REQ_BC17053A0098,16,30000.0,v0.1
INS_82ADF3E92164,REQ_6814C4EF42E8,17,9260.0,v0.1
INS_82ADF3E92164,REQ_D461D6CE653A,18,30000.0,v0.1
INS_82ADF3E92164,REQ_14387ABB76F2,19,750.0,v0.1
INS_82ADF3E92164,REQ_93ED83801C15,20,16650.0,v0.1
INS_82ADF3E92164,REQ_79539DCCD0BC,21,19140.0,v0.1
INS_82ADF3E92164,REQ_2FD8A97D7106,22,30000.0,v0.1
INS_82ADF3E92164,REQ_BF901C968BF2,23,10650.0,v0.1
INS_0EFF7A0FFEF9,REQ_E27399AD72D2,0,869.9999999999999,v0.1
INS_0EFF7A0FFEF9,REQ_AAEC66475248,1,440.0,v0.1
INS_0EFF7A0FFEF9,REQ_21796CA570CF,2,1210.0,v0.1
INS_0EFF7A0FFEF9,REQ_32502C5D3E7A,3,30000.0,v0.1
INS_0EFF7A0FFEF9,REQ_0BE51FAFA111,4,1090.0,v0.1
INS_0EFF7A0FFEF9,REQ_9C0B31B1FCAA,5,3650.0,v0.1
INS_0EFF7A0FFEF9,REQ_E856ABADDA38,6,1370.0,v0.1
INS_0EFF7A0FFEF9,REQ_1DD69C79F5E0,7,770.0,v0.1
INS_0EFF7A0FFEF9,REQ_E05BF8DB532C,8,640.0,v0.1
INS_0EFF7A0FFEF9,REQ_E43EB97CE07E,9,11850.0,v0.1
INS_0EFF7A0FFEF9,REQ_AA0F535DB3AA,10,1070.0,v0.1
INS_0EFF7A0FFEF9,REQ_E039C89909E8,11,9080.0,v0.1
INS_0EFF7A0FFEF9,REQ_CE0963CC7195,12,5870.0,v0.1
INS_21592139757E,REQ_716FCC3631F4,0,14440.0,v0.1
INS_21592139757E,REQ_418380863D03,1,610.0,v0.1
INS_21592139757E,REQ_825E433E586B,2,2600.0,v0.1
INS_21592139757E,REQ_ABD2DF89A881,3,260.0,v0.1
INS_21592139757E,REQ_A0CE9E420122,4,25550.0,v0.1
INS_21592139757E,REQ_D09F215C828D,5,620.0,v0.1
INS_21592139757E,REQ_0F50C273A841,6,30000.0,v0.1
INS_21592139757E,REQ_6C177B546B7C,7,22420.0,v0.1
INS_21592139757E,REQ_0A95B485E89C,8,1400.0,v0.1
INS_21592139757E,REQ_91BC5A26549D,9,200.0,v0.1
INS_21592139757E,REQ_59B8D500F4E3,10,4510.0,v0.1
INS_21592139757E,REQ_872ADD2BE372,11,430.0,v0.1
INS_21592139757E,REQ_78C0C374949E,12,3080.0,v0.1
INS_21592139757E,REQ_029467E35653,13,840.0,v0.1
INS_21592139757E,REQ_824BB39F9AB9,14,30000.0,v0.1
INS_21592139757E,REQ_543A5AA44C87,15,290.0,v0.1
INS_F51C3A6C9FE7,REQ_1EE226D19579,0,11900.0,v0.1
INS_F51C3A6C9FE7,REQ_E629FD0DAA0A,1,10650.0,v0.1
INS_F51C3A6C9FE7,REQ_353659939B55,2,4170.0,v0.1
INS_F51C3A6C9FE7,REQ_3F8D90E7B904,3,12900.0,v0.1
INS_BC59E087FC90,REQ_BE27CA8446BA,0,2920.0,v0.1
INS_BC59E087FC90,REQ_76B7EEC0AB2E,1,30000.0,v0.1
INS_BC59E087FC90,REQ_3B5EC8BC15A2,2,7510.0,v0.1
INS_BC59E087FC90,REQ_8A2A4090EB2B,3,580.0,v0.1
INS_BC59E087FC90,REQ_764C2E6E7C8A,4,4425.0,v0.1
INS_BC59E087FC90,REQ_048F36C70B27,5,30000.0,v0.1
INS_BC59E087FC90,REQ_B60D909C857D,6,20780.0,v0.1
INS_BC59E087FC90,REQ_E48C4606B1C9,7,2500.0,v0.1
INS_BC59E087FC90,REQ_DCFC6B12CBD6,8,720.0,v0.1
INS_BC59E087FC90,REQ_EAF4AE0CB4D7,9,900.0,v0.1
INS_BC59E087FC90,REQ_938331F9BBDE,10,1290.0,v0.1
INS_BC59E087FC90,REQ_244830AF6F6D,11,2450.0,v0.1
INS_BC59E087FC90,REQ_A12B1AF5190E,12,13330.0,v0.1
INS_BC59E087FC90,REQ_4CAA2CD7C40E,13,10760.0,v0.1
INS_BC59E087FC90,REQ_58928AC711B5,14,15080.000000000002,v0.1
INS_BC59E087FC90,REQ_F76709F1D78E,15,1400.0,v0.1
INS_BC59E087FC90,REQ_688EAE337EE1,16,15650.0,v0.1
INS_BC59E087FC90,REQ_652B5C74F337,17,27250.0,v0.1
INS_BC59E087FC90,REQ_17C068D3F0C9,18,6860.0,v0.1
INS_BC59E087FC90,REQ_D9D51138D0C1,19,24660.0,v0.1
INS_BC59E087FC90,REQ_F969FFBB801A,20,7750.0,v0.1
INS_BC59E087FC90,REQ_97F494353323,21,280.0,v0.1
INS_BC59E087FC90,REQ_22C89477CB12,22,840.0,v0.1
INS_BC59E087FC90,REQ_AB7553C35F2C,23,1150.0,v0.1
INS_BC59E087FC90,REQ_223498CF7325,24,590.0,v0.1
INS_BC59E087FC90,REQ_1FA11ED55EAA,25,9710.0,v0.1
INS_BC59E087FC90,REQ_200D68E70400,26,15525.0,v0.1
INS_BC59E087FC90,REQ_E205693C57A0,27,30000.0,v0.1
INS_BC59E087FC90,REQ_77B185F6D1CE,28,1150.0,v0.1
INS_BC59E087FC90,REQ_B5D7E030482A,29,18070.0,v0.1
INS_BC59E087FC90,REQ_6995E0CC4EC7,30,680.0,v0.1
INS_BC59E087FC90,REQ_D35F82BFD056,31,8200.0,v0.1
INS_BC59E087FC90,REQ_1AF495868F9D,32,2660.0,v0.1
INS_BC59E087FC90,REQ_F2C706D8D852,33,6450.0,v0.1
INS_BC59E087FC90,REQ_6467AD619765,34,6210.0,v0.1
INS_BC59E087FC90,REQ_56CAD80E236F,35,5610.0,v0.1
INS_BC59E087FC90,REQ_69424EA6F602,36,5590.0,v0.1
INS_BC59E087FC90,REQ_967BAC03701B,37,1050.0,v0.1
INS_BC59E087FC90,REQ_A44EDC637760,38,1630.0,v0.1
INS_BC59E087FC90,REQ_071569E9C6EE,39,500.0,v0.1
INS_BC59E087FC90,REQ_CCF94F299CC9,40,890.0,v0.1
INS_BC59E087FC90,REQ_6EC658F5D595,41,4500.0,v0.1
INS_BC59E087FC90,REQ_4BFF7CE034B7,42,10250.0,v0.1
INS_BC59E087FC90,REQ_C842675D889D,43,3100.0,v0.1
INS_BC59E087FC90,REQ_97C697DC28CA,44,15000.0,v0.1
INS_BC59E087FC90,REQ_2E8AE57455A2,45,4190.0,v0.1
INS_BC59E087FC90,REQ_53B48A18AC1A,46,24430.0,v0.1
INS_BC59E087FC90,REQ_1673C7E6D792,47,6500.0,v0.1
INS_BC59E087FC90,REQ_BDEAB0E10C38,48,30000.0,v0.1
INS_BC59E087FC90,REQ_D2403837B8C7,49,30000.0,v0.1
INS_BC59E087FC90,REQ_4402A371019F,50,1290.0,v0.1
INS_BC59E087FC90,REQ_F126CF5FCB12,51,2130.0,v0.1
INS_BC59E087FC90,REQ_0A8E8AA5E2CA,52,16730.0,v0.1
INS_BC59E087FC90,REQ_84CC175C259F,53,450.0,v0.1
INS_BC59E087FC90,REQ_0C8F74CBB161,54,6510.0,v0.1
INS_BC59E087FC90,REQ_C476B11AC575,55,5750.0,v0.1
INS_BC59E087FC90,REQ_40A0927B72A2,56,3190.0,v0.1
INS_1A1C65024B3B,REQ_9837DC1C8D1A,0,2300.0,v0.1
INS_1A1C65024B3B,REQ_B85CA3CD8E7D,1,2490.0,v0.1
INS_1A1C65024B3B,REQ_796E38878076,2,2340.0,v0.1
INS_1A1C65024B3B,REQ_5300FF45CEAC,3,750.0,v0.1
INS_1A1C65024B3B,REQ_45FE55CA7E08,4,240.0,v0.1
INS_1A1C65024B3B,REQ_132FEBC7A1F3,5,30000.0,v0.1
INS_1A1C65024B3B,REQ_7A1268B0ECD2,6,6350.0,v0.1
INS_1A1C65024B3B,REQ_0F604B40117C,7,28400.0,v0.1
INS_1A1C65024B3B,REQ_6C071646BA66,8,2850.0,v0.1
INS_EAA659D438E4,REQ_9ECF0AD867E7,0,600.0,v0.1
INS_EAA659D438E4,REQ_3E7838F80EDF,1,15200.0,v0.1
INS_EAA659D438E4,REQ_4CB2EE0F6D66,2,1810.0000000000002,v0.1
INS_EAA659D438E4,REQ_D496DA8ACB88,3,30000.0,v0.1
INS_EAA659D438E4,REQ_B7EEC93D9FE3,4,500.0,v0.1
INS_EAA659D438E4,REQ_385370DC8F8A,5,30000.0,v0.1
INS_EAA659D438E4,REQ_4F3235F7196A,6,3550.0,v0.1
INS_EAA659D438E4,REQ_BA697859BDD2,7,9040.0,v0.1
INS_EAA659D438E4,REQ_60C4FB254D55,8,4780.0,v0.1
INS_EAA659D438E4,REQ_5B8045121F62,9,600.0,v0.1
INS_EAA659D438E4,REQ_E4F17E165827,10,2960.0,v0.1
INS_EAA659D438E4,REQ_9889B090194A,11,14290.0,v0.1
INS_EAA659D438E4,REQ_A4E12C79F9B1,12,6250.0,v0.1
INS_EAA659D438E4,REQ_05EAA5C1ECC0,13,550.0,v0.1
INS_EAA659D438E4,REQ_70D6FAE9B2FF,14,250.0,v0.1
INS_EAA659D438E4,REQ_37B50E3EA66C,15,1510.0,v0.1
INS_EAA659D438E4,REQ_1E3C81F24427,16,2070.0,v0.1
INS_EAA659D438E4,REQ_ED333A95F29A,17,160.0,v0.1
INS_EAA659D438E4,REQ_1B0289B8EB55,18,250.0,v0.1
INS_EAA659D438E4,REQ_035AAC066F7F,19,650.0,v0.1
INS_EAA659D438E4,REQ_E67AE082EF68,20,180.0,v0.1
INS_EAA659D438E4,REQ_6D4E0DB0DB6E,21,1140.0,v0.1
INS_EAA659D438E4,REQ_2200168D83ED,22,1420.0,v0.1
INS_EAA659D438E4,REQ_03F547274EEC,23,14830.0,v0.1
INS_EAA659D438E4,REQ_99AC8F80B95F,24,8840.0,v0.1
INS_B4506D268A25,REQ_A2B148E8D39A,0,3160.0,v0.1
INS_B4506D268A25,REQ_C600790D22D8,1,5600.0,v0.1
INS_B4506D268A25,REQ_7EC919255F25,2,2660.0,v0.1
INS_B4506D268A25,REQ_EDC07A30F602,3,9750.0,v0.1
INS_B4506D268A25,REQ_35A939600DF2,4,10790.0,v0.1
INS_B4506D268A25,REQ_3AB06B507395,5,8590.0,v0.1
INS_B4506D268A25,REQ_62804A0E3D2E,6,1800.0,v0.1
INS_B4506D268A25,REQ_C23BB16337B7,7,1000.0,v0.1
INS_B4506D268A25,REQ_1572DC92FE4B,8,1000.0,v0.1
INS_B4506D268A25,REQ_C45C34A2FB42,9,990.0,v0.1
INS_789EB464E5B4,REQ_7C94B21AD1E4,0,30000.0,v0.1
INS_789EB464E5B4,REQ_7F35A3B51B46,1,14420.0,v0.1
INS_789EB464E5B4,REQ_BC4F48241900,2,30000.0,v0.1
INS_789EB464E5B4,REQ_50A2F45747C0,3,9160.0,v0.1
INS_789EB464E5B4,REQ_53FCCA9803C4,4,11710.0,v0.1
INS_789EB464E5B4,REQ_23597F191A8D,5,11100.0,v0.1
INS_789EB464E5B4,REQ_7868BDF12EC9,6,3560.0,v0.1
INS_789EB464E5B4,REQ_3418D62F8989,7,30000.0,v0.1
INS_789EB464E5B4,REQ_C4C88F09234B,8,15140.0,v0.1
INS_72858BC7EDD2,REQ_9362DA4FF829,0,30000.0,v0.1
INS_72858BC7EDD2,REQ_8CF8D3DC5D4F,1,25210.0,v0.1
INS_72858BC7EDD2,REQ_1FD30B122716,2,30000.0,v0.1
INS_72858BC7EDD2,REQ_0E81BD04C6DC,3,19240.0,v0.1
INS_72858BC7EDD2,REQ_B0384C308513,4,7800.0,v0.1
INS_72858BC7EDD2,REQ_5DB4AE3A49C3,5,8890.0,v0.1
INS_72858BC7EDD2,REQ_81F017923849,6,560.0,v0.1
INS_72858BC7EDD2,REQ_17532EA14446,7,600.0,v0.1
INS_72858BC7EDD2,REQ_E45E2EC4F8BD,8,610.0,v0.1
INS_72858BC7EDD2,REQ_FC63F3F737E6,9,28940.0,v0.1
INS_72858BC7EDD2,REQ_EBB57A372956,10,6980.0,v0.1
INS_72858BC7EDD2,REQ_596239391EE5,11,1720.0,v0.1
INS_72858BC7EDD2,REQ_3F496CE4D6C4,12,869.9999999999999,v0.1
INS_72858BC7EDD2,REQ_AB876C096C9E,13,990.0,v0.1
INS_72858BC7EDD2,REQ_98F9B05BE909,14,30000.0,v0.1
INS_72858BC7EDD2,REQ_3018215447D7,15,680.0,v0.1
INS_72858BC7EDD2,REQ_F702367571A0,16,1320.0,v0.1
INS_9D356664322B,REQ_7C2D97269AD9,0,30000.0,v0.1
INS_9D356664322B,REQ_6998AED81AAD,1,7670.0,v0.1
INS_9D356664322B,REQ_063349EDF7A9,2,5850.0,v0.1
INS_9D356664322B,REQ_83F89A3E50BE,3,600.0,v0.1
INS_9D356664322B,REQ_9F8C3522C9B4,4,1320.0,v0.1
INS_9D356664322B,REQ_1C166B12B24C,5,8200.0,v0.1
INS_9D356664322B,REQ_2C42F461E92B,6,26000.0,v0.1
INS_9D356664322B,REQ_98CA6223E996,7,10810.0,v0.1
INS_9D356664322B,REQ_56E34DA629D1,8,2330.0,v0.1
INS_9D356664322B,REQ_19AC9FAF8DCA,9,1720.0,v0.1
INS_9D356664322B,REQ_DC0573640BAD,10,21270.0,v0.1
INS_9D356664322B,REQ_D9877C912AAD,11,30000.0,v0.1
INS_9D356664322B,REQ_CA0724D7A4DB,12,27350.0,v0.1
INS_9D356664322B,REQ_BB6E03D6D18F,13,2650.0,v0.1
INS_9D356664322B,REQ_563348E6718F,14,90.0,v0.1
INS_9D356664322B,REQ_B559AF0C9A58,15,2950.0,v0.1
INS_9D356664322B,REQ_A568E785B3D3,16,250.0,v0.1
INS_9D356664322B,REQ_5E4D1C424DD5,17,2350.0,v0.1
INS_9D356664322B,REQ_603B8B8310C6,18,12430.0,v0.1
INS_1A20A70672EE,REQ_2B20434936C0,0,7900.0,v0.1
INS_1A20A70672EE,REQ_E9BA1052903F,1,3300.0,v0.1
INS_1A20A70672EE,REQ_1712BDF98E57,2,9560.0,v0.1
INS_1A20A70672EE,REQ_5A466EF62610,3,270.0,v0.1
INS_1A20A70672EE,REQ_10B59B4AA5E5,4,16860.0,v0.1
INS_1A20A70672EE,REQ_7F9309EDD188,5,1150.0,v0.1
INS_1A20A70672EE,REQ_25A3F0336855,6,28070.0,v0.1
INS_1A20A70672EE,REQ_43F6FF35AE8C,7,380.0,v0.1
INS_1A20A70672EE,REQ_E894677A2133,8,780.0,v0.1
INS_1A20A70672EE,REQ_9EB1BC3989BC,9,10810.0,v0.1
INS_1A20A70672EE,REQ_BCB941825719,10,17770.0,v0.1
INS_1A20A70672EE,REQ_3C3F7B931863,11,5070.0,v0.1
INS_1A20A70672EE,REQ_B4E2176817D9,12,360.0,v0.1
INS_1A20A70672EE,REQ_9C8C077AAA05,13,6500.0,v0.1
INS_1A20A70672EE,REQ_1B08E4EFB66B,14,1780.0,v0.1
INS_1A20A70672EE,REQ_05B2393DB800,15,4610.0,v0.1
INS_1A20A70672EE,REQ_930B04B61541,16,30000.0,v0.1
INS_1A20A70672EE,REQ_00FF621FA7F7,17,11080.0,v0.1
INS_1A20A70672EE,REQ_F4CF0D780E5E,18,30000.0,v0.1
INS_1A20A70672EE,REQ_963E79A96A2C,19,5120.0,v0.1
INS_1A20A70672EE,REQ_A4A6F0D63A22,20,13280.0,v0.1
INS_1A20A70672EE,REQ_6566B5C79988,21,3390.0,v0.1
INS_1A20A70672EE,REQ_DFE473C054B5,22,3679.9999999999995,v0.1
INS_1A20A70672EE,REQ_CCA0427A96E4,23,300.0,v0.1
INS_1A20A70672EE,REQ_D84946289B77,24,15180.0,v0.1
INS_1A20A70672EE,REQ_8A3607DE068E,25,3250.0,v0.1
INS_1A20A70672EE,REQ_B4B456C4C4C9,26,17430.0,v0.1
INS_1A20A70672EE,REQ_7EC49E6EB928,27,1680.0,v0.1
INS_1A20A70672EE,REQ_D5B37E885793,28,1070.0,v0.1
INS_1A20A70672EE,REQ_A845DC87CC71,29,3370.0,v0.1
INS_1A20A70672EE,REQ_AEF663439293,30,30000.0,v0.1
INS_1A20A70672EE,REQ_ADFA85953AC1,31,650.0,v0.1
INS_1A20A70672EE,REQ_A9EFBD9AE65D,32,11670.0,v0.1
INS_1A20A70672EE,REQ_D2A2AD41B2B9,33,16560.0,v0.1
INS_1A20A70672EE,REQ_DB7F53CA4ACC,34,23940.0,v0.1
INS_1A20A70672EE,REQ_2107C2E5D7C9,35,3930.0,v0.1
INS_1A20A70672EE,REQ_B3539E5BEDAB,36,580.0,v0.1
INS_1A20A70672EE,REQ_9F20A7913B64,37,90.0,v0.1
INS_1A20A70672EE,REQ_19B33ECDA195,38,7960.0,v0.1
INS_1A20A70672EE,REQ_A12F567CDECE,39,11890.0,v0.1
INS_1A20A70672EE,REQ_2FA3A9F7E405,40,30000.0,v0.1
INS_1A20A70672EE,REQ_B2BE63C239B8,41,2710.0,v0.1
INS_1A20A70672EE,REQ_DEBD4D758FFA,42,3370.0000000000005,v0.1
INS_1A20A70672EE,REQ_B79DBFAA162B,43,2680.0,v0.1
INS_81F065B6AA79,REQ_D42A1DD1B1B3,0,4990.0,v0.1
INS_81F065B6AA79,REQ_2939A5BDA18F,1,550.0,v0.1
INS_81F065B6AA79,REQ_2736D83C786A,2,30000.0,v0.1
INS_81F065B6AA79,REQ_EF4A623B7DD8,3,30000.0,v0.1
INS_81F065B6AA79,REQ_E38CF4B73015,4,30000.0,v0.1
INS_81F065B6AA79,REQ_279C79809B7C,5,12260.0,v0.1
INS_81F065B6AA79,REQ_9FE8B11E2C00,6,30000.0,v0.1
INS_81F065B6AA79,REQ_CC5A547B6557,7,23360.0,v0.1
INS_81F065B6AA79,REQ_62DA61D5395B,8,1850.0,v0.1
INS_81F065B6AA79,REQ_5C3C34C9A6CA,9,2100.0,v0.1
INS_81F065B6AA79,REQ_DAFE6C80BD50,10,30000.0,v0.1
INS_81F065B6AA79,REQ_E02B6CC37F49,11,13310.0,v0.1
INS_81F065B6AA79,REQ_829A6AABFD5F,12,30000.0,v0.1
INS_81F065B6AA79,REQ_17FD3064533F,13,30000.0,v0.1
INS_81F065B6AA79,REQ_F7E253D0A958,14,30000.0,v0.1
INS_81F065B6AA79,REQ_7191A28F7BB3,15,930.0000000000001,v0.1
INS_81F065B6AA79,REQ_F6D219960707,16,1440.0,v0.1
INS_81F065B6AA79,REQ_6A9AD04808BF,17,1200.0,v0.1
INS_81F065B6AA79,REQ_88351F3B8D32,18,30000.0,v0.1
INS_81F065B6AA79,REQ_A8A796745767,19,2340.0,v0.1
INS_81F065B6AA79,REQ_5185AB28B1C3,20,25080.0,v0.1
INS_81F065B6AA79,REQ_A1AD7B4E66F6,21,30000.0,v0.1
INS_81F065B6AA79,REQ_394E24062C7F,22,30000.0,v0.1
INS_81F065B6AA79,REQ_D53D2A8D9117,23,30000.0,v0.1
INS_81F065B6AA79,REQ_C2224BAB0D20,24,900.0,v0.1
INS_81F065B6AA79,REQ_D1103C092ED9,25,30000.0,v0.1
INS_81F065B6AA79,REQ_031A651A7125,26,22580.0,v0.1
INS_81F065B6AA79,REQ_E86956A2B884,27,30000.0,v0.1
INS_81F065B6AA79,REQ_169C951EBFE8,28,18280.0,v0.1
INS_81F065B6AA79,REQ_DDB817B722A2,29,30000.0,v0.1
INS_09C11C7ED4C8,REQ_B14ED3314A97,0,1200.0,v0.1
INS_09C11C7ED4C8,REQ_84CB44C7EACF,1,30000.0,v0.1
INS_09C11C7ED4C8,REQ_02D001AFF3B0,2,3100.0,v0.1
INS_09C11C7ED4C8,REQ_2500BA176CE0,3,30000.0,v0.1
INS_09C11C7ED4C8,REQ_74C1CC9E1E5E,4,2700.0,v0.1
INS_09C11C7ED4C8,REQ_9FDB97C8E276,5,30000.0,v0.1
INS_09C11C7ED4C8,REQ_CA3C5A1725F5,6,6170.0,v0.1
INS_09C11C7ED4C8,REQ_F5DF69DFC24E,7,370.0,v0.1
INS_09C11C7ED4C8,REQ_533ABE620140,8,6900.0,v0.1
INS_09C11C7ED4C8,REQ_AC0DDAD35B3C,9,400.0,v0.1
INS_09C11C7ED4C8,REQ_7563C15C8DBB,10,22320.0,v0.1
INS_09C11C7ED4C8,REQ_9807FEEC729B,11,20180.0,v0.1
INS_09C11C7ED4C8,REQ_FC9594C96F15,12,7059.999999999999,v0.1
INS_09C11C7ED4C8,REQ_BC1D9BB0837B,13,13810.0,v0.1
INS_09C11C7ED4C8,REQ_2007A68B865E,14,4000.0,v0.1
INS_5CECD711359F,REQ_0926F3376515,0,940.0,v0.1
INS_5CECD711359F,REQ_E24D04763E27,1,190.0,v0.1
INS_5CECD711359F,REQ_79D9DA8D86B2,2,1190.0,v0.1
INS_5CECD711359F,REQ_13BD76B8941D,3,430.0,v0.1
INS_5CECD711359F,REQ_4B31F931F746,4,3020.0,v0.1
INS_5CECD711359F,REQ_C5E887D3F3BA,5,7890.0,v0.1
INS_5CECD711359F,REQ_43949A6DCBFE,6,30000.0,v0.1
INS_5CECD711359F,REQ_D4DAF88A46F3,7,2720.0,v0.1
INS_5CECD711359F,REQ_5279345F6907,8,160.0,v0.1
INS_5CECD711359F,REQ_2529C292A31D,9,30000.0,v0.1
INS_5CECD711359F,REQ_B06EE1FBD790,10,440.0,v0.1
INS_5CECD711359F,REQ_724D012B5102,11,21670.0,v0.1
INS_5CECD711359F,REQ_E263BC6E7C9A,12,30000.0,v0.1
INS_5CECD711359F,REQ_BD2D6B2E0207,13,9650.0,v0.1
INS_5CECD711359F,REQ_9FBBDDD7FB3E,14,3980.0,v0.1
INS_BF67982708AA,REQ_B1318F7798AE,0,180.0,v0.1
INS_BF67982708AA,REQ_B1E17B8757F6,1,1660.0000000000002,v0.1
INS_BF67982708AA,REQ_16ADBBC041A3,2,650.0,v0.1
INS_BF67982708AA,REQ_3FC7667B9D51,3,1100.0,v0.1
INS_BF67982708AA,REQ_6F3B1B35ED48,4,30000.0,v0.1
INS_BF67982708AA,REQ_127AC607B84C,5,4120.0,v0.1
INS_BF67982708AA,REQ_56E50AF2B779,6,1980.0,v0.1
INS_BF67982708AA,REQ_28142FA1C678,7,480.0,v0.1
INS_BF67982708AA,REQ_BD11A90B5188,8,1100.0,v0.1
INS_BF67982708AA,REQ_EA8383D529C8,9,18670.0,v0.1
INS_BF67982708AA,REQ_49109458CD81,10,940.0,v0.1
INS_BF67982708AA,REQ_683945FF7644,11,2930.0,v0.1
INS_BF67982708AA,REQ_3A578444988B,12,23300.0,v0.1
INS_BF67982708AA,REQ_05D7C77D7D3D,13,18490.0,v0.1
INS_BF67982708AA,REQ_1ECCCD9B0737,14,860.0,v0.1
INS_BF67982708AA,REQ_F2B61E6AD832,15,760.0,v0.1
INS_BF67982708AA,REQ_B9E701BAFD1E,16,730.0,v0.1
INS_BF67982708AA,REQ_82361110B141,17,1350.0,v0.1
INS_CE851912EA96,REQ_117C75DFE4D4,0,440.0,v0.1
INS_CE851912EA96,REQ_5C6503BA166E,1,1340.0,v0.1
INS_CE851912EA96,REQ_F5FCBBC94563,2,30000.0,v0.1
INS_CE851912EA96,REQ_7BF55EBB7B9A,3,8050.0,v0.1
INS_CE851912EA96,REQ_D1DA81450236,4,1050.0,v0.1
INS_CE851912EA96,REQ_32B5F3C966DA,5,350.0,v0.1
INS_CE851912EA96,REQ_EFA0B37D7B2A,6,30000.0,v0.1
INS_CE851912EA96,REQ_839761F5AA32,7,1500.0,v0.1
INS_CE851912EA96,REQ_D59CDE1A2AC0,8,200.0,v0.1
INS_CE851912EA96,REQ_2BA664D5D479,9,1350.0,v0.1
INS_CE851912EA96,REQ_A4A8FF331AF9,10,4830.0,v0.1
INS_CE851912EA96,REQ_4657619F4FBB,11,1750.0,v0.1
INS_CE851912EA96,REQ_4B3E3622ECE1,12,10340.0,v0.1
INS_CE851912EA96,REQ_41D814260124,13,730.0,v0.1
INS_CE851912EA96,REQ_139E3F9CA134,14,830.0000000000001,v0.1
INS_CE851912EA96,REQ_DE7BB3856739,15,700.0,v0.1
INS_CE851912EA96,REQ_5D7C07E678AE,16,5150.0,v0.1
INS_CE851912EA96,REQ_ACDD5D4C1613,17,100.0,v0.1
INS_87DF7ACC786D,REQ_02D28295A143,0,30000.0,v0.1
INS_87DF7ACC786D,REQ_8C367E50789F,1,23160.0,v0.1
INS_87DF7ACC786D,REQ_CEE41D9CBCDF,2,140.0,v0.1
INS_87DF7ACC786D,REQ_BC8A890148E3,3,30000.0,v0.1
INS_87DF7ACC786D,REQ_D03513B61FD8,4,2350.0,v0.1
INS_87DF7ACC786D,REQ_AA3C0A912029,5,3300.0,v0.1
INS_87DF7ACC786D,REQ_7EF4CC0A7FF1,6,4520.0,v0.1
INS_87DF7ACC786D,REQ_B20C3CA3B909,7,1400.0,v0.1
INS_87DF7ACC786D,REQ_89CACBF07486,8,1050.0,v0.1
INS_87DF7ACC786D,REQ_B6EF6A0FE03D,9,30000.0,v0.1
INS_87DF7ACC786D,REQ_B4F09A63D331,10,650.0,v0.1
INS_87DF7ACC786D,REQ_DE007F0409B0,11,30000.0,v0.1
INS_87DF7ACC786D,REQ_1108A81D4667,12,2650.0,v0.1
INS_87DF7ACC786D,REQ_9F6B2B91C071,13,6320.0,v0.1
INS_87DF7ACC786D,REQ_EB027F4BBBCC,14,2360.0,v0.1
INS_87DF7ACC786D,REQ_F02DAC84B6AB,15,950.0,v0.1
INS_87DF7ACC786D,REQ_683EDB5B8484,16,140.0,v0.1
INS_87DF7ACC786D,REQ_A1560C7FA60D,17,510.0,v0.1
INS_87DF7ACC786D,REQ_9E6C1E5F16C3,18,22860.0,v0.1
INS_87DF7ACC786D,REQ_50F414362815,19,30000.0,v0.1
INS_87DF7ACC786D,REQ_4BEAC9221DF4,20,2940.0,v0.1
INS_87DF7ACC786D,REQ_5417BEBF3A7F,21,16880.0,v0.1
INS_CF472F07130B,REQ_8B1FAA897F08,0,4640.0,v0.1
INS_CF472F07130B,REQ_B40D98129F86,1,4230.0,v0.1
INS_CF472F07130B,REQ_C533A9FCF1E2,2,1450.0,v0.1
INS_CF472F07130B,REQ_289791AC8D2E,3,3050.0,v0.1
INS_CF472F07130B,REQ_E6889F7BEEF4,4,8020.0,v0.1
INS_CF472F07130B,REQ_57ED52F96485,5,6390.0,v0.1
INS_CF472F07130B,REQ_B556DBA29CCB,6,1450.0,v0.1
INS_CF472F07130B,REQ_1BFF54238B3A,7,30000.0,v0.1
INS_CF472F07130B,REQ_A5A6BCA7419B,8,700.0,v0.1
INS_CF472F07130B,REQ_4805E950C971,9,900.0,v0.1
INS_CF472F07130B,REQ_C247A495EAED,10,10960.0,v0.1
INS_CF472F07130B,REQ_35F3BBF11E5F,11,27270.0,v0.1
INS_CF472F07130B,REQ_2CCCC86E86F7,12,17030.0,v0.1
INS_CF472F07130B,REQ_7A2D7FCBDAD3,13,1700.0,v0.1
INS_CF472F07130B,REQ_C713AE8C844F,14,200.0,v0.1
INS_CF472F07130B,REQ_6306AFE0CBF0,15,1210.0,v0.1
INS_CF472F07130B,REQ_1BA3DFFF697B,16,2480.0,v0.1
INS_CF472F07130B,REQ_958B257A820B,17,2760.0,v0.1
INS_CF472F07130B,REQ_F24F4CC12163,18,30000.0,v0.1
INS_CF472F07130B,REQ_AFA7CEA48434,19,6190.0,v0.1
INS_F9B1B4FBFC83,REQ_53F2E94E9421,0,680.0,v0.1
INS_F9B1B4FBFC83,REQ_BECD6C4716E7,1,520.0,v0.1
INS_F9B1B4FBFC83,REQ_4A22DEA1D530,2,1610.0,v0.1
INS_F9B1B4FBFC83,REQ_2100E88BF521,3,320.0,v0.1
INS_F9B1B4FBFC83,REQ_67899EC0FB0B,4,550.0,v0.1
INS_F9B1B4FBFC83,REQ_B5C327D4FC88,5,8310.0,v0.1
INS_F9B1B4FBFC83,REQ_2622823E4C78,6,10280.0,v0.1
INS_F9B1B4FBFC83,REQ_911D8B54D8F0,7,830.0000000000001,v0.1
INS_9849F0FC91F4,REQ_5E32CB4A2BA7,0,22250.0,v0.1
INS_9849F0FC91F4,REQ_B2B85BB5FD49,1,30000.0,v0.1
INS_9849F0FC91F4,REQ_C67CE0C30BB6,2,790.0,v0.1
INS_9849F0FC91F4,REQ_7E9139A506E0,3,21710.0,v0.1
INS_9849F0FC91F4,REQ_D48E9B87FC91,4,1700.0,v0.1
INS_9849F0FC91F4,REQ_0C8967B0F3BB,5,770.0,v0.1
INS_9849F0FC91F4,REQ_913885279596,6,30000.0,v0.1
INS_9849F0FC91F4,REQ_E2B0CE29A84C,7,10930.0,v0.1
INS_9849F0FC91F4,REQ_DD7715C30243,8,7310.0,v0.1
INS_9849F0FC91F4,REQ_33CBC8C349B1,9,8830.0,v0.1
INS_9849F0FC91F4,REQ_5D013184DDAE,10,13450.0,v0.1
INS_236D251EA91C,REQ_1EE226D19579,0,11900.0,v0.1
INS_236D251EA91C,REQ_353659939B55,1,4170.0,v0.1
INS_236D251EA91C,REQ_E629FD0DAA0A,2,10650.0,v0.1
INS_236D251EA91C,REQ_3F8D90E7B904,3,12900.0,v0.1
INS_5BE5F1EF1B6C,REQ_919DD27012C6,0,30000.0,v0.1
INS_5BE5F1EF1B6C,REQ_895E7DF735BD,1,14200.0,v0.1
INS_5BE5F1EF1B6C,REQ_05AC31DD7CD8,2,9310.0,v0.1
INS_5BE5F1EF1B6C,REQ_B884FFFCE234,3,30000.0,v0.1
INS_5BE5F1EF1B6C,REQ_CB81322F5C84,4,6800.0,v0.1
INS_5BE5F1EF1B6C,REQ_43CCF80E4E99,5,30000.0,v0.1
INS_5BE5F1EF1B6C,REQ_16000AC93CBF,6,17000.0,v0.1
INS_5BE5F1EF1B6C,REQ_48C9BCADCABD,7,30000.0,v0.1
INS_5BE5F1EF1B6C,REQ_6C087EA6F86F,8,30000.0,v0.1
INS_5BE5F1EF1B6C,REQ_CECF7A168639,9,30000.0,v0.1
INS_5BE5F1EF1B6C,REQ_AF8CDDA4D5E0,10,30000.0,v0.1
INS_5BE5F1EF1B6C,REQ_9137C155DD72,11,13460.0,v0.1
INS_5BE5F1EF1B6C,REQ_0CC67604B2B7,12,24350.0,v0.1
INS_5BE5F1EF1B6C,REQ_75AB6204EF53,13,390.0,v0.1
INS_40187DA07866,REQ_E21EED4BD3EB,0,30000.0,v0.1
INS_40187DA07866,REQ_D980F8906D5C,1,2020.0,v0.1
INS_40187DA07866,REQ_9E267758F73F,2,540.0,v0.1
INS_40187DA07866,REQ_CE9F8D2B6A69,3,8280.0,v0.1
INS_40187DA07866,REQ_33C2131616E0,4,740.0,v0.1
INS_40187DA07866,REQ_EB6E83594F68,5,30000.0,v0.1
INS_40187DA07866,REQ_771A0209A713,6,11200.0,v0.1
INS_40187DA07866,REQ_D43CEBCC2554,7,25470.0,v0.1
INS_40187DA07866,REQ_AC114D89BEA6,8,25030.0,v0.1
INS_40187DA07866,REQ_423BD2C326C3,9,6110.0,v0.1
INS_40187DA07866,REQ_6BC2D2032FB5,10,820.0,v0.1
INS_A86942F2C66A,REQ_F5A58A4D98B0,0,250.0,v0.1
INS_A86942F2C66A,REQ_E4F1F92C3E33,1,30000.0,v0.1
INS_A86942F2C66A,REQ_26C6E623E3F3,2,2320.0,v0.1
INS_A86942F2C66A,REQ_A568E785B3D3,3,250.0,v0.1
INS_A86942F2C66A,REQ_E102D439215A,4,18730.0,v0.1
INS_A86942F2C66A,REQ_59A1F6FAD454,5,2970.0,v0.1
INS_A86942F2C66A,REQ_1BFD2DB628B5,6,15950.0,v0.1
INS_A86942F2C66A,REQ_752DC23A6AB4,7,2160.0,v0.1
INS_A86942F2C66A,REQ_75C44A5DF4F3,8,3090.0,v0.1
INS_A86942F2C66A,REQ_530E5E1B31D7,9,600.0,v0.1
INS_A86942F2C66A,REQ_E47FAF9A8428,10,30000.0,v0.1
INS_A86942F2C66A,REQ_365B32EEDD5A,11,4090.0,v0.1
INS_A86942F2C66A,REQ_31D06A361ECC,12,700.0,v0.1
INS_A86942F2C66A,REQ_E0255A5C0DF1,13,480.0,v0.1
INS_A86942F2C66A,REQ_485F7AF6671C,14,6620.0,v0.1
INS_A86942F2C66A,REQ_27FF76B7DC79,15,530.0,v0.1
INS_A86942F2C66A,REQ_5B9B6871725A,16,150.0,v0.1
INS_A86942F2C66A,REQ_81C910538DC5,17,450.0,v0.1
INS_A86942F2C66A,REQ_8F330D05ACD3,18,26680.0,v0.1
INS_A86942F2C66A,REQ_5008355BBFAA,19,9900.0,v0.1
INS_A86942F2C66A,REQ_790CCE562F04,20,950.0,v0.1
INS_A86942F2C66A,REQ_CCB1769FC060,21,910.0,v0.1
INS_A86942F2C66A,REQ_6D7BC8CC69C5,22,30000.0,v0.1
INS_A86942F2C66A,REQ_50DED2C7878A,23,300.0,v0.1
INS_A86942F2C66A,REQ_CEDAB4AB143A,24,180.0,v0.1
INS_A86942F2C66A,REQ_56E34DA629D1,25,2330.0,v0.1
INS_A86942F2C66A,REQ_06E9D04A1BDF,26,240.0,v0.1
INS_A86942F2C66A,REQ_B1A7FBDD17AC,27,2700.0,v0.1
INS_A86942F2C66A,REQ_9F8C3522C9B4,28,1320.0,v0.1
INS_A86942F2C66A,REQ_D16B1B62A4D6,29,100.0,v0.1
INS_A86942F2C66A,REQ_1711CFB221A3,30,150.0,v0.1
INS_A86942F2C66A,REQ_822594659D2A,31,21570.0,v0.1
INS_A86942F2C66A,REQ_430912A986F8,32,12750.0,v0.1
INS_A86942F2C66A,REQ_78CCAE4D3339,33,30000.0,v0.1
INS_A86942F2C66A,REQ_C206D7569A93,34,6700.0,v0.1
INS_A86942F2C66A,REQ_1C166B12B24C,35,8200.0,v0.1
INS_A86942F2C66A,REQ_B71498FF9855,36,7900.0,v0.1
INS_A86942F2C66A,REQ_275A80C5EBFB,37,2700.0,v0.1
INS_A86942F2C66A,REQ_F852BC8CD52B,38,150.0,v0.1
INS_A86942F2C66A,REQ_33A0149B26CD,39,680.0,v0.1
INS_A86942F2C66A,REQ_7B8ED5E4E1BA,40,2000.0,v0.1
INS_BD19444D198B,REQ_9C94E0C2956E,0,10760.0,v0.1
INS_BD19444D198B,REQ_2937CF8DC362,1,11460.0,v0.1
INS_BD19444D198B,REQ_D0B12BF04914,2,2770.0,v0.1
INS_BD19444D198B,REQ_B76202A91685,3,17310.0,v0.1
INS_BD19444D198B,REQ_C2FA6D049525,4,18675.0,v0.1
INS_BD19444D198B,REQ_D7CAEBF8890A,5,11500.0,v0.1
INS_BD19444D198B,REQ_1601C6871161,6,30000.0,v0.1
INS_BD19444D198B,REQ_BF578E7CC909,7,30000.0,v0.1
INS_242C12094467,REQ_62471CDC1B44,0,13710.0,v0.1
INS_242C12094467,REQ_E9DA7E71A6EC,1,1100.0,v0.1
INS_242C12094467,REQ_ED7C472EB420,2,1950.0,v0.1
INS_242C12094467,REQ_0DBE7D5E84D5,3,1200.0,v0.1
INS_242C12094467,REQ_ACDC1372BE98,4,20090.0,v0.1
INS_242C12094467,REQ_09FDBBAC439A,5,610.0,v0.1
INS_242C12094467,REQ_308428F47585,6,1370.0,v0.1
INS_242C12094467,REQ_B58A3FA98648,7,740.0,v0.1
INS_242C12094467,REQ_423BD2C326C3,8,6110.0,v0.1
INS_242C12094467,REQ_35D925C0DEDF,9,9175.0,v0.1
INS_242C12094467,REQ_9A3F60AE3442,10,440.00000000000006,v0.1
INS_242C12094467,REQ_0960EE089F98,11,6350.0,v0.1
INS_0D328DFFF235,REQ_11C0A6BD3E3C,0,22210.0,v0.1
INS_0D328DFFF235,REQ_49479507A1F0,1,30000.0,v0.1
INS_0D328DFFF235,REQ_3BE86D6BF3B5,2,30000.0,v0.1
INS_0D328DFFF235,REQ_F1514BD3EBF8,3,30000.0,v0.1
INS_0D328DFFF235,REQ_097C96B1C5E8,4,4950.0,v0.1
INS_0D328DFFF235,REQ_01EE0BD9C247,5,9360.0,v0.1
INS_0D328DFFF235,REQ_BB7A44857246,6,800.0,v0.1
INS_0D328DFFF235,REQ_3D12E63FF5EC,7,2240.0,v0.1
INS_0D328DFFF235,REQ_C167B6869083,8,30275.0,v0.1
INS_0669DD26DD7D,REQ_BBF2A3F38F9B,0,410.0,v0.1
INS_0669DD26DD7D,REQ_9A8B3F974AA1,1,21770.0,v0.1
INS_0669DD26DD7D,REQ_C241B50D74CB,2,7380.0,v0.1
INS_0669DD26DD7D,REQ_5D2A5C5631EA,3,5270.0,v0.1
INS_0669DD26DD7D,REQ_3D27752AA263,4,30000.0,v0.1
INS_0669DD26DD7D,REQ_278A14F146EA,5,390.0,v0.1
INS_0669DD26DD7D,REQ_494809896FB1,6,30000.0,v0.1
INS_0669DD26DD7D,REQ_05DD965B3498,7,100.0,v0.1
INS_0669DD26DD7D,REQ_98C3C94FBF39,8,12580.0,v0.1
INS_0669DD26DD7D,REQ_97A034723106,9,30000.0,v0.1
INS_0669DD26DD7D,REQ_4A46C627B068,10,30000.0,v0.1
INS_0669DD26DD7D,REQ_A6E08097317D,11,30000.0,v0.1
INS_66B478F907BD,REQ_051CE8E3986E,0,30000.0,v0.1
INS_66B478F907BD,REQ_9F7846E4B91B,1,30000.0,v0.1
INS_66B478F907BD,REQ_BEFB5C6A6665,2,30000.0,v0.1
INS_66B478F907BD,REQ_D99D34F827AD,3,25470.0,v0.1
INS_66B478F907BD,REQ_275D14BE0499,4,23230.0,v0.1
INS_66B478F907BD,REQ_AE89430573AC,5,30000.0,v0.1
INS_66B478F907BD,REQ_741CC85809BC,6,24590.0,v0.1
INS_66B478F907BD,REQ_C494655EDC92,7,30000.0,v0.1
INS_66B478F907BD,REQ_EA2533BFBB3A,8,30000.0,v0.1
INS_66B478F907BD,REQ_928E071FFD41,9,30000.0,v0.1
INS_66B478F907BD,REQ_46078759A872,10,19350.0,v0.1
INS_66B478F907BD,REQ_BBEB36681D44,11,18100.0,v0.1
INS_66B478F907BD,REQ_2FD8A97D7106,12,30000.0,v0.1
INS_66B478F907BD,REQ_C01A4CADDF53,13,2000.0,v0.1
INS_66B478F907BD,REQ_B62D07E33687,14,750.0,v0.1
INS_66B478F907BD,REQ_6814C4EF42E8,15,9260.0,v0.1
INS_66B478F907BD,REQ_BDF37431AAF4,16,450.0,v0.1
INS_66B478F907BD,REQ_FC53C24203D2,17,2560.0,v0.1
INS_66B478F907BD,REQ_0BFB79A89C42,18,830.0,v0.1
INS_66B478F907BD,REQ_62E1E506E48D,19,30000.0,v0.1
INS_66B478F907BD,REQ_1DB96C622F88,20,4920.0,v0.1
INS_66B478F907BD,REQ_F3BC7FF2C0CD,21,2750.0,v0.1
INS_66B478F907BD,REQ_8AD2AA38B1DF,22,30000.0,v0.1
INS_66B478F907BD,REQ_6899FA62023F,23,30000.0,v0.1
INS_66B478F907BD,REQ_CE53AA45E834,24,30000.0,v0.1
INS_66B478F907BD,REQ_F13690C7B3B6,25,30000.0,v0.1
INS_66B478F907BD,REQ_C2CC533B70CF,26,300.0,v0.1
INS_66B478F907BD,REQ_A36074E2F158,27,20460.0,v0.1
INS_66B478F907BD,REQ_E3F32541CAB8,28,580.0,v0.1
INS_66B478F907BD,REQ_B5F25B74DACF,29,19190.0,v0.1
INS_66B478F907BD,REQ_DD24C8708CA4,30,10080.0,v0.1
INS_66B478F907BD,REQ_F15035B559D5,31,30000.0,v0.1
INS_66B478F907BD,REQ_2A6A8365D475,32,2790.0,v0.1
INS_66B478F907BD,REQ_3A7EC054CB45,33,23920.0,v0.1
INS_66B478F907BD,REQ_54ACD9E9E253,34,30000.0,v0.1
INS_66B478F907BD,REQ_A7FA9F0EAF7C,35,630.0,v0.1
INS_66B478F907BD,REQ_A16F53DA9BD2,36,30000.0,v0.1
INS_66B478F907BD,REQ_EEBE6D892209,37,30000.0,v0.1
INS_66B478F907BD,REQ_F62143B202A6,38,1920.0,v0.1
INS_66B478F907BD,REQ_AC7516980CDC,39,1120.0,v0.1
INS_66B478F907BD,REQ_C85A6B2E3893,40,30000.0,v0.1
INS_66B478F907BD,REQ_0F045971067F,41,26890.0,v0.1
INS_66B478F907BD,REQ_81EA05F86D02,42,2350.0,v0.1
INS_66B478F907BD,REQ_BC25618B89E3,43,30000.0,v0.1
INS_66B478F907BD,REQ_D461D6CE653A,44,30000.0,v0.1
INS_66B478F907BD,REQ_FDBE7FE2A030,45,16070.0,v0.1
INS_66B478F907BD,REQ_82FFB58CEE26,46,2020.0,v0.1
INS_66B478F907BD,REQ_3D2CB53F0D3B,47,660.0,v0.1
INS_66B478F907BD,REQ_805EA5FEED5F,48,2410.0,v0.1
INS_66B478F907BD,REQ_BC17053A0098,49,30000.0,v0.1
INS_66B478F907BD,REQ_2466BA865D57,50,509.99999999999994,v0.1
INS_66B478F907BD,REQ_4A6968A7B4B4,51,1030.0,v0.1
INS_66B478F907BD,REQ_7FA6B07D602B,52,1550.0,v0.1
INS_66B478F907BD,REQ_C5488F0D40BD,53,29070.0,v0.1
INS_66B478F907BD,REQ_3B41DAC2C42F,54,950.0,v0.1
INS_66B478F907BD,REQ_584E571F24D4,55,5590.0,v0.1
INS_B1E349671ED1,REQ_F26378D02269,0,30000.0,v0.1
INS_B1E349671ED1,REQ_3C110A7451AA,1,30000.0,v0.1
INS_B1E349671ED1,REQ_725ACAF24939,2,30000.0,v0.1
INS_B1E349671ED1,REQ_BAD5094FC616,3,30000.0,v0.1
INS_B1E349671ED1,REQ_C6B6CEDEAAEE,4,30000.0,v0.1
INS_B1E349671ED1,REQ_A7B945D73A87,5,30000.0,v0.1
INS_B1E349671ED1,REQ_46E51E8D1FD6,6,30000.0,v0.1
INS_B1E349671ED1,REQ_83460775ABB9,7,30000.0,v0.1
INS_C7D67F784C43,REQ_D6E759275A57,0,510.0,v0.1
INS_C7D67F784C43,REQ_C939A1158F08,1,3710.0,v0.1
INS_C7D67F784C43,REQ_8C5A7B697C28,2,30000.0,v0.1
INS_C7D67F784C43,REQ_166E0CF5130F,3,4510.0,v0.1
INS_C7D67F784C43,REQ_9AAFDDA3A34E,4,22490.0,v0.1
INS_C7D67F784C43,REQ_184EA327ED07,5,3840.0,v0.1
INS_C7D67F784C43,REQ_A7D52D5D40B5,6,1050.0,v0.1
INS_C7D67F784C43,REQ_6934CD811E73,7,30000.0,v0.1
INS_C7D67F784C43,REQ_982FD1E199B4,8,10620.0,v0.1
INS_C7D67F784C43,REQ_5A26611C288D,9,780.0,v0.1
INS_C7D67F784C43,REQ_68726E8DE18D,10,29370.0,v0.1
INS_C7D67F784C43,REQ_312B60881B16,11,2150.0,v0.1
INS_C7D67F784C43,REQ_CD3F67A69701,12,6560.0,v0.1
INS_C7D67F784C43,REQ_EEC57104CF09,13,409.99999999999994,v0.1
INS_C7D67F784C43,REQ_E4A5079E9917,14,640.0,v0.1
INS_C7D67F784C43,REQ_6F8C8FE918DB,15,2030.0,v0.1
INS_C7D67F784C43,REQ_9ECB45A99EDF,16,30000.0,v0.1
INS_C7D67F784C43,REQ_A5BFFDEA0236,17,14010.0,v0.1
INS_C7D67F784C43,REQ_AC865A8B2DAF,18,3690.0,v0.1
INS_C7D67F784C43,REQ_B5DF55636BE5,19,11380.0,v0.1
INS_C7D67F784C43,REQ_330ACE1EE88D,20,30000.0,v0.1
INS_C7D67F784C43,REQ_5D88AAD1F833,21,5680.0,v0.1
INS_C7D67F784C43,REQ_13AA883B4045,22,370.0,v0.1
INS_C7D67F784C43,REQ_8079B275E44C,23,480.0,v0.1
INS_C7D67F784C43,REQ_96BE0A5EE29D,24,13120.0,v0.1
INS_C7D67F784C43,REQ_48C5942ECA06,25,400.0,v0.1
INS_B3A17B7CF454,REQ_958B9FEEABC2,0,1880.0,v0.1
INS_B3A17B7CF454,REQ_2C9E9DAECE67,1,17660.0,v0.1
INS_B3A17B7CF454,REQ_1705D1A5AC49,2,11050.0,v0.1
INS_B3A17B7CF454,REQ_32342A3BA875,3,180.0,v0.1
INS_B3A17B7CF454,REQ_9AC09D9C02CC,4,1280.0,v0.1
INS_B3A17B7CF454,REQ_465F8A1E6A68,5,12860.0,v0.1
INS_B3A17B7CF454,REQ_CD4A2A3AC913,6,1000.0,v0.1
INS_B3A17B7CF454,REQ_2D467B736A22,7,30000.0,v0.1
INS_B3A17B7CF454,REQ_3DE0D65BD1C1,8,30000.0,v0.1
INS_B3A17B7CF454,REQ_0F18C4A9F759,9,30000.0,v0.1
INS_B3A17B7CF454,REQ_F3D14DDCE0CB,10,4150.0,v0.1
INS_DD6B62A932B7,REQ_F697D58032D0,0,590.0,v0.1
INS_DD6B62A932B7,REQ_CB18AC6582DA,1,30000.0,v0.1
INS_DD6B62A932B7,REQ_45729E572A21,2,30000.0,v0.1
INS_DD6B62A932B7,REQ_7EC695527D40,3,14720.0,v0.1
INS_DD6B62A932B7,REQ_4A87B29F8C57,4,620.0,v0.1
INS_DD6B62A932B7,REQ_A3570400DDC6,5,11270.0,v0.1
INS_DD6B62A932B7,REQ_32502C5D3E7A,6,30000.0,v0.1
INS_DD6B62A932B7,REQ_2E1F151F03DF,7,4810.0,v0.1
INS_DD6B62A932B7,REQ_16A632F4AF52,8,700.0,v0.1
INS_DD6B62A932B7,REQ_82FA89EAA5AE,9,310.0,v0.1
INS_DD6B62A932B7,REQ_2485C392F3E7,10,2010.0000000000002,v0.1
INS_DD6B62A932B7,REQ_CDD0E5EA13C3,11,600.0,v0.1
INS_DD6B62A932B7,REQ_471900A51675,12,2890.0,v0.1
INS_DD6B62A932B7,REQ_A136EDE75881,13,310.0,v0.1
INS_DD6B62A932B7,REQ_5DAA228F14B9,14,1190.0,v0.1
INS_DD6B62A932B7,REQ_818FD0CBA59F,15,9340.0,v0.1
INS_DD6B62A932B7,REQ_7C8E20EA3B61,16,30000.0,v0.1
INS_DD6B62A932B7,REQ_72CC1E93FADF,17,11690.0,v0.1
INS_DD6B62A932B7,REQ_04F511B1F2AE,18,1060.0,v0.1
INS_DD6B62A932B7,REQ_AC00736AEB2E,19,990.0,v0.1
INS_DD6B62A932B7,REQ_FB8E8B9E2F47,20,280.0,v0.1
INS_DD6B62A932B7,REQ_68481FAA3D8C,21,1300.0,v0.1
INS_DD6B62A932B7,REQ_E43E6A377B78,22,630.0,v0.1
INS_53B2979BC010,REQ_FA6B2DBF5AFB,0,180.0,v0.1
INS_53B2979BC010,REQ_6E906C5398D2,1,1160.0,v0.1
INS_53B2979BC010,REQ_586CFEA17228,2,30000.0,v0.1
INS_53B2979BC010,REQ_C14ECDAFF625,3,30000.0,v0.1
INS_53B2979BC010,REQ_E6BCF27A3CB5,4,11130.0,v0.1
INS_53B2979BC010,REQ_1F4267DD095E,5,24350.0,v0.1
INS_53B2979BC010,REQ_17F8A27FFFBB,6,17700.0,v0.1
INS_53B2979BC010,REQ_798F5049BD59,7,360.0,v0.1
INS_53B2979BC010,REQ_C8F0145054CE,8,210.0,v0.1
INS_53B2979BC010,REQ_AD32DF424141,9,12010.0,v0.1
INS_53B2979BC010,REQ_D05C792E9162,10,21780.0,v0.1
INS_53B2979BC010,REQ_31C504166B5F,11,7170.0,v0.1
INS_53B2979BC010,REQ_B6F2C992643E,12,30000.0,v0.1
INS_53B2979BC010,REQ_9720091D1AC6,13,30000.0,v0.1
INS_53B2979BC010,REQ_CE2B495917DD,14,200.0,v0.1
INS_53B2979BC010,REQ_3690D7D128AA,15,30000.0,v0.1
INS_53B2979BC010,REQ_8660DC189AD6,16,710.0,v0.1
INS_53B2979BC010,REQ_AAF9E4D718C2,17,1650.0,v0.1
INS_53B2979BC010,REQ_F6FFB8A24ADA,18,30000.0,v0.1
INS_53B2979BC010,REQ_F1BD02BCFF2E,19,450.0,v0.1
INS_53B2979BC010,REQ_ABEFFFC728BE,20,980.0,v0.1
INS_53B2979BC010,REQ_068EEF634B46,21,22975.0,v0.1
INS_53B2979BC010,REQ_BB97021B8045,22,500.0,v0.1
INS_53B2979BC010,REQ_06AB3427B157,23,660.0,v0.1
INS_53B2979BC010,REQ_C4380D45B096,24,2170.0,v0.1
INS_53B2979BC010,REQ_9650D01382D0,25,30000.0,v0.1
INS_53B2979BC010,REQ_C08CF7889EDC,26,2400.0,v0.1
INS_53B2979BC010,REQ_CA5A6C68D153,27,30000.0,v0.1
INS_53B2979BC010,REQ_FFECC530DAA3,28,30000.0,v0.1
INS_53B2979BC010,REQ_E62ECCC14446,29,13490.0,v0.1
INS_0B9C27B6C241,REQ_A2612A396582,0,30000.0,v0.1
INS_0B9C27B6C241,REQ_DCFDA13FC3C0,1,1010.0,v0.1
INS_0B9C27B6C241,REQ_836AF9CECBBF,2,1370.0,v0.1
INS_0B9C27B6C241,REQ_8AD0C8B7FCB7,3,1570.0,v0.1
INS_0B9C27B6C241,REQ_FF73D1CC8AC1,4,980.0000000000001,v0.1
INS_0B9C27B6C241,REQ_B553E220A196,5,1850.0,v0.1
INS_0B9C27B6C241,REQ_70A59454C007,6,9680.0,v0.1
INS_0B9C27B6C241,REQ_F974A0BB7B99,7,730.0,v0.1
INS_0B9C27B6C241,REQ_8FDA4FF94875,8,7840.0,v0.1
INS_0B9C27B6C241,REQ_073BE1DB0E38,9,800.0,v0.1
INS_0B9C27B6C241,REQ_B8ED255C13CA,10,9070.0,v0.1
INS_0B9C27B6C241,REQ_46B698905E6B,11,690.0,v0.1
INS_0B9C27B6C241,REQ_81BD81EBF91C,12,730.0,v0.1
INS_0B9C27B6C241,REQ_0CEDE61F6F41,13,750.0,v0.1
INS_0B9C27B6C241,REQ_72F8297544B7,14,6420.0,v0.1
INS_0B9C27B6C241,REQ_92EA5E9156DD,15,2680.0,v0.1
INS_0B9C27B6C241,REQ_C2579E616674,16,3340.0,v0.1
INS_0B9C27B6C241,REQ_73C67220D9A0,17,670.0,v0.1
INS_0B9C27B6C241,REQ_EE5B59190A89,18,3960.0,v0.1
INS_0B9C27B6C241,REQ_E21E0BE9B776,19,1900.0,v0.1
INS_0B9C27B6C241,REQ_9496A82CA8F8,20,16470.0,v0.1
INS_0B9C27B6C241,REQ_2C4E1C06F254,21,11220.0,v0.1
INS_0B9C27B6C241,REQ_697F48C3FC6C,22,17720.0,v0.1
INS_0B9C27B6C241,REQ_F1F27D601A62,23,21010.0,v0.1
INS_0B9C27B6C241,REQ_5F67163EC55C,24,290.0,v0.1
INS_0B9C27B6C241,REQ_FB1E8547B11D,25,15750.0,v0.1
INS_0B9C27B6C241,REQ_2B4A23D2E769,26,2870.0,v0.1
INS_0B9C27B6C241,REQ_F43C68CD870B,27,1300.0,v0.1
INS_0B9C27B6C241,REQ_BB84D3A2EC78,28,490.00000000000006,v0.1
INS_419C05A51DAB,REQ_1EE9BF66006D,0,23430.0,v0.1
INS_419C05A51DAB,REQ_1415F154523D,1,10830.0,v0.1
INS_419C05A51DAB,REQ_3AF8D5287CF5,2,4880.0,v0.1
INS_419C05A51DAB,REQ_C1736CC2ED3D,3,5470.0,v0.1
INS_419C05A51DAB,REQ_E5F63E0A0B9D,4,1840.0,v0.1
INS_419C05A51DAB,REQ_905C89D640CA,5,750.0,v0.1
INS_419C05A51DAB,REQ_B83872CB8E9E,6,3200.0,v0.1
INS_419C05A51DAB,REQ_9A385D448D80,7,30000.0,v0.1
INS_419C05A51DAB,REQ_86A7FFC1860D,8,7500.0,v0.1
INS_419C05A51DAB,REQ_417C6D72317E,9,660.0,v0.1
INS_8D4DACD1EA7D,REQ_67F435F68590,0,260.0,v0.1
INS_8D4DACD1EA7D,REQ_565C93A44B03,1,17690.0,v0.1
INS_8D4DACD1EA7D,REQ_93BB00822AAF,2,30000.0,v0.1
INS_8D4DACD1EA7D,REQ_C59FC11F546C,3,9370.0,v0.1
INS_8D4DACD1EA7D,REQ_0E813C059CD6,4,9200.0,v0.1
INS_8D4DACD1EA7D,REQ_DD05DA19D01E,5,459.99999999999994,v0.1
INS_8D4DACD1EA7D,REQ_4DCF00C76346,6,27720.0,v0.1
INS_8D4DACD1EA7D,REQ_0B685ACD543E,7,2880.0,v0.1
INS_8D4DACD1EA7D,REQ_56D903667652,8,2550.0,v0.1
INS_8D4DACD1EA7D,REQ_F7C06B87AF8B,9,17990.0,v0.1
INS_8D4DACD1EA7D,REQ_ADE74837EFE4,10,4400.0,v0.1
INS_8D4DACD1EA7D,REQ_5CD01982DEA4,11,9040.0,v0.1
INS_8D4DACD1EA7D,REQ_A2757CE5EA02,12,10190.0,v0.1
INS_8D4DACD1EA7D,REQ_39325D21097F,13,3120.0,v0.1
INS_8D4DACD1EA7D,REQ_FE709887CAB8,14,1950.0,v0.1
INS_8D4DACD1EA7D,REQ_23DADAA7633E,15,2800.0,v0.1
INS_8D4DACD1EA7D,REQ_E0DB310C29AD,16,3160.0,v0.1
INS_8D4DACD1EA7D,REQ_D82474871568,17,30000.0,v0.1
INS_8D4DACD1EA7D,REQ_C524132ED151,18,2650.0,v0.1
INS_8D4DACD1EA7D,REQ_D5D37AA83C20,19,870.0,v0.1
INS_8D4DACD1EA7D,REQ_23CA32F29062,20,740.0,v0.1
INS_8D4DACD1EA7D,REQ_E5DD80F9DE44,21,770.0,v0.1
INS_8D4DACD1EA7D,REQ_2EFE7314CD46,22,200.0,v0.1
INS_8D4DACD1EA7D,REQ_586F33603D32,23,400.0,v0.1
INS_8D4DACD1EA7D,REQ_749865DF7B13,24,8850.0,v0.1
INS_8D4DACD1EA7D,REQ_5F5E89604EEB,25,22950.0,v0.1
INS_8D4DACD1EA7D,REQ_EF220E8E340E,26,750.0,v0.1
INS_8D4DACD1EA7D,REQ_264C5BC5B764,27,180.0,v0.1
INS_8D4DACD1EA7D,REQ_7E2191A18744,28,8700.0,v0.1
INS_8D4DACD1EA7D,REQ_E59100442001,29,6120.0,v0.1
INS_8D4DACD1EA7D,REQ_BA569A76AD63,30,6470.0,v0.1
INS_8D4DACD1EA7D,REQ_CF7437E1FE38,31,1380.0,v0.1
INS_8D4DACD1EA7D,REQ_A70549F105F7,32,7900.0,v0.1
INS_8D4DACD1EA7D,REQ_E9BF0A199325,33,30000.0,v0.1
INS_8D4DACD1EA7D,REQ_DAA347725DE7,34,2890.0,v0.1
INS_8D4DACD1EA7D,REQ_B4187B2BA8E1,35,1000.0,v0.1
INS_8D4DACD1EA7D,REQ_478A047D3376,36,810.0,v0.1
INS_8D4DACD1EA7D,REQ_BB3C66514DD8,37,120.0,v0.1
INS_8D4DACD1EA7D,REQ_576D0E2BC380,38,2990.0,v0.1
INS_8D4DACD1EA7D,REQ_89ED550CCC56,39,5830.0,v0.1
INS_8D4DACD1EA7D,REQ_81679977FE4F,40,30000.0,v0.1
INS_8D4DACD1EA7D,REQ_A9C70AC440B6,41,380.0,v0.1
INS_8D4DACD1EA7D,REQ_E61A88C7BE32,42,5510.0,v0.1
INS_8D4DACD1EA7D,REQ_3B68858BD266,43,870.0,v0.1
INS_8D4DACD1EA7D,REQ_60F6D474800A,44,31450.0,v0.1
INS_8D4DACD1EA7D,REQ_060DED9167D1,45,130.0,v0.1
INS_8D4DACD1EA7D,REQ_DB12DF250062,46,10470.0,v0.1
INS_8D4DACD1EA7D,REQ_F2C541357394,47,1400.0,v0.1
INS_8D4DACD1EA7D,REQ_3E328BC78D65,48,20680.0,v0.1
INS_40C262B04AEE,REQ_C8A1062CDCB9,0,30000.0,v0.1
INS_40C262B04AEE,REQ_F26A26FC341A,1,19890.0,v0.1
INS_40C262B04AEE,REQ_366C833A8E00,2,23530.0,v0.1
INS_40C262B04AEE,REQ_8E835308C60C,3,17800.0,v0.1
INS_40C262B04AEE,REQ_9AF288DB60EC,4,5660.0,v0.1
INS_40C262B04AEE,REQ_EAB9EFC22A0B,5,2800.0,v0.1
INS_40C262B04AEE,REQ_BAF3F6FF15BE,6,11940.0,v0.1
INS_40C262B04AEE,REQ_BDFA37C955F9,7,11125.0,v0.1
INS_40C262B04AEE,REQ_6FDCC489A7FD,8,30000.0,v0.1
INS_40C262B04AEE,REQ_3F1FE8A0841C,9,30000.0,v0.1
INS_40C262B04AEE,REQ_0B19208C00FD,10,30000.0,v0.1
INS_55A328596D02,REQ_A839ECFE52F2,0,6540.0,v0.1
INS_55A328596D02,REQ_572EFAD818FF,1,30000.0,v0.1
INS_55A328596D02,REQ_8B8E11007203,2,30000.0,v0.1
INS_55A328596D02,REQ_8B85E1A3D372,3,500.0,v0.1
INS_55A328596D02,REQ_310154671481,4,1350.0,v0.1
INS_55A328596D02,REQ_8B3DC4435D15,5,24950.0,v0.1
INS_55A328596D02,REQ_8B8432E315BF,6,20750.0,v0.1
INS_55A328596D02,REQ_E6535F5F9AC9,7,750.0,v0.1
INS_55A328596D02,REQ_522F90AD1B81,8,510.0,v0.1
INS_55A328596D02,REQ_32231C911D2A,9,8020.0,v0.1
INS_55A328596D02,REQ_542B391BFC4D,10,30000.0,v0.1
INS_55A328596D02,REQ_E913C9099751,11,7700.0,v0.1
INS_55A328596D02,REQ_8B01CFDE8C9C,12,10620.0,v0.1
INS_55A328596D02,REQ_B305A69875A5,13,850.0,v0.1
INS_55A328596D02,REQ_79B8AFB25DAF,14,650.0,v0.1
INS_55A328596D02,REQ_1A50FACC1630,15,590.0,v0.1
INS_55A328596D02,REQ_B836EA60DACD,16,360.0,v0.1
INS_55A328596D02,REQ_D7D376887EDB,17,7480.0,v0.1
INS_55A328596D02,REQ_72BE011BE751,18,30000.0,v0.1
INS_55A328596D02,REQ_485F66C3511F,19,30000.0,v0.1
INS_55A328596D02,REQ_3ABED05CC3AF,20,1880.0,v0.1
INS_55A328596D02,REQ_8D97AB6C68CA,21,420.0,v0.1
INS_55A328596D02,REQ_3106D9898765,22,630.0,v0.1
INS_55A328596D02,REQ_B2213ACD8563,23,30000.0,v0.1
INS_55A328596D02,REQ_7E5A2B0F1169,24,2000.0,v0.1
INS_1C2796956D2B,REQ_028593DCF953,0,30000.0,v0.1
INS_1C2796956D2B,REQ_9AC9366C96AA,1,3350.0,v0.1
INS_1C2796956D2B,REQ_599DAE8C5E05,2,3440.0,v0.1
INS_1C2796956D2B,REQ_05052F2F6DD9,3,4860.0,v0.1
INS_1C2796956D2B,REQ_08267190904C,4,930.0,v0.1
INS_1C2796956D2B,REQ_26F9CC0CDB09,5,23040.0,v0.1
INS_1C2796956D2B,REQ_C7D8ABAADD5B,6,30000.0,v0.1
INS_1C2796956D2B,REQ_39486A7BF12B,7,1600.0,v0.1
INS_1C2796956D2B,REQ_4709E68EB427,8,30000.0,v0.1
INS_CAE09234FF44,REQ_4DF7D15E357A,0,4220.0,v0.1
INS_CAE09234FF44,REQ_57C3BA5E78F5,1,1580.0,v0.1
INS_CAE09234FF44,REQ_4C69523414E0,2,360.0,v0.1
INS_CAE09234FF44,REQ_ED5E9F5D5D93,3,450.0,v0.1
INS_CAE09234FF44,REQ_C2E90C99A60B,4,880.0,v0.1
INS_CAE09234FF44,REQ_37B53876CE79,5,1350.0,v0.1
INS_CAE09234FF44,REQ_74E337C89752,6,480.0,v0.1
INS_CAE09234FF44,REQ_72CF52DCDD57,7,30000.0,v0.1
INS_F7763B4A9D30,REQ_D648703B8051,0,430.0,v0.1
INS_F7763B4A9D30,REQ_D99FB0E86E4A,1,220.00000000000003,v0.1
INS_F7763B4A9D30,REQ_413974CD0724,2,1160.0,v0.1
INS_F7763B4A9D30,REQ_D63E3C6F1933,3,880.0000000000001,v0.1
INS_F7763B4A9D30,REQ_CFDDAC7EEA13,4,600.0,v0.1
INS_F7763B4A9D30,REQ_33E9BF23B6C4,5,6960.0,v0.1
INS_F7763B4A9D30,REQ_6ADC3B215C5E,6,19880.0,v0.1
INS_F7763B4A9D30,REQ_AB80688FD304,7,3270.0000000000005,v0.1
INS_F7763B4A9D30,REQ_72C77270D116,8,17830.0,v0.1
INS_F7763B4A9D30,REQ_499DA0F46983,9,1310.0,v0.1
INS_F7763B4A9D30,REQ_3C38E58D3091,10,140.0,v0.1
INS_F7763B4A9D30,REQ_627FE1F80D77,11,13910.0,v0.1
INS_F7763B4A9D30,REQ_F96338D80966,12,400.0,v0.1
INS_F7763B4A9D30,REQ_2C8419A3164C,13,110.00000000000001,v0.1
INS_F7763B4A9D30,REQ_CBECC138C672,14,470.0,v0.1
INS_F7763B4A9D30,REQ_D8DB3360C7DD,15,2290.0,v0.1
INS_F7763B4A9D30,REQ_2156E18E882A,16,3170.0,v0.1
INS_F7763B4A9D30,REQ_E2EA891B00D9,17,1130.0,v0.1
INS_F7763B4A9D30,REQ_1835BC14A0F6,18,770.0,v0.1
INS_F7763B4A9D30,REQ_839761F5AA32,19,1500.0,v0.1
INS_2EC671024B60,REQ_ED5E9F5D5D93,0,450.0,v0.1
INS_2EC671024B60,REQ_F8C9B0E45890,1,22900.0,v0.1
INS_2EC671024B60,REQ_6797469E2000,2,300.0,v0.1
INS_2EC671024B60,REQ_5FE1A6FBD00E,3,680.0,v0.1
INS_2EC671024B60,REQ_F7E8EF6C6B2E,4,450.0,v0.1
INS_2EC671024B60,REQ_E0B00DF90CD5,5,1050.0,v0.1
INS_2EC671024B60,REQ_9DBC9B9E6432,6,680.0,v0.1
INS_2EC671024B60,REQ_9A7158469A13,7,24220.0,v0.1
INS_2EC671024B60,REQ_67EFD11011CA,8,710.0,v0.1
INS_2EC671024B60,REQ_833D1232F3AF,9,2280.0,v0.1
INS_25B86FFFF502,REQ_9013A637B0E9,0,9230.0,v0.1
INS_25B86FFFF502,REQ_1B0289B8EB55,1,250.0,v0.1
INS_25B86FFFF502,REQ_8D14411C5B7E,2,8790.0,v0.1
INS_25B86FFFF502,REQ_57B9ED5513B5,3,1950.0,v0.1
INS_25B86FFFF502,REQ_4609F2C2FC79,4,2700.0,v0.1
INS_25B86FFFF502,REQ_099DB79ED38E,5,2170.0,v0.1
INS_25B86FFFF502,REQ_30C40B196FF5,6,2740.0,v0.1
INS_25B86FFFF502,REQ_E491ADD43D61,7,10940.0,v0.1
INS_25B86FFFF502,REQ_EC36C40138C5,8,12000.0,v0.1
INS_25B86FFFF502,REQ_A9CBF04A83E0,9,240.0,v0.1
INS_25B86FFFF502,REQ_BA2FF20587A2,10,1300.0,v0.1
INS_25B86FFFF502,REQ_72F92FBE4F7B,11,950.0,v0.1
INS_25B86FFFF502,REQ_66BACBAC92C7,12,9680.0,v0.1
INS_25B86FFFF502,REQ_05EAA5C1ECC0,13,550.0,v0.1
INS_25B86FFFF502,REQ_4A5F476A77DC,14,3270.0,v0.1
INS_25B86FFFF502,REQ_5894D64C974A,15,520.0,v0.1
INS_25B86FFFF502,REQ_339C443B1D3B,16,30000.0,v0.1
INS_25B86FFFF502,REQ_F86D54A316A0,17,900.0,v0.1
INS_25B86FFFF502,REQ_3E7838F80EDF,18,15200.0,v0.1
INS_25B86FFFF502,REQ_91DFC6486E80,19,2650.0,v0.1
INS_25B86FFFF502,REQ_8917CBAC7390,20,150.0,v0.1
INS_25B86FFFF502,REQ_385370DC8F8A,21,30000.0,v0.1
INS_25B86FFFF502,REQ_73149BDE2AED,22,15910.0,v0.1
INS_25B86FFFF502,REQ_14F9AC136141,23,9930.0,v0.1
INS_25B86FFFF502,REQ_53E6EE805FDF,24,1750.0,v0.1
INS_25B86FFFF502,REQ_8799A7D0F109,25,1689.9999999999998,v0.1
INS_25B86FFFF502,REQ_6FFC68CA95B2,26,7730.0,v0.1
INS_25B86FFFF502,REQ_00817616E7DA,27,340.0,v0.1
INS_25B86FFFF502,REQ_D0FB69AF789B,28,1100.0,v0.1
INS_25B86FFFF502,REQ_A1FF92EC1E47,29,3990.0,v0.1
INS_25B86FFFF502,REQ_5508B974400D,30,4450.0,v0.1
INS_25B86FFFF502,REQ_C2EB3BE80C53,31,940.0,v0.1
INS_25B86FFFF502,REQ_E83731D13E5F,32,22330.0,v0.1
INS_25B86FFFF502,REQ_ED333A95F29A,33,160.0,v0.1
INS_25B86FFFF502,REQ_5B8045121F62,34,600.0,v0.1
INS_25B86FFFF502,REQ_696A5E97D2DF,35,18310.0,v0.1
INS_25B86FFFF502,REQ_981CF96177D0,36,13850.0,v0.1
INS_25B86FFFF502,REQ_A4E7C9F4D6E7,37,11620.0,v0.1
INS_25B86FFFF502,REQ_EAF245ABE3EB,38,8820.0,v0.1
INS_25B86FFFF502,REQ_ACED13BEEFE0,39,1750.0,v0.1
INS_25B86FFFF502,REQ_B89A851BAF38,40,370.0,v0.1
INS_25B86FFFF502,REQ_DC3703545022,41,2200.0,v0.1
INS_25B86FFFF502,REQ_34F079F2E10F,42,2160.0,v0.1
INS_25B86FFFF502,REQ_483DDB3E3C76,43,1320.0,v0.1
INS_25B86FFFF502,REQ_851314175D90,44,4750.0,v0.1
INS_25B86FFFF502,REQ_1F56804B86A9,45,4550.0,v0.1
INS_25B86FFFF502,REQ_A0207D7AB877,46,3700.0,v0.1
INS_25B86FFFF502,REQ_4F3235F7196A,47,3550.0,v0.1
INS_25B86FFFF502,REQ_B96408DAB9E1,48,2450.0,v0.1
INS_25B86FFFF502,REQ_E4F17E165827,49,2960.0,v0.1
INS_25B86FFFF502,REQ_0C0D3F0CB3B6,50,2029.9999999999998,v0.1
INS_25B86FFFF502,REQ_6C306FB6FE72,51,350.0,v0.1
INS_25B86FFFF502,REQ_9ECF0AD867E7,52,600.0,v0.1
INS_25B86FFFF502,REQ_CF594C8C98A6,53,2200.0,v0.1
INS_25B86FFFF502,REQ_50CF6CAF2A48,54,10250.0,v0.1
INS_25B86FFFF502,REQ_E9976B938B67,55,30000.0,v0.1
INS_25B86FFFF502,REQ_84F106FCB017,56,4830.0,v0.1
INS_25B86FFFF502,REQ_1C69077653F0,57,30000.0,v0.1
INS_7A28153817CC,REQ_56619A0C6008,0,30000.0,v0.1
INS_7A28153817CC,REQ_0875FF28DEA8,1,250.0,v0.1
INS_7A28153817CC,REQ_EA4C7592BC5B,2,12240.0,v0.1
INS_7A28153817CC,REQ_B07B6770A8AF,3,90.0,v0.1
INS_7A28153817CC,REQ_C241B50D74CB,4,7380.0,v0.1
INS_7A28153817CC,REQ_9A8B3F974AA1,5,21770.0,v0.1
INS_7A28153817CC,REQ_945A4A3DB574,6,13210.0,v0.1
INS_7A28153817CC,REQ_646C40127093,7,4520.0,v0.1
INS_7A28153817CC,REQ_7EE87CB7929B,8,3330.0,v0.1
INS_7A28153817CC,REQ_9E7C91C0AEF0,9,80.0,v0.1
INS_7A28153817CC,REQ_6AB9739A608E,10,30000.0,v0.1
INS_7A28153817CC,REQ_3D27752AA263,11,30000.0,v0.1
INS_7A28153817CC,REQ_05DD965B3498,12,100.0,v0.1
INS_7A28153817CC,REQ_1785103119BA,13,5170.0,v0.1
INS_7A28153817CC,REQ_4A46C627B068,14,30000.0,v0.1
INS_7A28153817CC,REQ_A37294C566DB,15,23020.0,v0.1
INS_7A28153817CC,REQ_A7A8415D7938,16,30000.0,v0.1
INS_7A28153817CC,REQ_7973ADD2994E,17,320.0,v0.1
INS_7A28153817CC,REQ_D8BE48ED7FDE,18,3080.0,v0.1
INS_7A28153817CC,REQ_57A441F5A092,19,30000.0,v0.1
INS_7A28153817CC,REQ_E4EF27D11EA0,20,24180.0,v0.1
INS_7A28153817CC,REQ_3999AC9B7542,21,270.0,v0.1
INS_7A28153817CC,REQ_29955146490B,22,240.0,v0.1
INS_7A28153817CC,REQ_5D2A5C5631EA,23,5270.0,v0.1
INS_7A28153817CC,REQ_332D30EF20E9,24,30000.0,v0.1
INS_7A28153817CC,REQ_CE3455DB88C0,25,9260.0,v0.1
INS_7A28153817CC,REQ_D247F8408562,26,7950.0,v0.1
INS_A9086DAEA9BE,REQ_D1462A3EC1F1,0,1730.0,v0.1
INS_A9086DAEA9BE,REQ_F90B9CE04EEA,1,30000.0,v0.1
INS_A9086DAEA9BE,REQ_1A3EA18DFBB1,2,950.0,v0.1
INS_A9086DAEA9BE,REQ_B82B314113BA,3,2620.0,v0.1
INS_A9086DAEA9BE,REQ_172FBE52E970,4,16460.0,v0.1
INS_A9086DAEA9BE,REQ_A276DEC5CFA0,5,300.0,v0.1
INS_A9086DAEA9BE,REQ_BA617193CDA3,6,2530.0,v0.1
INS_A9086DAEA9BE,REQ_6D5DC669AC8B,7,2310.0,v0.1
INS_A9086DAEA9BE,REQ_D455AFFBD733,8,3200.0,v0.1
INS_A9086DAEA9BE,REQ_8CF3249EBF50,9,1140.0,v0.1
INS_A9086DAEA9BE,REQ_3C16E9840B38,10,10640.0,v0.1
INS_A9086DAEA9BE,REQ_0B9B9FB0AB3D,11,6710.0,v0.1
INS_A9086DAEA9BE,REQ_00DC44ACF4EE,12,4360.0,v0.1
INS_A9086DAEA9BE,REQ_6193D66A4AAD,13,640.0,v0.1
INS_A9086DAEA9BE,REQ_AB557BB78B89,14,4720.0,v0.1
INS_A9086DAEA9BE,REQ_2BA75525B4E3,15,770.0,v0.1
INS_A9086DAEA9BE,REQ_987618EC34D4,16,2020.0,v0.1
INS_A9086DAEA9BE,REQ_619926E8BBD7,17,370.0,v0.1
INS_A9086DAEA9BE,REQ_8F64C521B9D0,18,3650.0,v0.1
INS_A9086DAEA9BE,REQ_3F70A81BC668,19,3220.0000000000005,v0.1
INS_A9086DAEA9BE,REQ_CEFF5D192F7D,20,980.0000000000001,v0.1
INS_A9086DAEA9BE,REQ_2834FC720DA8,21,1830.0,v0.1
INS_A9086DAEA9BE,REQ_BE5DE3379D6C,22,250.0,v0.1
INS_A9086DAEA9BE,REQ_E3E72E28BD4C,23,8350.0,v0.1
INS_A9086DAEA9BE,REQ_7BA3A07EFE63,24,170.0,v0.1
INS_A9086DAEA9BE,REQ_F1BC7D3E16B6,25,720.0,v0.1
INS_A9086DAEA9BE,REQ_F98297B98CC0,26,1700.0,v0.1
INS_A9086DAEA9BE,REQ_0314AEEE4D49,27,420.0,v0.1
INS_A9086DAEA9BE,REQ_C58366D683ED,28,1920.0,v0.1
INS_A9086DAEA9BE,REQ_F098201C9274,29,6500.0,v0.1
INS_ABA7F189344E,REQ_C6BA8B2043D6,0,30000.0,v0.1
INS_ABA7F189344E,REQ_77FDE5D56124,1,350.0,v0.1
INS_ABA7F189344E,REQ_50733329A206,2,80.0,v0.1
INS_ABA7F189344E,REQ_A7AB0C692020,3,2910.0,v0.1
INS_ABA7F189344E,REQ_45DC0CF39F13,4,30000.0,v0.1
INS_ABA7F189344E,REQ_3146CF2CD56C,5,280.0,v0.1
INS_ABA7F189344E,REQ_747D8E3BD601,6,4640.0,v0.1
INS_ABA7F189344E,REQ_EC356BCDC10F,7,30000.0,v0.1
INS_ABA7F189344E,REQ_3C1A4C792A00,8,1540.0,v0.1
INS_ABA7F189344E,REQ_4F3B0BA59572,9,6820.0,v0.1
INS_ABA7F189344E,REQ_1AA7C148AE17,10,2380.0,v0.1
INS_ABA7F189344E,REQ_BEDDB37EE34E,11,14620.0,v0.1
INS_ABA7F189344E,REQ_A959EBE0FC7E,12,13790.0,v0.1
INS_ABA7F189344E,REQ_3555EBC2F42F,13,5070.0,v0.1
INS_ABA7F189344E,REQ_462CFDA03F85,14,1150.0,v0.1
INS_ABA7F189344E,REQ_2A1B66B95CA1,15,4250.0,v0.1
INS_ABA7F189344E,REQ_98FC432CE9E7,16,13590.0,v0.1
INS_ABA7F189344E,REQ_B6B31FD01C0A,17,300.0,v0.1
INS_ABA7F189344E,REQ_7DD90E43DCE7,18,280.0,v0.1
INS_ABA7F189344E,REQ_807467DFD98B,19,2660.0,v0.1
INS_ABA7F189344E,REQ_BA81F829AD36,20,900.0,v0.1
INS_ABA7F189344E,REQ_10160AA91962,21,4480.0,v0.1
INS_ABA7F189344E,REQ_136B83A4CFC0,22,30000.0,v0.1
INS_ABA7F189344E,REQ_D7D2232C7279,23,230.0,v0.1
INS_ABA7F189344E,REQ_49CC59A3A1DA,24,13320.0,v0.1
INS_ABA7F189344E,REQ_A3A65D69483E,25,7240.0,v0.1
INS_ABA7F189344E,REQ_5C115D03C5C4,26,30000.0,v0.1
INS_ABA7F189344E,REQ_EAD89865455F,27,470.0,v0.1
INS_ABA7F189344E,REQ_8C5787A501F4,28,1330.0,v0.1
INS_ABA7F189344E,REQ_4F23B8FEA46D,29,3750.0,v0.1
INS_ABA7F189344E,REQ_9D6E4401F45C,30,8350.0,v0.1
INS_ABA7F189344E,REQ_ED800669009D,31,1500.0,v0.1
INS_ABA7F189344E,REQ_781347A197AB,32,2270.0,v0.1
INS_ABA7F189344E,REQ_46B6BCF9A445,33,960.0,v0.1
INS_ABA7F189344E,REQ_162F00C8879C,34,440.00000000000006,v0.1
INS_ABA7F189344E,REQ_9FD7CF640483,35,2420.0,v0.1
INS_ABA7F189344E,REQ_BA61F4AC6E11,36,650.0,v0.1
INS_ABA7F189344E,REQ_3FE98550D39E,37,2650.0,v0.1
INS_ABA7F189344E,REQ_7BDB20AC860B,38,1860.0,v0.1
INS_ABA7F189344E,REQ_924969DF1707,39,8160.0,v0.1
INS_ABA7F189344E,REQ_57B29D2BA059,40,1910.0,v0.1
INS_ABA7F189344E,REQ_B492421D43A8,41,30000.0,v0.1
INS_ABA7F189344E,REQ_67F2404F832D,42,30000.0,v0.1
INS_ABA7F189344E,REQ_9737CF93D4BD,43,900.0,v0.1
INS_ABA7F189344E,REQ_4CA9A8D735E2,44,1270.0,v0.1
INS_ABA7F189344E,REQ_EDC76BF4D005,45,780.0,v0.1
INS_ABA7F189344E,REQ_3ECF1B2B4A16,46,30000.0,v0.1
INS_ABA7F189344E,REQ_599B5160511B,47,30000.0,v0.1
INS_ABA7F189344E,REQ_B6A7D5071B88,48,14310.0,v0.1
INS_ABA7F189344E,REQ_93328C95F4F3,49,860.0,v0.1
INS_ABA7F189344E,REQ_9F55585E9BF0,50,30000.0,v0.1
INS_ABA7F189344E,REQ_8854C8F0063B,51,1680.0,v0.1
INS_ABA7F189344E,REQ_DDD5873CC8E5,52,19470.0,v0.1
INS_ABA7F189344E,REQ_2C361E0FF6D2,53,2500.0,v0.1
INS_ABA7F189344E,REQ_93BA0CDACA5A,54,150.0,v0.1
INS_ABA7F189344E,REQ_F4617656D80E,55,1200.0,v0.1
INS_ABA7F189344E,REQ_747A467B21EA,56,460.0,v0.1
INS_F6EBFB3734B2,REQ_95EB49B29771,0,30000.0,v0.1
INS_F6EBFB3734B2,REQ_000067DE0D65,1,30000.0,v0.1
INS_F6EBFB3734B2,REQ_DA9EDADB48C5,2,30000.0,v0.1
INS_F6EBFB3734B2,REQ_E3823E359C43,3,30000.0,v0.1
INS_F6EBFB3734B2,REQ_85B3D8E07CE4,4,30000.0,v0.1
INS_F6EBFB3734B2,REQ_6277353EBC21,5,760.0,v0.1
INS_F6EBFB3734B2,REQ_78876BD220E7,6,11210.0,v0.1
INS_F6EBFB3734B2,REQ_AA5F75EB3F5E,7,180.0,v0.1
INS_F6EBFB3734B2,REQ_C54A99A364B1,8,15610.0,v0.1
INS_F6EBFB3734B2,REQ_5380AAB8698A,9,5090.0,v0.1
INS_F6EBFB3734B2,REQ_8DCA56023301,10,700.0,v0.1
INS_F6EBFB3734B2,REQ_F19E63DB3319,11,1070.0,v0.1
INS_F6EBFB3734B2,REQ_CBDBD2F15E9B,12,2520.0,v0.1
INS_F6EBFB3734B2,REQ_7A49574E69C8,13,30000.0,v0.1
INS_B67E51068B88,REQ_DE37D63DBB90,0,650.0,v0.1
INS_B67E51068B88,REQ_315A60861534,1,7240.0,v0.1
INS_B67E51068B88,REQ_54DF098B209A,2,11350.0,v0.1
INS_B67E51068B88,REQ_302C05D78031,3,3500.0,v0.1
INS_B67E51068B88,REQ_81A2975DC822,4,2200.0,v0.1
INS_B67E51068B88,REQ_62174F85C67D,5,350.0,v0.1
INS_B67E51068B88,REQ_1B0FEFBD7563,6,1900.0,v0.1
INS_B67E51068B88,REQ_9A75EE916C61,7,1300.0,v0.1
INS_B67E51068B88,REQ_839D4E55AB51,8,370.0,v0.1
INS_B67E51068B88,REQ_EC9ECEFFC1BB,9,2820.0,v0.1
INS_B67E51068B88,REQ_4ECD9B3F1410,10,6860.0,v0.1
INS_B67E51068B88,REQ_96C0BD518A56,11,12940.0,v0.1
INS_B67E51068B88,REQ_8BFDD8BCB472,12,3050.0,v0.1
INS_B67E51068B88,REQ_F7587BAE7ED7,13,330.0,v0.1
INS_08AA0A1DB392,REQ_ED0CDF63F01C,0,900.0,v0.1
INS_08AA0A1DB392,REQ_47F9E8860393,1,160.0,v0.1
INS_08AA0A1DB392,REQ_35CB9B1D3E5F,2,9250.0,v0.1
INS_08AA0A1DB392,REQ_7FEC67C0E5C9,3,1920.0,v0.1
INS_08AA0A1DB392,REQ_499C8A0D6E1B,4,30000.0,v0.1
INS_08AA0A1DB392,REQ_C7942B53A047,5,30000.0,v0.1
INS_08AA0A1DB392,REQ_083BD102C718,6,1250.0,v0.1
INS_08AA0A1DB392,REQ_6BCED045453C,7,610.0,v0.1
INS_08AA0A1DB392,REQ_6A46049C2971,8,30000.0,v0.1
INS_08AA0A1DB392,REQ_E43EB97CE07E,9,11850.0,v0.1
INS_08AA0A1DB392,REQ_3814F0CA9F40,10,350.0,v0.1
INS_08AA0A1DB392,REQ_0DA9A352FC9A,11,750.0,v0.1
INS_08AA0A1DB392,REQ_DF54D746A290,12,869.9999999999999,v0.1
INS_08AA0A1DB392,REQ_9BF16612D6DD,13,30000.0,v0.1
INS_08AA0A1DB392,REQ_A99D42DE0B52,14,9950.0,v0.1
INS_08AA0A1DB392,REQ_79CD69B16BA4,15,20330.0,v0.1
INS_08AA0A1DB392,REQ_21796CA570CF,16,1210.0,v0.1
INS_08AA0A1DB392,REQ_86BC52D1B816,17,1400.0,v0.1
INS_08AA0A1DB392,REQ_2485C392F3E7,18,2010.0000000000002,v0.1
INS_08AA0A1DB392,REQ_60C98FDA9F68,19,30000.0,v0.1
INS_08AA0A1DB392,REQ_3F7479831E8B,20,6200.0,v0.1
INS_08AA0A1DB392,REQ_0CF4315B7877,21,30000.0,v0.1
INS_08AA0A1DB392,REQ_D136EC4FFDF8,22,28230.0,v0.1
INS_08AA0A1DB392,REQ_F70DBAF9F293,23,30000.0,v0.1
INS_3E906A4333A1,REQ_D494986F9C4E,0,2950.0,v0.1
INS_3E906A4333A1,REQ_54443F807401,1,17970.0,v0.1
INS_3E906A4333A1,REQ_1DBCA29AEA0C,2,810.0,v0.1
INS_3E906A4333A1,REQ_A54529AFC230,3,17790.0,v0.1
INS_3E906A4333A1,REQ_4325CBA4E732,4,170.0,v0.1
INS_3E906A4333A1,REQ_400735173AB6,5,800.0,v0.1
INS_3E906A4333A1,REQ_30A0B2A53028,6,420.0,v0.1
INS_3E906A4333A1,REQ_AD620F4EF90D,7,229.99999999999997,v0.1
INS_3E906A4333A1,REQ_3B9EF0191F4F,8,30000.0,v0.1
INS_3E906A4333A1,REQ_D399E841A122,9,5550.0,v0.1
INS_3E906A4333A1,REQ_29586F483E09,10,1750.0,v0.1
INS_3E906A4333A1,REQ_831270F8291A,11,900.0,v0.1
INS_534124B8FFA7,REQ_246A9D6A2C47,0,450.0,v0.1
INS_534124B8FFA7,REQ_5B45E1A89AE3,1,210.0,v0.1
INS_534124B8FFA7,REQ_C272E27C20D3,2,650.0,v0.1
INS_534124B8FFA7,REQ_94DBFCCFC16F,3,13140.0,v0.1
INS_534124B8FFA7,REQ_78BA37478982,4,12470.0,v0.1
INS_534124B8FFA7,REQ_043D20068C42,5,1330.0,v0.1
INS_534124B8FFA7,REQ_3FB690CDB5A4,6,30000.0,v0.1
INS_534124B8FFA7,REQ_3E4701948EA7,7,30000.0,v0.1
INS_534124B8FFA7,REQ_A39FB736C57D,8,2300.0,v0.1
INS_534124B8FFA7,REQ_03490450170E,9,1070.0,v0.1
INS_534124B8FFA7,REQ_23A063532083,10,710.0,v0.1
INS_534124B8FFA7,REQ_B21FE2387414,11,590.0,v0.1
INS_534124B8FFA7,REQ_F3902515A29D,12,1910.0,v0.1
INS_534124B8FFA7,REQ_E8F35706C34B,13,840.0,v0.1
INS_534124B8FFA7,REQ_1FF6D6F7CEFC,14,22280.0,v0.1
INS_534124B8FFA7,REQ_306E3B1367BA,15,3100.0,v0.1
INS_534124B8FFA7,REQ_ECC23C251173,16,18970.0,v0.1
INS_534124B8FFA7,REQ_99354446E369,17,1250.0,v0.1
INS_534124B8FFA7,REQ_24D81D2994B2,18,30000.0,v0.1
INS_534124B8FFA7,REQ_35D54E6F8467,19,12520.0,v0.1
INS_534124B8FFA7,REQ_3EEEA8594D29,20,770.0,v0.1
INS_1F3E481065C6,REQ_3647345C133E,0,750.0,v0.1
INS_1F3E481065C6,REQ_070B1D020DB7,1,650.0,v0.1
INS_1F3E481065C6,REQ_81017EF418EB,2,1900.0,v0.1
INS_1F3E481065C6,REQ_7015037C2725,3,3750.0,v0.1
INS_1F3E481065C6,REQ_9FCBA43E7611,4,100.0,v0.1
INS_1F3E481065C6,REQ_33DA4371FE6F,5,550.0,v0.1
INS_1F3E481065C6,REQ_7186314A6719,6,1900.0,v0.1
INS_1F3E481065C6,REQ_5A1D648BECB5,7,1120.0,v0.1
INS_1F3E481065C6,REQ_02C430E03EB1,8,8840.0,v0.1
INS_1F3E481065C6,REQ_67899EC0FB0B,9,550.0,v0.1
INS_1F3E481065C6,REQ_86BD7BFB46FF,10,150.0,v0.1
INS_1F3E481065C6,REQ_58178F00995C,11,13040.0,v0.1
INS_1F3E481065C6,REQ_65B4370897AB,12,1800.0,v0.1
INS_1F3E481065C6,REQ_1D88D8EDD856,13,3730.0,v0.1
INS_1F3E481065C6,REQ_A35F075737D1,14,510.0,v0.1
INS_1F3E481065C6,REQ_71162935DEE9,15,8630.0,v0.1
INS_1F3E481065C6,REQ_40B00148E11E,16,1650.0,v0.1
INS_1F3E481065C6,REQ_EE447F625BA1,17,9020.0,v0.1
INS_1F3E481065C6,REQ_182A3EFCFD47,18,5810.0,v0.1
INS_4E7DD6EBD120,REQ_3220F4C4E61F,0,3040.0,v0.1
INS_4E7DD6EBD120,REQ_1F750B540DAF,1,6630.0,v0.1
INS_4E7DD6EBD120,REQ_66D34ED99839,2,19450.0,v0.1
INS_4E7DD6EBD120,REQ_7651118206A6,3,1689.9999999999998,v0.1
INS_4E7DD6EBD120,REQ_3587B7D61F2A,4,509.99999999999994,v0.1
INS_4E7DD6EBD120,REQ_831004BF20C8,5,30000.0,v0.1
INS_4E7DD6EBD120,REQ_F41F80635A10,6,1880.0,v0.1
INS_4E7DD6EBD120,REQ_3564EEE387F4,7,30000.0,v0.1
INS_4E7DD6EBD120,REQ_0B7BC48BE518,8,15880.0,v0.1
INS_4E7DD6EBD120,REQ_FAC95036E55E,9,2010.0,v0.1
INS_4E7DD6EBD120,REQ_BD9A69F90F8F,10,1830.0,v0.1
INS_4E7DD6EBD120,REQ_1D220766B9EC,11,670.0,v0.1
INS_4E7DD6EBD120,REQ_E0832C173CB5,12,30000.0,v0.1
INS_4E7DD6EBD120,REQ_7C1258031151,13,30000.0,v0.1
INS_4E7DD6EBD120,REQ_6D9D3B4C5A2D,14,14960.0,v0.1
INS_4E7DD6EBD120,REQ_91BB8B9AFB78,15,30000.0,v0.1
INS_4E7DD6EBD120,REQ_5BCEB6577C9D,16,2560.0,v0.1
INS_4E7DD6EBD120,REQ_61C6C994E479,17,30000.0,v0.1
INS_4E7DD6EBD120,REQ_29BBBE80CF6A,18,7750.0,v0.1
INS_B609B41B141F,REQ_AAF9E4D718C2,0,1650.0,v0.1
INS_B609B41B141F,REQ_A66AA48B482C,1,30000.0,v0.1
INS_B609B41B141F,REQ_2538F0ABF620,2,3100.0,v0.1
INS_B609B41B141F,REQ_1F4267DD095E,3,24350.0,v0.1
INS_B609B41B141F,REQ_C14ECDAFF625,4,30000.0,v0.1
INS_B609B41B141F,REQ_10475AA74803,5,1670.0,v0.1
INS_B609B41B141F,REQ_9A04F434BEBC,6,350.0,v0.1
INS_B609B41B141F,REQ_30D2E10C503C,7,830.0,v0.1
INS_B609B41B141F,REQ_7F44F81315C9,8,1050.0,v0.1
INS_B609B41B141F,REQ_A576A430D867,9,260.0,v0.1
INS_B609B41B141F,REQ_39CEB29D7D1F,10,330.0,v0.1
INS_B609B41B141F,REQ_06AB3427B157,11,660.0,v0.1
INS_B609B41B141F,REQ_9BCB889B3B7B,12,5340.0,v0.1
INS_B609B41B141F,REQ_BDD6F93F9E94,13,850.0,v0.1
INS_B609B41B141F,REQ_2BFD3722DA71,14,2200.0,v0.1
INS_B609B41B141F,REQ_8061C6F88F7B,15,1000.0,v0.1
INS_B609B41B141F,REQ_34935A24AE85,16,17800.0,v0.1
INS_B609B41B141F,REQ_31C504166B5F,17,7170.0,v0.1
INS_B609B41B141F,REQ_5BF6AA0493D2,18,2050.0,v0.1
INS_B609B41B141F,REQ_2B05F113B40B,19,30000.0,v0.1
INS_B609B41B141F,REQ_3CD7BDEA44AC,20,420.0,v0.1
INS_B609B41B141F,REQ_496668EFFEC4,21,8940.0,v0.1
INS_B609B41B141F,REQ_847FE82EA7DF,22,30000.0,v0.1
INS_B609B41B141F,REQ_752F91BABB4E,23,30000.0,v0.1
INS_B609B41B141F,REQ_BB3520B61CF6,24,2400.0,v0.1
INS_B609B41B141F,REQ_C8F0145054CE,25,210.0,v0.1
INS_B609B41B141F,REQ_DA35C2759941,26,21025.0,v0.1
INS_B609B41B141F,REQ_2A99F7A3039B,27,640.0,v0.1
INS_5AE89A6989DE,REQ_1C17D6358C20,0,229.99999999999997,v0.1
INS_5AE89A6989DE,REQ_7174B55A2E9F,1,7500.0,v0.1
INS_5AE89A6989DE,REQ_1D1F272838EC,2,1320.0,v0.1
INS_5AE89A6989DE,REQ_FFAC5A16912A,3,6670.0,v0.1
INS_5AE89A6989DE,REQ_AEC1D6EBA813,4,710.0,v0.1
INS_5AE89A6989DE,REQ_206EA3FABFA2,5,11600.0,v0.1
INS_5AE89A6989DE,REQ_B22A3E1AED63,6,30000.0,v0.1
INS_5AE89A6989DE,REQ_759A71A35EBC,7,5780.0,v0.1
INS_5681459C682C,REQ_A36E5FE90E7D,0,680.0,v0.1
INS_5681459C682C,REQ_618D8D9D7218,1,1110.0,v0.1
INS_5681459C682C,REQ_BEFB5C6A6665,2,30000.0,v0.1
INS_5681459C682C,REQ_59DFD747360C,3,30000.0,v0.1
INS_5681459C682C,REQ_BE6E8CDCDB8B,4,1000.0,v0.1
INS_5681459C682C,REQ_A922C60B56A4,5,30000.0,v0.1
INS_5681459C682C,REQ_EEBE6D892209,6,30000.0,v0.1
INS_5681459C682C,REQ_3A7EC054CB45,7,23920.0,v0.1
INS_5681459C682C,REQ_CA78BA838027,8,500.0,v0.1
INS_5681459C682C,REQ_C8BA1847DF81,9,730.0,v0.1
INS_5681459C682C,REQ_952302094D68,10,25790.0,v0.1
INS_5681459C682C,REQ_BBEB36681D44,11,18100.0,v0.1
INS_5681459C682C,REQ_DE060E4054B2,12,3300.0,v0.1
INS_5681459C682C,REQ_FA3601FB4A9A,13,30000.0,v0.1
INS_5681459C682C,REQ_1276E50222BA,14,700.0,v0.1
INS_5681459C682C,REQ_D7EE0D8F0A0B,15,13510.0,v0.1
INS_7B4D9FF20BF5,REQ_BC79FBEFD51C,0,30000.0,v0.1
INS_7B4D9FF20BF5,REQ_45826EA5985F,1,2000.0,v0.1
INS_7B4D9FF20BF5,REQ_8680C39CD109,2,1920.0,v0.1
INS_7B4D9FF20BF5,REQ_E99CB9947FB6,3,30000.0,v0.1
INS_7B4D9FF20BF5,REQ_AE4F0E83B1D6,4,840.0,v0.1
INS_7B4D9FF20BF5,REQ_48BEA987F6DF,5,30000.0,v0.1
INS_7B4D9FF20BF5,REQ_AC00736AEB2E,6,990.0,v0.1
INS_7B4D9FF20BF5,REQ_45729E572A21,7,30000.0,v0.1
INS_7B4D9FF20BF5,REQ_CE20449B73AF,8,600.0,v0.1
INS_7B4D9FF20BF5,REQ_EFCC5E33D5AF,9,1350.0,v0.1
INS_7B4D9FF20BF5,REQ_5A5ABDF38F20,10,300.0,v0.1
INS_7B4D9FF20BF5,REQ_9C0B31B1FCAA,11,3650.0,v0.1
INS_7B4D9FF20BF5,REQ_3814F0CA9F40,12,350.0,v0.1
INS_7B4D9FF20BF5,REQ_8623215D0EB1,13,220.00000000000003,v0.1
INS_7B4D9FF20BF5,REQ_21796CA570CF,14,1210.0,v0.1
INS_7B4D9FF20BF5,REQ_AA0F535DB3AA,15,1070.0,v0.1
INS_7B4D9FF20BF5,REQ_5D101552B8B2,16,250.0,v0.1
INS_7B4D9FF20BF5,REQ_8587C8E69321,17,6790.000000000001,v0.1
INS_7B4D9FF20BF5,REQ_99AC92F8B63E,18,500.0,v0.1
INS_7B4D9FF20BF5,REQ_750065B02800,19,2750.0,v0.1
INS_38BD61B93A3A,REQ_90EF14DFD406,0,24840.0,v0.1
INS_38BD61B93A3A,REQ_07D5C761961B,1,1930.0,v0.1
INS_38BD61B93A3A,REQ_A0B3A71F261C,2,11150.0,v0.1
INS_38BD61B93A3A,REQ_FEA75EDF852C,3,15400.0,v0.1
INS_38BD61B93A3A,REQ_89E70BA885C3,4,1850.0,v0.1
INS_38BD61B93A3A,REQ_53319C73F390,5,30000.0,v0.1
INS_38BD61B93A3A,REQ_804FECD1658A,6,15570.0,v0.1
INS_38BD61B93A3A,REQ_B885ADB563A4,7,25830.0,v0.1
INS_38BD61B93A3A,REQ_60ED4352502D,8,30000.0,v0.1
INS_38BD61B93A3A,REQ_E4F904C33BF0,9,6530.0,v0.1
INS_38BD61B93A3A,REQ_7C038782E706,10,6030.0,v0.1
INS_38BD61B93A3A,REQ_4BD5544F086F,11,30000.0,v0.1
INS_38BD61B93A3A,REQ_E1A8D7EBBF7D,12,200.0,v0.1
INS_39767B84EAF7,REQ_4FA3372B01C3,0,1260.0,v0.1
INS_39767B84EAF7,REQ_C644A63AACA0,1,15230.000000000002,v0.1
INS_39767B84EAF7,REQ_1C3F5E7E600C,2,300.0,v0.1
INS_39767B84EAF7,REQ_FAFB04700D1F,3,400.0,v0.1
INS_39767B84EAF7,REQ_7BEB95AE0BF4,4,1550.0,v0.1
INS_39767B84EAF7,REQ_C92CA53F2D4C,5,3360.0,v0.1
INS_39767B84EAF7,REQ_5DD52B4FAE59,6,150.0,v0.1
INS_39767B84EAF7,REQ_9A7D931C0697,7,250.0,v0.1
INS_39767B84EAF7,REQ_6EEB0266C663,8,12020.0,v0.1
INS_39767B84EAF7,REQ_31E479481FC2,9,500.0,v0.1
INS_39767B84EAF7,REQ_4B6B980285D3,10,14125.0,v0.1
INS_39767B84EAF7,REQ_B5ADDDEE1E23,11,7510.0,v0.1
INS_39767B84EAF7,REQ_920A7E5F3D9B,12,2230.0,v0.1
INS_39767B84EAF7,REQ_0046E052FCC9,13,450.0,v0.1
INS_39767B84EAF7,REQ_D1A9478860FC,14,21160.0,v0.1
INS_39767B84EAF7,REQ_E6870273234C,15,6050.0,v0.1
INS_39767B84EAF7,REQ_A3458EA492CC,16,30000.0,v0.1
INS_39767B84EAF7,REQ_1A8B8F1EEAD9,17,3200.0,v0.1
INS_39767B84EAF7,REQ_B14FD3466D99,18,28960.000000000004,v0.1
INS_39767B84EAF7,REQ_080533B6E9C7,19,2670.0,v0.1
INS_89483F44115C,REQ_958997C92583,0,23040.0,v0.1
INS_89483F44115C,REQ_ED84798382BF,1,11440.0,v0.1
INS_89483F44115C,REQ_DD7715C30243,2,7310.0,v0.1
INS_89483F44115C,REQ_66AE040001F0,3,4560.0,v0.1
INS_89483F44115C,REQ_EBCFDEC9D44F,4,11680.0,v0.1
INS_89483F44115C,REQ_0A4B5A6CBF51,5,1310.0,v0.1
INS_89483F44115C,REQ_C10C98152470,6,30000.0,v0.1
INS_89483F44115C,REQ_B5A241828E2A,7,30000.0,v0.1
INS_89483F44115C,REQ_5DCD5CBEC970,8,480.0,v0.1
INS_89483F44115C,REQ_FB49AAE2DD1A,9,7890.000000000001,v0.1
INS_89483F44115C,REQ_0C8967B0F3BB,10,770.0,v0.1
INS_89483F44115C,REQ_E234B2783F77,11,29420.0,v0.1
INS_89483F44115C,REQ_7E9139A506E0,12,21710.0,v0.1
INS_89483F44115C,REQ_47D378F2EB4A,13,30000.0,v0.1
INS_89483F44115C,REQ_48456EFA3A72,14,5950.0,v0.1
INS_89483F44115C,REQ_A420B54A81EA,15,30000.0,v0.1
INS_89483F44115C,REQ_799A0056E639,16,890.0,v0.1
INS_89483F44115C,REQ_902CAB14CC31,17,15460.0,v0.1
INS_89483F44115C,REQ_CDF47B739AFE,18,3220.0000000000005,v0.1
INS_89483F44115C,REQ_5E32CB4A2BA7,19,22250.0,v0.1
INS_89483F44115C,REQ_B40EBE7A7FCD,20,330.0,v0.1
INS_89483F44115C,REQ_D48E9B87FC91,21,1700.0,v0.1
INS_89483F44115C,REQ_9D6A42C49944,22,30000.0,v0.1
INS_89483F44115C,REQ_DA8DED693BBB,23,700.0,v0.1
INS_89483F44115C,REQ_DA23B8B77C71,24,540.0,v0.1
INS_89483F44115C,REQ_4DD8E2F6191D,25,30000.0,v0.1
INS_89483F44115C,REQ_70B1BC51BB53,26,570.0,v0.1
INS_89483F44115C,REQ_BFC2D02C3A19,27,150.0,v0.1
INS_89483F44115C,REQ_C6E293A21418,28,650.0,v0.1
INS_89483F44115C,REQ_D70451B25F53,29,17210.0,v0.1
INS_89483F44115C,REQ_D8883DD8EF5A,30,860.0,v0.1
INS_89483F44115C,REQ_C0738D1D64A8,31,4029.9999999999995,v0.1
INS_89483F44115C,REQ_C4E1295F6126,32,11040.0,v0.1
INS_89483F44115C,REQ_739DFD9C6FB8,33,4470.0,v0.1
INS_89483F44115C,REQ_75E8DBABF35F,34,740.0,v0.1
INS_89483F44115C,REQ_75410001A495,35,7310.0,v0.1
INS_89483F44115C,REQ_BF75ED5149F7,36,10075.0,v0.1
INS_89483F44115C,REQ_6EC517640203,37,870.0,v0.1
INS_89483F44115C,REQ_562CFCB17A76,38,4600.0,v0.1
INS_89483F44115C,REQ_24124094D174,39,2300.0,v0.1
INS_89483F44115C,REQ_9945EDFB4625,40,22220.0,v0.1
INS_89483F44115C,REQ_F8429D8F9171,41,17830.0,v0.1
INS_A8787D8D5AD8,REQ_1437AA719D1A,0,30000.0,v0.1
INS_A8787D8D5AD8,REQ_6DB20FCEA481,1,13200.0,v0.1
INS_A8787D8D5AD8,REQ_FCF1274D225B,2,1540.0,v0.1
INS_A8787D8D5AD8,REQ_8A173113F37F,3,29580.0,v0.1
INS_A8787D8D5AD8,REQ_11526360A391,4,30000.0,v0.1
INS_A8787D8D5AD8,REQ_4F9B2172FA67,5,30000.0,v0.1
INS_A8787D8D5AD8,REQ_6EAD428E0420,6,22870.0,v0.1
INS_A8787D8D5AD8,REQ_921DC3F884A2,7,7909.999999999999,v0.1
INS_A8787D8D5AD8,REQ_C9D123E707D4,8,1300.0,v0.1
INS_A8787D8D5AD8,REQ_F0E09107B64A,9,2510.0,v0.1
INS_A8787D8D5AD8,REQ_FB0AA356C5FF,10,2860.0,v0.1
INS_F5744198DF98,REQ_B528C4AD3B8D,0,150.0,v0.1
INS_F5744198DF98,REQ_C929FA8FD6FB,1,1400.0,v0.1
INS_F5744198DF98,REQ_9F8EC11399DB,2,480.0,v0.1
INS_F5744198DF98,REQ_2F75875B2267,3,18110.0,v0.1
INS_F5744198DF98,REQ_668AF44986F0,4,180.0,v0.1
INS_F5744198DF98,REQ_D8CD508A858E,5,10200.0,v0.1
INS_F5744198DF98,REQ_3B33F5B4FDC6,6,1170.0,v0.1
INS_F5744198DF98,REQ_89E493B3DFCF,7,610.0,v0.1
INS_F5744198DF98,REQ_46F6731B77B3,8,500.0,v0.1
INS_F5744198DF98,REQ_B00D1E2652AE,9,5320.0,v0.1
INS_F5744198DF98,REQ_2497F8244177,10,3290.0,v0.1
INS_F5744198DF98,REQ_BB5117880769,11,1350.0,v0.1
INS_F5744198DF98,REQ_7D60F6322AE9,12,8600.0,v0.1
INS_F5744198DF98,REQ_39CEED4E878B,13,550.0,v0.1
INS_F5744198DF98,REQ_219FC0579FB5,14,3000.0,v0.1
INS_F5744198DF98,REQ_5EE57382E419,15,1760.0,v0.1
INS_F5744198DF98,REQ_1A041FAF0A7B,16,4370.0,v0.1
INS_F5744198DF98,REQ_172BA145CBBB,17,30000.0,v0.1
INS_F5744198DF98,REQ_A1B08085714F,18,30000.0,v0.1
INS_F5744198DF98,REQ_3FD246BDBCE1,19,5900.0,v0.1
INS_F5744198DF98,REQ_B4C72B9CB9DB,20,4820.0,v0.1
INS_F5744198DF98,REQ_B73BF6CBF5BD,21,30000.0,v0.1
INS_F5744198DF98,REQ_7C611786B6B1,22,4690.0,v0.1
INS_F5744198DF98,REQ_CE8A0CCE4DC1,23,2450.0,v0.1
INS_F5744198DF98,REQ_5C0407076D38,24,13980.0,v0.1
INS_F5744198DF98,REQ_D09F215C828D,25,620.0,v0.1
INS_F5744198DF98,REQ_068EA07A83AB,26,30000.0,v0.1
INS_F5744198DF98,REQ_ABD2DF89A881,27,260.0,v0.1
INS_F5744198DF98,REQ_526D25EF8572,28,30000.0,v0.1
INS_F5744198DF98,REQ_A3C8D6D18CD6,29,400.0,v0.1
INS_F5744198DF98,REQ_9EC8CC6014E5,30,20340.0,v0.1
INS_F5744198DF98,REQ_CA7C59E73214,31,1400.0,v0.1
INS_F5744198DF98,REQ_262B3A37E07A,32,15860.0,v0.1
INS_F5744198DF98,REQ_CD07D56EC0E6,33,409.99999999999994,v0.1
INS_A1007805691F,REQ_43CCF80E4E99,0,30000.0,v0.1
INS_A1007805691F,REQ_B884FFFCE234,1,30000.0,v0.1
INS_A1007805691F,REQ_B928B17119AE,2,6080.0,v0.1
INS_A1007805691F,REQ_D7C981DEE0E7,3,7309.999999999999,v0.1
INS_A1007805691F,REQ_6C087EA6F86F,4,30000.0,v0.1
INS_A1007805691F,REQ_AA4AFAE13C6E,5,9800.0,v0.1
INS_A1007805691F,REQ_89498E831993,6,30000.0,v0.1
INS_A1007805691F,REQ_25F94CE4E455,7,30000.0,v0.1
INS_A1007805691F,REQ_4CC2DA46AECF,8,30000.0,v0.1
INS_A1007805691F,REQ_CECF7A168639,9,30000.0,v0.1
INS_A1007805691F,REQ_16000AC93CBF,10,17000.0,v0.1
INS_1F7822F3CE6F,REQ_AE7F81461CD1,0,1580.0,v0.1
INS_1F7822F3CE6F,REQ_FDF07FFCED91,1,2320.0,v0.1
INS_1F7822F3CE6F,REQ_48D36A98A645,2,5450.0,v0.1
INS_1F7822F3CE6F,REQ_CC4F72F2DC6D,3,12210.0,v0.1
INS_1F7822F3CE6F,REQ_9BAFD1A43D35,4,30000.0,v0.1
INS_1F7822F3CE6F,REQ_10F9F137725F,5,6900.0,v0.1
INS_1F7822F3CE6F,REQ_74946FF9CDFB,6,3700.0,v0.1
INS_1F7822F3CE6F,REQ_22DD8F80B150,7,430.0,v0.1
INS_1F7822F3CE6F,REQ_90B248A61ED5,8,10630.0,v0.1
INS_D75D4D250D6C,REQ_E04643C940A5,0,8890.0,v0.1
INS_D75D4D250D6C,REQ_722093F84ECA,1,250.0,v0.1
INS_D75D4D250D6C,REQ_F1644652E3CA,2,11760.0,v0.1
INS_D75D4D250D6C,REQ_902EA59ADF2F,3,11420.0,v0.1
INS_D75D4D250D6C,REQ_CEBA4E79C1F5,4,30000.0,v0.1
INS_D75D4D250D6C,REQ_8A7FA70289D1,5,11850.0,v0.1
INS_D75D4D250D6C,REQ_DD19EDBFB0C1,6,4970.0,v0.1
INS_D75D4D250D6C,REQ_1D1F272838EC,7,1320.0,v0.1
INS_D5D8C75FDC0A,REQ_62F7D31C3A9B,0,10130.0,v0.1
INS_D5D8C75FDC0A,REQ_5ADE234F250B,1,150.0,v0.1
INS_D5D8C75FDC0A,REQ_B484458C3B06,2,30000.0,v0.1
INS_D5D8C75FDC0A,REQ_0B4782F7DADB,3,4300.0,v0.1
INS_D5D8C75FDC0A,REQ_494809896FB1,4,30000.0,v0.1
INS_D5D8C75FDC0A,REQ_CE3455DB88C0,5,9260.0,v0.1
INS_D5D8C75FDC0A,REQ_98C3C94FBF39,6,12580.0,v0.1
INS_D5D8C75FDC0A,REQ_945A4A3DB574,7,13210.0,v0.1
INS_D5D8C75FDC0A,REQ_2B57DB723306,8,13240.0,v0.1
INS_D5D8C75FDC0A,REQ_BBF2A3F38F9B,9,410.0,v0.1
INS_D5D8C75FDC0A,REQ_3999AC9B7542,10,270.0,v0.1
INS_D5D8C75FDC0A,REQ_24ACF5DD0CD8,11,7550.0,v0.1
INS_D5D8C75FDC0A,REQ_3D27752AA263,12,30000.0,v0.1
INS_D5D8C75FDC0A,REQ_5D2A5C5631EA,13,5270.0,v0.1
INS_D5D8C75FDC0A,REQ_A37294C566DB,14,23020.0,v0.1
INS_D5D8C75FDC0A,REQ_B07B6770A8AF,15,90.0,v0.1
INS_D5D8C75FDC0A,REQ_7973ADD2994E,16,320.0,v0.1
INS_F323D6AE3361,REQ_908D46061B13,0,1490.0,v0.1
INS_F323D6AE3361,REQ_B55F5CA59442,1,2300.0,v0.1
INS_F323D6AE3361,REQ_90B248A61ED5,2,10630.0,v0.1
INS_F323D6AE3361,REQ_22DD8F80B150,3,430.0,v0.1
INS_F323D6AE3361,REQ_48D36A98A645,4,5450.0,v0.1
INS_F323D6AE3361,REQ_4756961CD89C,5,3720.0,v0.1
INS_F323D6AE3361,REQ_0CDBBDB67F44,6,370.0,v0.1
INS_F323D6AE3361,REQ_4A21D6558B6F,7,880.0,v0.1
INS_F323D6AE3361,REQ_E10520852CC0,8,6350.0,v0.1
INS_F323D6AE3361,REQ_35140E03B8B3,9,4750.0,v0.1
INS_F323D6AE3361,REQ_4C3DF94C2DAF,10,190.0,v0.1
INS_F323D6AE3361,REQ_8BE9B795040A,11,25620.0,v0.1
INS_5B6ED185CB0A,REQ_FF2B2D3E44C9,0,30000.0,v0.1
INS_5B6ED185CB0A,REQ_55917DA2A050,1,30000.0,v0.1
INS_5B6ED185CB0A,REQ_3BA6E66783BA,2,30000.0,v0.1
INS_5B6ED185CB0A,REQ_CDE402CC4E51,3,6170.0,v0.1
INS_5B6ED185CB0A,REQ_759A71A35EBC,4,5780.0,v0.1
INS_5B6ED185CB0A,REQ_D9560C35A024,5,2380.0,v0.1
INS_5B6ED185CB0A,REQ_94639C6768C3,6,7880.0,v0.1
INS_5B6ED185CB0A,REQ_93F25571AFA3,7,740.0,v0.1
INS_5B6ED185CB0A,REQ_C4F52D7F1DB2,8,15050.0,v0.1
INS_BE4F0354A7CE,REQ_01443465430B,0,24790.0,v0.1
INS_BE4F0354A7CE,REQ_7524D66E546D,1,12900.0,v0.1
INS_BE4F0354A7CE,REQ_9239EFA85E63,2,10030.0,v0.1
INS_BE4F0354A7CE,REQ_82B6B3C3D714,3,30000.0,v0.1
INS_BE4F0354A7CE,REQ_9BEBE9D039F4,4,2370.0,v0.1
INS_BE4F0354A7CE,REQ_3EEEE307FC63,5,30000.0,v0.1
INS_BE4F0354A7CE,REQ_BB7904099E5F,6,30000.0,v0.1
INS_BE4F0354A7CE,REQ_F5EEF0156560,7,410.0,v0.1
INS_BE4F0354A7CE,REQ_F844496D64D1,8,23930.0,v0.1
INS_BE4F0354A7CE,REQ_E466DB32427B,9,1640.0,v0.1
INS_BE4F0354A7CE,REQ_3CB96AB1343B,10,1800.0,v0.1
INS_BE4F0354A7CE,REQ_EB5DD5B0F581,11,22540.0,v0.1
INS_BE4F0354A7CE,REQ_14B8715AC6C8,12,440.0,v0.1
INS_BE4F0354A7CE,REQ_B22E7027066D,13,22760.0,v0.1
INS_BE4F0354A7CE,REQ_3C77F0C6D249,14,17210.0,v0.1
INS_BE4F0354A7CE,REQ_DABAFADA37E2,15,30000.0,v0.1
INS_BE4F0354A7CE,REQ_037C5789DFAD,16,1780.0,v0.1
INS_BE4F0354A7CE,REQ_8140D1843359,17,30000.0,v0.1
INS_BE4F0354A7CE,REQ_E12F4CEF655C,18,16660.0,v0.1
INS_BE4F0354A7CE,REQ_AE7F81461CD1,19,1580.0,v0.1
INS_BE4F0354A7CE,REQ_E4C8A4581320,20,30000.0,v0.1
INS_BE4F0354A7CE,REQ_90B248A61ED5,21,10630.0,v0.1
INS_BE4F0354A7CE,REQ_05E9AC25E870,22,10650.0,v0.1
INS_BE4F0354A7CE,REQ_3D82B68CE94D,23,1190.0,v0.1
INS_BE4F0354A7CE,REQ_BAC809787B84,24,9550.0,v0.1
INS_F2CDF02B5D9F,REQ_D4E744C89216,0,10210.0,v0.1
INS_F2CDF02B5D9F,REQ_E45AC991A9CC,1,30000.0,v0.1
INS_F2CDF02B5D9F,REQ_28F0401A8950,2,100.0,v0.1
INS_F2CDF02B5D9F,REQ_E5CDFFBE6A07,3,1700.0,v0.1
INS_F2CDF02B5D9F,REQ_BA2E1B45EBD8,4,9180.0,v0.1
INS_F2CDF02B5D9F,REQ_C26B36F8B907,5,160.0,v0.1
INS_F2CDF02B5D9F,REQ_B9501DB74B80,6,9940.0,v0.1
INS_F2CDF02B5D9F,REQ_B47E69F6DCEE,7,30000.0,v0.1
INS_F2CDF02B5D9F,REQ_1331A33F0AB0,8,5630.0,v0.1
INS_F2CDF02B5D9F,REQ_846F52E3A619,9,459.99999999999994,v0.1
INS_F2CDF02B5D9F,REQ_6169BD6EB06A,10,350.0,v0.1
INS_F2CDF02B5D9F,REQ_5C69C893AA15,11,150.0,v0.1
INS_F2CDF02B5D9F,REQ_E8B9E41D6DA8,12,830.0000000000001,v0.1
INS_932B72D15379,REQ_EEDE3E7E59AC,0,350.0,v0.1
INS_932B72D15379,REQ_1AAE7D57F946,1,20460.0,v0.1
INS_932B72D15379,REQ_8C6C4AC0C1AD,2,2170.0,v0.1
INS_932B72D15379,REQ_3CD616E73D1E,3,17870.0,v0.1
INS_932B72D15379,REQ_94E016CBA109,4,12800.0,v0.1
INS_932B72D15379,REQ_DE5C10D0013F,5,500.0,v0.1
INS_932B72D15379,REQ_E6DD10889E5E,6,280.0,v0.1
INS_932B72D15379,REQ_C60295B3A6DF,7,690.0,v0.1
INS_932B72D15379,REQ_D48EE112B44C,8,30000.0,v0.1
INS_932B72D15379,REQ_90151F64AC94,9,5220.0,v0.1
INS_F0A0F562AE96,REQ_821E493C07CB,0,7020.0,v0.1
INS_F0A0F562AE96,REQ_23471186482D,1,3700.0,v0.1
INS_F0A0F562AE96,REQ_B18ED0DEA345,2,590.0,v0.1
INS_F0A0F562AE96,REQ_C686F676A9EE,3,450.0,v0.1
INS_F0A0F562AE96,REQ_6A875ABBC552,4,3650.0,v0.1
INS_F0A0F562AE96,REQ_861C44226119,5,30000.0,v0.1
INS_F0A0F562AE96,REQ_D32A777D2F4C,6,30000.0,v0.1
INS_F0A0F562AE96,REQ_CCD2BE2DE4BA,7,440.0,v0.1
INS_F0A0F562AE96,REQ_7FB7833A93C3,8,2400.0,v0.1
INS_F0A0F562AE96,REQ_D297049501E4,9,30000.0,v0.1
INS_F0A0F562AE96,REQ_B235E8E9FCEE,10,5110.0,v0.1
INS_F0A0F562AE96,REQ_9BDD13C0AF67,11,4210.0,v0.1
INS_F0A0F562AE96,REQ_74DD74A84310,12,25130.0,v0.1
INS_F0A0F562AE96,REQ_89FF70896CCF,13,6100.0,v0.1
INS_F0A0F562AE96,REQ_296B3CDB7FF0,14,1050.0,v0.1
INS_F0A0F562AE96,REQ_864CDD3700C1,15,1560.0,v0.1
INS_F0A0F562AE96,REQ_EC792557EE09,16,5040.0,v0.1
INS_F0A0F562AE96,REQ_4D0A0CC5CD9E,17,11870.0,v0.1
INS_F0A0F562AE96,REQ_8BEEA6475E71,18,330.0,v0.1
INS_F0A0F562AE96,REQ_13F423EC2B04,19,140.0,v0.1
INS_F0A0F562AE96,REQ_C96CC75FC21E,20,17700.0,v0.1
INS_F0A0F562AE96,REQ_2C15C1D7BA76,21,1280.0,v0.1
INS_F0A0F562AE96,REQ_23E45069F0F1,22,10740.0,v0.1
INS_F0A0F562AE96,REQ_F1167A9A29A0,23,17010.0,v0.1
INS_F0A0F562AE96,REQ_B26163AAE89F,24,20280.0,v0.1
INS_F0A0F562AE96,REQ_93B052BDBF57,25,2420.0,v0.1
INS_F0A0F562AE96,REQ_AB538E319952,26,1090.0,v0.1
INS_F0A0F562AE96,REQ_77E442C460A9,27,13440.0,v0.1
INS_F0A0F562AE96,REQ_1AC768DF9141,28,2630.0,v0.1
INS_F0A0F562AE96,REQ_C06908BAAEE3,29,270.0,v0.1
INS_F0A0F562AE96,REQ_255AD214CC0A,30,1500.0,v0.1
INS_F0A0F562AE96,REQ_A953EDCF02EB,31,200.0,v0.1
INS_F0A0F562AE96,REQ_003F670523F1,32,17550.0,v0.1
INS_F0A0F562AE96,REQ_20EB3C515A06,33,9030.0,v0.1
INS_F0A0F562AE96,REQ_C2DADEFD4D76,34,1080.0,v0.1
INS_F0A0F562AE96,REQ_6F0B5839A73F,35,6830.0,v0.1
INS_F0A0F562AE96,REQ_6A4B55C96D39,36,7350.0,v0.1
INS_F0A0F562AE96,REQ_D036D4D11B64,37,3490.0,v0.1
INS_CE2B0B02D326,REQ_6703CCB24411,0,1500.0,v0.1
INS_CE2B0B02D326,REQ_A99CCADFD062,1,21830.0,v0.1
INS_CE2B0B02D326,REQ_32502C5D3E7A,2,30000.0,v0.1
INS_CE2B0B02D326,REQ_272E63DDEAF8,3,2300.0,v0.1
INS_CE2B0B02D326,REQ_B6F4676C96D3,4,2530.0,v0.1
INS_CE2B0B02D326,REQ_C4C480D48AF9,5,420.0,v0.1
INS_CE2B0B02D326,REQ_A99D42DE0B52,6,9950.0,v0.1
INS_CE2B0B02D326,REQ_04B53CCBBCF6,7,1019.9999999999999,v0.1
INS_CE2B0B02D326,REQ_CDD0E5EA13C3,8,600.0,v0.1
INS_CE2B0B02D326,REQ_86BC52D1B816,9,1400.0,v0.1
INS_CE2B0B02D326,REQ_84F56CA5808B,10,30000.0,v0.1
INS_FD70DDB76941,REQ_5A1BDE7620FF,0,570.0,v0.1
INS_FD70DDB76941,REQ_97D0DB574D5D,1,8650.0,v0.1
INS_FD70DDB76941,REQ_7719E3246A8A,2,2840.0,v0.1
INS_FD70DDB76941,REQ_9D7CD754AD92,3,1590.0,v0.1
INS_FD70DDB76941,REQ_3533E933B33E,4,15800.0,v0.1
INS_FD70DDB76941,REQ_59466EF8A148,5,850.0,v0.1
INS_FD70DDB76941,REQ_5D90BD27C24A,6,870.0,v0.1
INS_FD70DDB76941,REQ_6809208C73FE,7,30000.0,v0.1
INS_FD70DDB76941,REQ_8691C039EAE8,8,11000.0,v0.1
INS_FD70DDB76941,REQ_F326FEA01005,9,30000.0,v0.1
INS_FD70DDB76941,REQ_E58DDB94A3D9,10,30000.0,v0.1
INS_FD70DDB76941,REQ_ED01C50447E5,11,30000.0,v0.1
INS_FD70DDB76941,REQ_81F482E0353B,12,1100.0,v0.1
INS_FD70DDB76941,REQ_B9ED6957183D,13,9280.0,v0.1
INS_FD70DDB76941,REQ_A229F61BBA14,14,10870.0,v0.1
INS_FD70DDB76941,REQ_DF46F9BEEAA0,15,810.0,v0.1
INS_FD70DDB76941,REQ_52E88E063CF5,16,12320.0,v0.1
INS_FD70DDB76941,REQ_937B991DFB7E,17,229.99999999999997,v0.1
INS_FD70DDB76941,REQ_6952360BA7BB,18,2650.0,v0.1
INS_FD70DDB76941,REQ_29DF565E61A4,19,300.0,v0.1
INS_FD70DDB76941,REQ_30E8418FC85D,20,30000.0,v0.1
INS_FD70DDB76941,REQ_AE6E19DA32AD,21,650.0,v0.1
INS_FD70DDB76941,REQ_104A008571E6,22,23370.0,v0.1
INS_FD70DDB76941,REQ_BEDD287E6FEC,23,500.0,v0.1
INS_6DEA71AD0256,REQ_F94A7C94B024,0,17590.0,v0.1
INS_6DEA71AD0256,REQ_9D7C4F57C9AB,1,30000.0,v0.1
INS_6DEA71AD0256,REQ_FF220CE71746,2,8750.0,v0.1
INS_6DEA71AD0256,REQ_DB29CB996B3A,3,250.0,v0.1
INS_6DEA71AD0256,REQ_1FA12320DDCF,4,660.0,v0.1
INS_6DEA71AD0256,REQ_65C274D77008,5,3490.0,v0.1
INS_6DEA71AD0256,REQ_62FFC639234E,6,610.0,v0.1
INS_6DEA71AD0256,REQ_F85EEBD4D4A5,7,23320.0,v0.1
INS_6DEA71AD0256,REQ_9B4311F431DC,8,7225.0,v0.1
INS_6DEA71AD0256,REQ_2D96322F2022,9,550.0,v0.1
INS_6DEA71AD0256,REQ_E7F2B4CD5183,10,2570.0,v0.1
INS_6DEA71AD0256,REQ_8252CFB4D087,11,16180.000000000002,v0.1
INS_6DEA71AD0256,REQ_767DB3903A78,12,340.0,v0.1
INS_F2556A2C079F,REQ_AC8037BA2F2E,0,30000.0,v0.1
INS_F2556A2C079F,REQ_E8EB5781B624,1,1300.0,v0.1
INS_F2556A2C079F,REQ_3C66F2F4AA93,2,900.0,v0.1
INS_F2556A2C079F,REQ_C4D22C0E3D71,3,30000.0,v0.1
INS_F2556A2C079F,REQ_A593D5E6E22D,4,1860.0000000000002,v0.1
INS_F2556A2C079F,REQ_A0FFD31F9BAB,5,1270.0,v0.1
INS_F2556A2C079F,REQ_45DE1C0EE05C,6,7070.0,v0.1
INS_F2556A2C079F,REQ_1B37AAC1740A,7,8170.0,v0.1
INS_F2556A2C079F,REQ_90A98E26BAEC,8,5700.0,v0.1
INS_F2556A2C079F,REQ_7C50742321D7,9,5000.0,v0.1
INS_55499C1EC9DD,REQ_E7B273BCB416,0,8910.0,v0.1
INS_55499C1EC9DD,REQ_F81A3AAB3FD6,1,4250.0,v0.1
INS_55499C1EC9DD,REQ_50733329A206,2,80.0,v0.1
INS_55499C1EC9DD,REQ_3555EBC2F42F,3,5070.0,v0.1
INS_55499C1EC9DD,REQ_6C0F61923B4C,4,3050.0,v0.1
INS_55499C1EC9DD,REQ_BA81F829AD36,5,900.0,v0.1
INS_55499C1EC9DD,REQ_4380B5844A57,6,7910.0,v0.1
INS_55499C1EC9DD,REQ_77FDE5D56124,7,350.0,v0.1
INS_55499C1EC9DD,REQ_28925CA36937,8,30000.0,v0.1
INS_55499C1EC9DD,REQ_9FA510135DFB,9,3540.0,v0.1
INS_55499C1EC9DD,REQ_12037115D1CC,10,13700.0,v0.1
INS_55499C1EC9DD,REQ_4060C6E94141,11,1350.0,v0.1
INS_55499C1EC9DD,REQ_5C115D03C5C4,12,30000.0,v0.1
INS_55499C1EC9DD,REQ_C6BA8B2043D6,13,30000.0,v0.1
INS_655112C799B0,REQ_0D270EF9C7DF,0,790.0,v0.1
INS_655112C799B0,REQ_0796184F908B,1,390.0,v0.1
INS_655112C799B0,REQ_080ABA34F028,2,400.0,v0.1
INS_655112C799B0,REQ_E26CFE416D95,3,30000.0,v0.1
INS_655112C799B0,REQ_3BEED42C5921,4,15790.0,v0.1
INS_655112C799B0,REQ_FB4829D7125E,5,30000.0,v0.1
INS_655112C799B0,REQ_3D04A178B8F2,6,1410.0,v0.1
INS_655112C799B0,REQ_9B792ED83DB4,7,2160.0,v0.1
INS_DD5814107C05,REQ_56A371C38C26,0,500.0,v0.1
INS_DD5814107C05,REQ_6A1A73E87269,1,700.0,v0.1
INS_DD5814107C05,REQ_F8EDAD6D486E,2,400.0,v0.1
INS_DD5814107C05,REQ_37947C542681,3,1380.0,v0.1
INS_DD5814107C05,REQ_AFD5B16837F9,4,1000.0,v0.1
INS_DD5814107C05,REQ_E56AA0D629FE,5,1750.0,v0.1
INS_DD5814107C05,REQ_B43CF910552C,6,10780.0,v0.1
INS_DD5814107C05,REQ_E26CFE416D95,7,30000.0,v0.1
INS_B44E60CAB17A,REQ_D5DF5D1DCC0C,0,4930.0,v0.1
INS_B44E60CAB17A,REQ_EA8AFC9BE58D,1,9780.0,v0.1
INS_B44E60CAB17A,REQ_2100E88BF521,2,320.0,v0.1
INS_B44E60CAB17A,REQ_E1DD566B47A2,3,100.0,v0.1
INS_B44E60CAB17A,REQ_249808A94F18,4,3280.0,v0.1
INS_B44E60CAB17A,REQ_02767C4AE7A0,5,1150.0,v0.1
INS_B44E60CAB17A,REQ_E44FFA769B52,6,1330.0,v0.1
INS_B44E60CAB17A,REQ_0227961B11A5,7,30000.0,v0.1
INS_B44E60CAB17A,REQ_6217CB90D17D,8,1250.0,v0.1
INS_B44E60CAB17A,REQ_B9BD8EDE147F,9,15740.0,v0.1
INS_B44E60CAB17A,REQ_C09D72B16F08,10,280.0,v0.1
INS_B44E60CAB17A,REQ_1CA414B99154,11,1850.0,v0.1
INS_B44E60CAB17A,REQ_420B755B0175,12,650.0,v0.1
INS_B44E60CAB17A,REQ_82E13BD0529C,13,10200.0,v0.1
INS_B44E60CAB17A,REQ_B70F9A01B646,14,2940.0,v0.1
INS_B44E60CAB17A,REQ_F5652345EBD9,15,2039.9999999999998,v0.1
INS_B44E60CAB17A,REQ_75A6AE125B25,16,26710.0,v0.1
INS_B44E60CAB17A,REQ_BA8840EFA9DE,17,1320.0,v0.1
INS_B44E60CAB17A,REQ_D5BB488EFDAB,18,600.0,v0.1
INS_B44E60CAB17A,REQ_80FEEC43B5BE,19,240.0,v0.1
INS_B44E60CAB17A,REQ_B0001D1E119B,20,900.0,v0.1
INS_B44E60CAB17A,REQ_18B82956826B,21,6800.0,v0.1
INS_B44E60CAB17A,REQ_5FACF4D2989E,22,1590.0,v0.1
INS_B44E60CAB17A,REQ_19FFC37D84B2,23,940.0,v0.1
INS_B44E60CAB17A,REQ_0F5FABFC1B95,24,1810.0000000000002,v0.1
INS_B44E60CAB17A,REQ_72C5BBD1D9BC,25,1150.0,v0.1
INS_DB2C5E159882,REQ_E75956822319,0,30000.0,v0.1
INS_DB2C5E159882,REQ_252A7F5E682F,1,450.0,v0.1
INS_DB2C5E159882,REQ_8DF44DEB8ADD,2,10890.0,v0.1
INS_DB2C5E159882,REQ_E8654769B9E7,3,1050.0,v0.1
INS_DB2C5E159882,REQ_FD3F483F433C,4,690.0,v0.1
INS_DB2C5E159882,REQ_5BCEB6577C9D,5,2560.0,v0.1
INS_DB2C5E159882,REQ_7C1258031151,6,30000.0,v0.1
INS_DB2C5E159882,REQ_663B7B5AAD54,7,6850.0,v0.1
INS_DB2C5E159882,REQ_0628212F0BF2,8,1500.0,v0.1
INS_DB2C5E159882,REQ_6AE422F7C09B,9,420.0,v0.1
INS_DB2C5E159882,REQ_ED994822FCD4,10,700.0,v0.1
INS_DB2C5E159882,REQ_A568DF83DC5F,11,7810.0,v0.1
INS_DB2C5E159882,REQ_9C6869E57FFF,12,440.0,v0.1
INS_DB2C5E159882,REQ_E0B974F66BC3,13,3400.0,v0.1
INS_DB2C5E159882,REQ_5A5B505DA246,14,6780.0,v0.1
INS_DB2C5E159882,REQ_BA76AA02AF56,15,30000.0,v0.1
INS_DB2C5E159882,REQ_9E466BDB29AA,16,13770.0,v0.1
INS_DB2C5E159882,REQ_0FCA6D4EB078,17,30000.0,v0.1
INS_DB2C5E159882,REQ_CE029EC3F9D3,18,8900.0,v0.1
INS_61986C5C09D2,REQ_F6025E12B8FD,0,750.0,v0.1
INS_61986C5C09D2,REQ_D1078C07F0FD,1,8510.0,v0.1
INS_61986C5C09D2,REQ_777C0BFFD4CB,2,26500.0,v0.1
INS_61986C5C09D2,REQ_88078A9079D9,3,1200.0,v0.1
INS_61986C5C09D2,REQ_F6F2F12981B5,4,2460.0,v0.1
INS_61986C5C09D2,REQ_62E99C8F8B8A,5,470.0,v0.1
INS_61986C5C09D2,REQ_59845693366C,6,19790.0,v0.1
INS_61986C5C09D2,REQ_63E738F50E16,7,17530.0,v0.1
INS_61986C5C09D2,REQ_D02E5C5EB2FC,8,9300.0,v0.1
INS_61986C5C09D2,REQ_147BDEBEB3E6,9,19830.0,v0.1
INS_61986C5C09D2,REQ_FC3EFB58CA9F,10,210.0,v0.1
INS_61986C5C09D2,REQ_B67A5A40DE6A,11,15670.0,v0.1
INS_61986C5C09D2,REQ_56D3033D6650,12,200.0,v0.1
INS_61986C5C09D2,REQ_F1D8D9097F85,13,13590.0,v0.1
INS_61986C5C09D2,REQ_289EF150977C,14,15460.0,v0.1
INS_61986C5C09D2,REQ_63EDFDB54457,15,200.0,v0.1
INS_61986C5C09D2,REQ_42F1E80FFEC7,16,310.0,v0.1
INS_61986C5C09D2,REQ_34D846BC68A5,17,2860.0,v0.1
INS_61986C5C09D2,REQ_19B2C56BD86C,18,1870.0,v0.1
INS_61986C5C09D2,REQ_86F18819F99B,19,30000.0,v0.1
INS_61986C5C09D2,REQ_A34A8CEDC219,20,290.0,v0.1
INS_61986C5C09D2,REQ_A1EAB94E2F83,21,20260.0,v0.1
INS_61986C5C09D2,REQ_A3FF08AC9A13,22,2770.0,v0.1
INS_61986C5C09D2,REQ_C91BFB8225EF,23,30000.0,v0.1
INS_61986C5C09D2,REQ_A0EEF3E41701,24,3230.0,v0.1
INS_61986C5C09D2,REQ_DEFC60F5D1C4,25,1800.0,v0.1
INS_61986C5C09D2,REQ_E4C791B60B1B,26,30100.0,v0.1
INS_6BBFEE648A38,REQ_9151580AA58F,0,28610.0,v0.1
INS_6BBFEE648A38,REQ_9DC4499F7272,1,20050.0,v0.1
INS_6BBFEE648A38,REQ_8D487FB40E97,2,1840.0,v0.1
INS_6BBFEE648A38,REQ_4F47A4AAA866,3,12410.0,v0.1
INS_6BBFEE648A38,REQ_B02EDFCC2031,4,30000.0,v0.1
INS_6BBFEE648A38,REQ_1D93A43B3F22,5,380.0,v0.1
INS_6BBFEE648A38,REQ_C27F36578A9B,6,30000.0,v0.1
INS_6BBFEE648A38,REQ_32EE723E5550,7,2350.0,v0.1
INS_6BBFEE648A38,REQ_E655BE748010,8,670.0,v0.1
INS_6BBFEE648A38,REQ_EEC0ADAF1214,9,16400.0,v0.1
INS_6BBFEE648A38,REQ_924DE1286318,10,1160.0,v0.1
INS_6BBFEE648A38,REQ_1F3CA36C308E,11,1520.0,v0.1
INS_6BBFEE648A38,REQ_D3B5ADB61ED6,12,30000.0,v0.1
INS_6BBFEE648A38,REQ_677152C95D2B,13,1000.0,v0.1
INS_B25C3A9A69EB,REQ_EB351B3B4177,0,2460.0,v0.1
INS_B25C3A9A69EB,REQ_55917DA2A050,1,30000.0,v0.1
INS_B25C3A9A69EB,REQ_44B84EBFAD83,2,30000.0,v0.1
INS_B25C3A9A69EB,REQ_D3A41658A10F,3,5040.0,v0.1
INS_B25C3A9A69EB,REQ_D9560C35A024,4,2380.0,v0.1
INS_B25C3A9A69EB,REQ_4987927250E6,5,2240.0,v0.1
INS_B25C3A9A69EB,REQ_0682A92D0ACE,6,8300.0,v0.1
INS_B25C3A9A69EB,REQ_759A71A35EBC,7,5780.0,v0.1
INS_B25C3A9A69EB,REQ_3C2C5F1A2265,8,950.0,v0.1
INS_B25C3A9A69EB,REQ_1C17D6358C20,9,229.99999999999997,v0.1
INS_BF518C2DC639,REQ_C7AE263E845F,0,26350.0,v0.1
INS_BF518C2DC639,REQ_0BF7A3446D4C,1,30000.0,v0.1
INS_BF518C2DC639,REQ_072D5D427A73,2,16440.0,v0.1
INS_BF518C2DC639,REQ_62DA61D5395B,3,1850.0,v0.1
INS_BF518C2DC639,REQ_E86956A2B884,4,30000.0,v0.1
INS_BF518C2DC639,REQ_80EAB69FD5ED,5,1360.0,v0.1
INS_BF518C2DC639,REQ_CE6688EAAF11,6,30000.0,v0.1
INS_BF518C2DC639,REQ_AA1BA9DB59A1,7,800.0,v0.1
INS_169741059003,REQ_2F695DF874B8,0,1730.0,v0.1
INS_169741059003,REQ_A46353DFF6DD,1,9300.0,v0.1
INS_169741059003,REQ_BC53DA041C8F,2,30000.0,v0.1
INS_169741059003,REQ_80FED73E4805,3,1450.0,v0.1
INS_169741059003,REQ_9A083A1D80B2,4,30000.0,v0.1
INS_169741059003,REQ_29D92C0C4B45,5,30000.0,v0.1
INS_169741059003,REQ_4971558714ED,6,9840.0,v0.1
INS_169741059003,REQ_5880BFD84C99,7,470.0,v0.1
INS_E7976BBC4C7D,REQ_9A78E2AAEB64,0,7530.0,v0.1
INS_E7976BBC4C7D,REQ_27FC207529CA,1,23140.0,v0.1
INS_E7976BBC4C7D,REQ_206EA3FABFA2,2,11600.0,v0.1
INS_E7976BBC4C7D,REQ_DA632DFC38D5,3,5400.0,v0.1
INS_E7976BBC4C7D,REQ_519B37D8AAA1,4,5030.0,v0.1
INS_E7976BBC4C7D,REQ_1EBE67EDDEFE,5,390.0,v0.1
INS_E7976BBC4C7D,REQ_4F1BE0394EA1,6,760.0,v0.1
INS_E7976BBC4C7D,REQ_13ECD68ACBA5,7,550.0,v0.1
INS_E7976BBC4C7D,REQ_298E01E7E034,8,8260.0,v0.1
INS_E7976BBC4C7D,REQ_7129D8CF936B,9,1310.0,v0.1
INS_E7976BBC4C7D,REQ_952D8B99870A,10,30000.0,v0.1
INS_E7976BBC4C7D,REQ_B8124B2C971B,11,200.0,v0.1
INS_E7976BBC4C7D,REQ_3017DAF66A13,12,30000.0,v0.1
INS_E7976BBC4C7D,REQ_D964563C8282,13,30000.0,v0.1
INS_E7976BBC4C7D,REQ_AEC1D6EBA813,14,710.0,v0.1
INS_E7976BBC4C7D,REQ_4371F407B87B,15,25150.0,v0.1
INS_E7976BBC4C7D,REQ_5B87CFE753B5,16,30000.0,v0.1
INS_E7976BBC4C7D,REQ_E185008F332F,17,16160.0,v0.1
INS_E7976BBC4C7D,REQ_607E7C590B6A,18,3700.0,v0.1
INS_E7976BBC4C7D,REQ_E365E0D2353A,19,2150.0,v0.1
INS_E7976BBC4C7D,REQ_4ACED8586FC2,20,600.0,v0.1
INS_E7976BBC4C7D,REQ_6DBDB48BFC75,21,4840.0,v0.1
INS_E7976BBC4C7D,REQ_384A09579A17,22,15270.0,v0.1
INS_E7976BBC4C7D,REQ_F5EBEDBA165F,23,850.0,v0.1
INS_E7976BBC4C7D,REQ_C4F52D7F1DB2,24,15050.0,v0.1
INS_E7976BBC4C7D,REQ_5A20B74F1CC6,25,11980.0,v0.1
INS_E7976BBC4C7D,REQ_DA6F60815A2E,26,25080.0,v0.1
INS_4EAA82D4FCA9,REQ_295B6234452C,0,2320.0,v0.1
INS_4EAA82D4FCA9,REQ_312D9147ACF9,1,23610.0,v0.1
INS_4EAA82D4FCA9,REQ_8B84AF7EB454,2,7930.0,v0.1
INS_4EAA82D4FCA9,REQ_188D2AF0A01F,3,1020.0,v0.1
INS_4EAA82D4FCA9,REQ_23F642F69C67,4,620.0,v0.1
INS_4EAA82D4FCA9,REQ_E6CDD70C3C74,5,4100.0,v0.1
INS_4EAA82D4FCA9,REQ_B25E86C88798,6,22130.0,v0.1
INS_4EAA82D4FCA9,REQ_C45C34A2FB42,7,990.0,v0.1
INS_4EAA82D4FCA9,REQ_99F95D69B485,8,17540.0,v0.1
INS_4EAA82D4FCA9,REQ_814FA47406B3,9,170.0,v0.1
INS_4EAA82D4FCA9,REQ_A2E224C74191,10,600.0,v0.1
INS_4EAA82D4FCA9,REQ_F58789EA37E0,11,290.0,v0.1
INS_4EAA82D4FCA9,REQ_2ABB435BFE8B,12,15450.0,v0.1
INS_4EAA82D4FCA9,REQ_8779DF64E5AB,13,24280.0,v0.1
INS_4EAA82D4FCA9,REQ_755C60B7D5FC,14,1530.0,v0.1
INS_4EAA82D4FCA9,REQ_CE2433172094,15,700.0,v0.1
INS_4EAA82D4FCA9,REQ_3E8C0EBCF2C7,16,380.0,v0.1
INS_4EAA82D4FCA9,REQ_8B9E5B681404,17,860.0,v0.1
INS_4EAA82D4FCA9,REQ_5EDBE2CFEAA8,18,18620.0,v0.1
INS_99BB105FA135,REQ_708B5A5D5C22,0,1210.0,v0.1
INS_99BB105FA135,REQ_F75EA1AFCA7F,1,670.0,v0.1
INS_99BB105FA135,REQ_8E3D4F0D5363,2,10830.0,v0.1
INS_99BB105FA135,REQ_FC63F3F737E6,3,28940.0,v0.1
INS_99BB105FA135,REQ_F702367571A0,4,1320.0,v0.1
INS_99BB105FA135,REQ_1844B18D00E1,5,1660.0000000000002,v0.1
INS_99BB105FA135,REQ_AB876C096C9E,6,990.0,v0.1
INS_99BB105FA135,REQ_10EFEE50264D,7,30000.0,v0.1
INS_99BB105FA135,REQ_312D9C63D0E0,8,1060.0,v0.1
INS_99BB105FA135,REQ_196F5F428592,9,5320.0,v0.1
INS_99BB105FA135,REQ_D9A0734D29A8,10,9630.0,v0.1
INS_99BB105FA135,REQ_8CF8D3DC5D4F,11,25210.0,v0.1
INS_99BB105FA135,REQ_43D17450228A,12,1330.0,v0.1
INS_99BB105FA135,REQ_9D3C60E292AA,13,9660.0,v0.1
INS_99BB105FA135,REQ_1E6409D092FB,14,320.0,v0.1
INS_99BB105FA135,REQ_EC47B420D09D,15,28680.0,v0.1
INS_99BB105FA135,REQ_93EB95D3BF37,16,19010.0,v0.1
INS_99BB105FA135,REQ_619FAFCDA569,17,16960.0,v0.1
INS_99BB105FA135,REQ_E45E2EC4F8BD,18,610.0,v0.1
INS_99BB105FA135,REQ_4FF9A82F1E2D,19,409.99999999999994,v0.1
INS_99BB105FA135,REQ_016F191EF3EB,20,23950.0,v0.1
INS_99BB105FA135,REQ_65B56FF360B6,21,450.0,v0.1
INS_99BB105FA135,REQ_95EF0D729B51,22,7250.0,v0.1
INS_99BB105FA135,REQ_B8B23206C8F3,23,29770.0,v0.1
INS_99BB105FA135,REQ_A0706A148C46,24,200.0,v0.1
INS_99BB105FA135,REQ_89CBBC47B3AF,25,30000.0,v0.1
INS_99BB105FA135,REQ_8C00875DD0ED,26,1330.0,v0.1
INS_99BB105FA135,REQ_0E81BD04C6DC,27,19240.0,v0.1
INS_99BB105FA135,REQ_33C2C612A12F,28,4300.0,v0.1
INS_99BB105FA135,REQ_2045C8304F6C,29,30000.0,v0.1
INS_99BB105FA135,REQ_1536A79B1A40,30,17760.0,v0.1
INS_99BB105FA135,REQ_71EA7B67D8C7,31,30000.0,v0.1
INS_99BB105FA135,REQ_DDD9A6A40A7D,32,160.0,v0.1
INS_99BB105FA135,REQ_3FE4A0EB50B7,33,29150.0,v0.1
INS_99BB105FA135,REQ_7514CE6F48A3,34,350.0,v0.1
INS_99BB105FA135,REQ_5E63F88EB100,35,30000.0,v0.1
INS_99BB105FA135,REQ_8B27D90F9EE4,36,20860.0,v0.1
INS_99BB105FA135,REQ_150A42335EAC,37,14640.0,v0.1
INS_99BB105FA135,REQ_17532EA14446,38,600.0,v0.1
INS_99BB105FA135,REQ_34D1B6BB372C,39,30000.0,v0.1
INS_A367C21F0DB9,REQ_234543FA1E42,0,30000.0,v0.1
INS_A367C21F0DB9,REQ_5CC317F825DF,1,160.0,v0.1
INS_A367C21F0DB9,REQ_05C32001BF65,2,1650.0,v0.1
INS_A367C21F0DB9,REQ_BC1D9BB0837B,3,13810.0,v0.1
INS_A367C21F0DB9,REQ_B38472A7834E,4,800.0,v0.1
INS_A367C21F0DB9,REQ_E2F676E68020,5,100.0,v0.1
INS_A367C21F0DB9,REQ_83BABB6368D7,6,1980.0,v0.1
INS_A367C21F0DB9,REQ_1B8CB35CC950,7,480.0,v0.1
INS_A367C21F0DB9,REQ_A4A642D0DDC6,8,30000.0,v0.1
INS_A367C21F0DB9,REQ_C65CF1065882,9,950.0,v0.1
INS_9CF7F028C84B,REQ_7AE2E52D35C3,0,30000.0,v0.1
INS_9CF7F028C84B,REQ_83825C7424CF,1,3710.0,v0.1
INS_9CF7F028C84B,REQ_1487963FD7A9,2,420.0,v0.1
INS_9CF7F028C84B,REQ_AC842A9D7EF0,3,330.0,v0.1
INS_9CF7F028C84B,REQ_938E284B3F28,4,7080.0,v0.1
INS_9CF7F028C84B,REQ_3E0227D036D8,5,400.0,v0.1
INS_9CF7F028C84B,REQ_88758FC70F87,6,30000.0,v0.1
INS_9CF7F028C84B,REQ_E48D23C690F3,7,960.0,v0.1
INS_9CF7F028C84B,REQ_5FA334A7023A,8,1330.0,v0.1
INS_9CF7F028C84B,REQ_57682FB49F9C,9,500.0,v0.1
INS_9CF7F028C84B,REQ_F76771719420,10,819.9999999999999,v0.1
INS_9CF7F028C84B,REQ_64803EAF582C,11,560.0,v0.1
INS_0244355F93C7,REQ_6101AA18AD1F,0,9110.0,v0.1
INS_0244355F93C7,REQ_0005C9B93954,1,6950.0,v0.1
INS_0244355F93C7,REQ_AF30547A0563,2,7330.0,v0.1
INS_0244355F93C7,REQ_EFA0B37D7B2A,3,30000.0,v0.1
INS_0244355F93C7,REQ_D67AA08BF3A1,4,2020.0,v0.1
INS_0244355F93C7,REQ_080533B6E9C7,5,2670.0,v0.1
INS_0244355F93C7,REQ_323DC6B9DDA6,6,1570.0,v0.1
INS_0244355F93C7,REQ_413974CD0724,7,1160.0,v0.1
INS_0244355F93C7,REQ_816A53AA86CF,8,12969.999999999998,v0.1
INS_0244355F93C7,REQ_3BE08DF5243A,9,750.0,v0.1
INS_0244355F93C7,REQ_C1A831D980CD,10,11800.0,v0.1
INS_0244355F93C7,REQ_5478B2F46745,11,30000.0,v0.1
INS_0244355F93C7,REQ_080A2A675CBA,12,9700.0,v0.1
INS_0244355F93C7,REQ_80D2BAE0EC76,13,800.0,v0.1
INS_0244355F93C7,REQ_4B3E3622ECE1,14,10340.0,v0.1
INS_0244355F93C7,REQ_3E35C41FA408,15,1280.0,v0.1
INS_ADD3B30E3232,REQ_C93E07542EDD,0,30000.0,v0.1
INS_ADD3B30E3232,REQ_060BD7FAA3C8,1,15569.999999999998,v0.1
INS_ADD3B30E3232,REQ_73382BB866EA,2,15030.0,v0.1
INS_ADD3B30E3232,REQ_4B91B62B3F6F,3,24480.0,v0.1
INS_ADD3B30E3232,REQ_5266D6F09B96,4,12370.0,v0.1
INS_ADD3B30E3232,REQ_95705959FB4C,5,660.0,v0.1
INS_ADD3B30E3232,REQ_4A2560DF8B79,6,520.0,v0.1
INS_ADD3B30E3232,REQ_BBE144F49F9C,7,1350.0,v0.1
INS_ADD3B30E3232,REQ_25C23BF806CF,8,30000.0,v0.1
INS_ADD3B30E3232,REQ_7D1F31C596EF,9,28070.0,v0.1
INS_ADD3B30E3232,REQ_69E1DD087C85,10,30000.0,v0.1
INS_ADD3B30E3232,REQ_3D12E63FF5EC,11,2240.0,v0.1
INS_ADD3B30E3232,REQ_391CEDE38838,12,1400.0,v0.1
INS_606751D3E4EE,REQ_BD578A953F1E,0,23410.0,v0.1
INS_606751D3E4EE,REQ_9B62619A3F6A,1,810.0,v0.1
INS_606751D3E4EE,REQ_D4725A0C298B,2,30000.0,v0.1
INS_606751D3E4EE,REQ_2C9E7B9F2AAB,3,17660.0,v0.1
INS_606751D3E4EE,REQ_56A7135352C1,4,30000.0,v0.1
INS_606751D3E4EE,REQ_6F4E27F639CC,5,850.0,v0.1
INS_606751D3E4EE,REQ_2775B34FA673,6,30000.0,v0.1
INS_606751D3E4EE,REQ_F951C5741B0F,7,3700.0,v0.1
INS_606751D3E4EE,REQ_0D9B19A76240,8,4240.0,v0.1
INS_606751D3E4EE,REQ_DC48882C2D74,9,30000.0,v0.1
INS_606751D3E4EE,REQ_900889251D8D,10,30700.0,v0.1
INS_606751D3E4EE,REQ_AE84326832B3,11,2600.0,v0.1
INS_606751D3E4EE,REQ_92A2CE39931D,12,450.0,v0.1
INS_606751D3E4EE,REQ_672872653816,13,1460.0,v0.1
INS_606751D3E4EE,REQ_9FA72F909B2F,14,5290.0,v0.1
INS_606751D3E4EE,REQ_9328E727F87E,15,13130.0,v0.1
INS_606751D3E4EE,REQ_D8E4BE8FCEE2,16,13630.0,v0.1
INS_606751D3E4EE,REQ_DD4570C67EB4,17,30000.0,v0.1
INS_606751D3E4EE,REQ_E1D2884790D8,18,2870.0,v0.1
INS_606751D3E4EE,REQ_A80D23D686F0,19,2450.0,v0.1
INS_606751D3E4EE,REQ_28295AD4C9CE,20,3300.0,v0.1
INS_606751D3E4EE,REQ_54F4B31DC0CE,21,4940.0,v0.1
INS_606751D3E4EE,REQ_D5D48A8BAD84,22,25640.0,v0.1
INS_606751D3E4EE,REQ_208D910F050E,23,240.0,v0.1
INS_606751D3E4EE,REQ_1BB317A15F19,24,30000.0,v0.1
INS_606751D3E4EE,REQ_E777C23A282B,25,23540.0,v0.1
INS_606751D3E4EE,REQ_2D5A738F6D38,26,30000.0,v0.1
INS_606751D3E4EE,REQ_591999E48160,27,1540.0,v0.1
INS_606751D3E4EE,REQ_FC70BE40DEFB,28,22760.0,v0.1
INS_606751D3E4EE,REQ_84DCB863BDE5,29,550.0,v0.1
INS_606751D3E4EE,REQ_B34B59163E48,30,9140.0,v0.1
INS_606751D3E4EE,REQ_49C7562F0AA2,31,780.0,v0.1
INS_606751D3E4EE,REQ_EC9D192840FA,32,7470.0,v0.1
INS_606751D3E4EE,REQ_DE0A385C1DF6,33,30000.0,v0.1
INS_606751D3E4EE,REQ_CB95184B0E79,34,3290.0,v0.1
INS_606751D3E4EE,REQ_5B3C200EEC95,35,19010.0,v0.1
INS_606751D3E4EE,REQ_4F24421B2107,36,6040.0,v0.1
INS_606751D3E4EE,REQ_0FA6DB672F79,37,390.0,v0.1
INS_606751D3E4EE,REQ_606B2F2168E7,38,7500.0,v0.1
INS_606751D3E4EE,REQ_00D46A83B0BB,39,650.0,v0.1
INS_606751D3E4EE,REQ_21C0B47291EB,40,5370.0,v0.1
INS_606751D3E4EE,REQ_AE2333F644E5,41,30000.0,v0.1
INS_606751D3E4EE,REQ_1EB93EA4E4E6,42,30000.0,v0.1
INS_606751D3E4EE,REQ_98E839C8C9FF,43,6940.0,v0.1
INS_606751D3E4EE,REQ_36D7A4399338,44,10960.0,v0.1
INS_606751D3E4EE,REQ_CC82FBBEBC1E,45,9240.0,v0.1
INS_3043BACDC3D9,REQ_957CCCCB0D6A,0,30000.0,v0.1
INS_3043BACDC3D9,REQ_46E66B65360D,1,6260.0,v0.1
INS_3043BACDC3D9,REQ_B6DFDCB288A8,2,7090.0,v0.1
INS_3043BACDC3D9,REQ_0EB3D16341F0,3,1140.0,v0.1
INS_3043BACDC3D9,REQ_BF1D054EAD1D,4,8060.0,v0.1
INS_3043BACDC3D9,REQ_751EFC17141E,5,27240.0,v0.1
INS_3043BACDC3D9,REQ_EBDA5DBCEDDA,6,30000.0,v0.1
INS_3043BACDC3D9,REQ_03DA5B9ACA03,7,6550.0,v0.1
INS_3043BACDC3D9,REQ_998E722FB33E,8,30000.0,v0.1
INS_8D8A95C6DD82,REQ_8D92F7691A9B,0,1820.0,v0.1
INS_8D8A95C6DD82,REQ_051CE8E3986E,1,30000.0,v0.1
INS_8D8A95C6DD82,REQ_AC7516980CDC,2,1120.0,v0.1
INS_8D8A95C6DD82,REQ_E3F32541CAB8,3,580.0,v0.1
INS_8D8A95C6DD82,REQ_BEA66E316F02,4,6060.0,v0.1
INS_8D8A95C6DD82,REQ_741CC85809BC,5,24590.0,v0.1
INS_8D8A95C6DD82,REQ_AE89430573AC,6,30000.0,v0.1
INS_8D8A95C6DD82,REQ_0BFB79A89C42,7,830.0,v0.1
INS_8D8A95C6DD82,REQ_DDD7B56A6E40,8,740.0,v0.1
INS_8D8A95C6DD82,REQ_CDBF7DF2F89E,9,820.0,v0.1
INS_8D8A95C6DD82,REQ_F13690C7B3B6,10,30000.0,v0.1
INS_8D8A95C6DD82,REQ_79539DCCD0BC,11,19140.0,v0.1
INS_3B93FDDCF65B,REQ_E420D913E16D,0,30000.0,v0.1
INS_3B93FDDCF65B,REQ_00CF4AC5B243,1,16059.999999999998,v0.1
INS_3B93FDDCF65B,REQ_8A9668781AA1,2,6450.0,v0.1
INS_3B93FDDCF65B,REQ_4A23242941AD,3,1050.0,v0.1
INS_3B93FDDCF65B,REQ_F77F56A3553A,4,960.0,v0.1
INS_3B93FDDCF65B,REQ_8375EEC9D338,5,30000.0,v0.1
INS_3B93FDDCF65B,REQ_B987BD564CE2,6,4920.0,v0.1
INS_3B93FDDCF65B,REQ_A6E56314B16D,7,25730.0,v0.1
INS_3B93FDDCF65B,REQ_2529C292A31D,8,30000.0,v0.1
INS_3B93FDDCF65B,REQ_9AE4BA7FB8C4,9,18850.0,v0.1
INS_3B93FDDCF65B,REQ_72718D156290,10,160.0,v0.1
INS_3B93FDDCF65B,REQ_B28C9C438DBA,11,21460.0,v0.1
INS_3B93FDDCF65B,REQ_15A905EC90C4,12,21350.0,v0.1
INS_3B93FDDCF65B,REQ_43949A6DCBFE,13,30000.0,v0.1
INS_3B93FDDCF65B,REQ_CB005E277BB5,14,10460.0,v0.1
INS_3B93FDDCF65B,REQ_62D161A096B6,15,8220.0,v0.1
INS_3B93FDDCF65B,REQ_C298899600A4,16,11490.0,v0.1
INS_3B93FDDCF65B,REQ_258A7FA708A5,17,580.0,v0.1
INS_3B93FDDCF65B,REQ_F1BCE2171353,18,30000.0,v0.1
INS_3B93FDDCF65B,REQ_BA5680351D93,19,140.0,v0.1
INS_3B93FDDCF65B,REQ_5B4E59234BC1,20,280.0,v0.1
INS_3B93FDDCF65B,REQ_361625296175,21,760.0,v0.1
INS_3B93FDDCF65B,REQ_2D5C6A5F2813,22,1130.0,v0.1
INS_3B93FDDCF65B,REQ_2F7599126195,23,1100.0,v0.1
INS_3B93FDDCF65B,REQ_5EB88076CE0B,24,3250.0,v0.1
INS_3B93FDDCF65B,REQ_918976706E73,25,30000.0,v0.1
INS_3B93FDDCF65B,REQ_96CAFFF38343,26,30000.0,v0.1
INS_01E613FEE88A,REQ_B8179C27E32A,0,560.0,v0.1
INS_01E613FEE88A,REQ_18E0E6FAF872,1,30000.0,v0.1
INS_01E613FEE88A,REQ_B6F4676C96D3,2,2530.0,v0.1
INS_01E613FEE88A,REQ_F697D58032D0,3,590.0,v0.1
INS_01E613FEE88A,REQ_E43E6A377B78,4,630.0,v0.1
INS_01E613FEE88A,REQ_68481FAA3D8C,5,1300.0,v0.1
INS_01E613FEE88A,REQ_A99D42DE0B52,6,9950.0,v0.1
INS_01E613FEE88A,REQ_86BC52D1B816,7,1400.0,v0.1
INS_01E613FEE88A,REQ_FB9AEA5A4585,8,2470.0,v0.1
INS_01E613FEE88A,REQ_9182E7EC4288,9,960.0,v0.1
INS_01E613FEE88A,REQ_863F90FB7593,10,30000.0,v0.1
INS_01E613FEE88A,REQ_695B3F517AF6,11,30000.0,v0.1
INS_01E613FEE88A,REQ_5F0D87CA5156,12,1000.0,v0.1
INS_01E613FEE88A,REQ_CE20449B73AF,13,600.0,v0.1
INS_01E613FEE88A,REQ_C7942B53A047,14,30000.0,v0.1
INS_01E613FEE88A,REQ_F99CF2E22229,15,2080.0,v0.1
INS_01E613FEE88A,REQ_7C8E20EA3B61,16,30000.0,v0.1
INS_01E613FEE88A,REQ_4A87B29F8C57,17,620.0,v0.1
INS_01E613FEE88A,REQ_EC110C66DB78,18,9675.0,v0.1
INS_01E613FEE88A,REQ_499C8A0D6E1B,19,30000.0,v0.1
INS_01E613FEE88A,REQ_45826EA5985F,20,2000.0,v0.1
INS_01E613FEE88A,REQ_A8B5F20C461A,21,350.0,v0.1
INS_01E613FEE88A,REQ_7FEC67C0E5C9,22,1920.0,v0.1
INS_01E613FEE88A,REQ_22218F9B90F5,23,30000.0,v0.1
INS_01E613FEE88A,REQ_234088716DE5,24,2050.0,v0.1
INS_01E613FEE88A,REQ_9C0B31B1FCAA,25,3650.0,v0.1
INS_01E613FEE88A,REQ_5D101552B8B2,26,250.0,v0.1
INS_01E613FEE88A,REQ_6655D27DDB16,27,250.0,v0.1
INS_01E613FEE88A,REQ_EB6DC41CE86D,28,880.0000000000001,v0.1
INS_01E613FEE88A,REQ_5567A18342A2,29,1710.0000000000002,v0.1
INS_01E613FEE88A,REQ_EFCC5E33D5AF,30,1350.0,v0.1
INS_01E613FEE88A,REQ_1DD69C79F5E0,31,770.0,v0.1
INS_01E613FEE88A,REQ_B75ACA3576AA,32,1040.0,v0.1
INS_01E613FEE88A,REQ_C4C480D48AF9,33,420.0,v0.1
INS_01E613FEE88A,REQ_C4E6FD13EBA6,34,12950.0,v0.1
INS_01E613FEE88A,REQ_B7A8372543EE,35,500.0,v0.1
INS_01E613FEE88A,REQ_471900A51675,36,2890.0,v0.1
INS_01E613FEE88A,REQ_B45D205221CC,37,16190.000000000002,v0.1
INS_01E613FEE88A,REQ_48A152DDF964,38,300.0,v0.1
INS_01E613FEE88A,REQ_BBF95E3F94BE,39,2750.0,v0.1
INS_01E613FEE88A,REQ_04B53CCBBCF6,40,1019.9999999999999,v0.1
INS_01E613FEE88A,REQ_FB8E8B9E2F47,41,280.0,v0.1
INS_01E613FEE88A,REQ_0BE51FAFA111,42,1090.0,v0.1
INS_01E613FEE88A,REQ_79CD69B16BA4,43,20330.0,v0.1
INS_01E613FEE88A,REQ_D136EC4FFDF8,44,28230.0,v0.1
INS_01E613FEE88A,REQ_CE0963CC7195,45,5870.0,v0.1
INS_01E613FEE88A,REQ_72E5F0CE71E5,46,800.0,v0.1
INS_01E613FEE88A,REQ_AF3744EC10A3,47,30000.0,v0.1
INS_01E613FEE88A,REQ_BC79FBEFD51C,48,30000.0,v0.1
INS_01E613FEE88A,REQ_AAEC66475248,49,440.0,v0.1
INS_01E613FEE88A,REQ_528D2F81C8C2,50,8159.999999999999,v0.1
INS_01E613FEE88A,REQ_1B9D26E31C66,51,1270.0,v0.1
INS_01E613FEE88A,REQ_69254C3F84BC,52,30000.0,v0.1
INS_01E613FEE88A,REQ_AC00736AEB2E,53,990.0,v0.1
INS_01E613FEE88A,REQ_DF54D746A290,54,869.9999999999999,v0.1
INS_01E613FEE88A,REQ_7EC695527D40,55,14720.0,v0.1
INS_01E613FEE88A,REQ_9EABB9DE4354,56,30000.0,v0.1
INS_01E613FEE88A,REQ_3814F0CA9F40,57,350.0,v0.1
INS_01E613FEE88A,REQ_9EC4C904F8DF,58,14690.0,v0.1
INS_2DF5BD8FF6BD,REQ_1AEF39EAC9A4,0,1660.0000000000002,v0.1
INS_2DF5BD8FF6BD,REQ_2EC2F234D14F,1,540.0,v0.1
INS_2DF5BD8FF6BD,REQ_EC9ECEFFC1BB,2,2820.0,v0.1
INS_2DF5BD8FF6BD,REQ_F7587BAE7ED7,3,330.0,v0.1
INS_2DF5BD8FF6BD,REQ_8CA36F8C5ADB,4,680.0,v0.1
INS_2DF5BD8FF6BD,REQ_3978E2F616E7,5,840.0,v0.1
INS_2DF5BD8FF6BD,REQ_01C343E1A152,6,12800.0,v0.1
INS_2DF5BD8FF6BD,REQ_2F3FDB480DBD,7,480.0,v0.1
INS_2DF5BD8FF6BD,REQ_FBC5038D6BED,8,810.0,v0.1
INS_2DF5BD8FF6BD,REQ_8EA6948E30EF,9,750.0,v0.1
INS_2DF5BD8FF6BD,REQ_A6284B177810,10,9860.0,v0.1
INS_F91E13E9F8D6,REQ_6647DDC7FAAE,0,7070.0,v0.1
INS_F91E13E9F8D6,REQ_50CFB51888D4,1,4340.0,v0.1
INS_F91E13E9F8D6,REQ_63153BE8E8D7,2,30000.0,v0.1
INS_F91E13E9F8D6,REQ_2D96322F2022,3,550.0,v0.1
INS_F91E13E9F8D6,REQ_BDA1738A00B3,4,4540.0,v0.1
INS_F91E13E9F8D6,REQ_1B7162A3DBDC,5,4450.0,v0.1
INS_F91E13E9F8D6,REQ_05376BE53283,6,16680.0,v0.1
INS_F91E13E9F8D6,REQ_776D5FB3F1E2,7,10320.0,v0.1
INS_F91E13E9F8D6,REQ_3FE71C2DEA30,8,2150.0,v0.1
INS_F91E13E9F8D6,REQ_DC5CC5C6C1F9,9,1240.0,v0.1
INS_F91E13E9F8D6,REQ_D61264269A81,10,1060.0,v0.1
INS_F91E13E9F8D6,REQ_CECE94FFDD8E,11,15580.0,v0.1
INS_F91E13E9F8D6,REQ_500454E16C06,12,30000.0,v0.1
INS_F91E13E9F8D6,REQ_472743FC6E6C,13,4440.0,v0.1
INS_F91E13E9F8D6,REQ_6C7F6DE5DAAA,14,30000.0,v0.1
INS_F91E13E9F8D6,REQ_B6E38F98EF84,15,4000.0,v0.1
INS_F91E13E9F8D6,REQ_50DC9F453801,16,3040.0,v0.1
INS_F91E13E9F8D6,REQ_5C110FDEC180,17,17190.0,v0.1
INS_F91E13E9F8D6,REQ_D237D586179F,18,22410.0,v0.1
INS_F91E13E9F8D6,REQ_87B02B52FD80,19,12190.0,v0.1
INS_F91E13E9F8D6,REQ_C1D62CAE2B40,20,11780.0,v0.1
INS_F91E13E9F8D6,REQ_7F066032E05A,21,250.0,v0.1
INS_F91E13E9F8D6,REQ_762C33B954F0,22,229.99999999999997,v0.1
INS_F91E13E9F8D6,REQ_180AEAD865FD,23,24890.0,v0.1
INS_F91E13E9F8D6,REQ_62FFC639234E,24,610.0,v0.1
INS_F91E13E9F8D6,REQ_D5D80330823F,25,9500.0,v0.1
INS_F91E13E9F8D6,REQ_D53936AF359C,26,16440.0,v0.1
INS_BA36AF7D9AF9,REQ_2CCDF194B4DF,0,140.0,v0.1
INS_BA36AF7D9AF9,REQ_96F0B1E40C1E,1,16760.0,v0.1
INS_BA36AF7D9AF9,REQ_B7C2F36D754D,2,250.0,v0.1
INS_BA36AF7D9AF9,REQ_6727836D35E8,3,29370.0,v0.1
INS_BA36AF7D9AF9,REQ_78E5CC497448,4,250.0,v0.1
INS_BA36AF7D9AF9,REQ_814F02C341E2,5,180.0,v0.1
INS_BA36AF7D9AF9,REQ_44D8764223AA,6,30000.0,v0.1
INS_BA36AF7D9AF9,REQ_3AD0423B3E77,7,13940.0,v0.1
INS_BA36AF7D9AF9,REQ_065E9F0AB00B,8,30000.0,v0.1
INS_BA36AF7D9AF9,REQ_EF7D7694D3CF,9,290.0,v0.1
INS_BA36AF7D9AF9,REQ_26DA107DD369,10,13900.0,v0.1
INS_BA36AF7D9AF9,REQ_8616D1DFCF12,11,2070.0,v0.1
INS_BA36AF7D9AF9,REQ_EAB54B2D5229,12,19260.0,v0.1
INS_BA36AF7D9AF9,REQ_1822E21DD462,13,400.0,v0.1
INS_BA36AF7D9AF9,REQ_94530EDC1579,14,3600.0,v0.1
INS_BA36AF7D9AF9,REQ_C612F0691FB0,15,680.0,v0.1
INS_BA36AF7D9AF9,REQ_D7E2523B4DD4,16,10840.0,v0.1
INS_BA36AF7D9AF9,REQ_25FCA32763F5,17,30000.0,v0.1
INS_BA36AF7D9AF9,REQ_A122C226913E,18,7150.0,v0.1
INS_691B9C153B66,REQ_8660DC189AD6,0,710.0,v0.1
INS_691B9C153B66,REQ_29D12DCAF42F,1,400.0,v0.1
INS_691B9C153B66,REQ_EA1CBA0BCFBF,2,30000.0,v0.1
INS_691B9C153B66,REQ_13BCC2772879,3,1670.0,v0.1
INS_691B9C153B66,REQ_A9D6F65DD521,4,150.0,v0.1
INS_691B9C153B66,REQ_724D482C8811,5,760.0,v0.1
INS_691B9C153B66,REQ_46CA9405A8F9,6,500.0,v0.1
INS_691B9C153B66,REQ_8CE35BB21458,7,240.0,v0.1
INS_691B9C153B66,REQ_3A837C24D04B,8,750.0,v0.1
INS_691B9C153B66,REQ_FA6B2DBF5AFB,9,180.0,v0.1
INS_CC999838A502,REQ_4F1FF01691BC,0,16090.0,v0.1
INS_CC999838A502,REQ_EF2CD8536702,1,1130.0,v0.1
INS_CC999838A502,REQ_F55AB1F845B0,2,500.0,v0.1
INS_CC999838A502,REQ_5D743E6778BE,3,8970.0,v0.1
INS_CC999838A502,REQ_B309684F271D,4,4400.0,v0.1
INS_CC999838A502,REQ_536E7D54C81B,5,1770.0,v0.1
INS_CC999838A502,REQ_14FDBAB1C92E,6,850.0,v0.1
INS_CC999838A502,REQ_8AA601393664,7,660.0,v0.1
INS_CC999838A502,REQ_9DB11C2BEF88,8,1050.0,v0.1
INS_CC999838A502,REQ_73C5D53C7726,9,10290.0,v0.1
INS_349D7B33C700,REQ_9515BF2AC4F4,0,27439.999999999996,v0.1
INS_349D7B33C700,REQ_63700F3BCE18,1,7380.0,v0.1
INS_349D7B33C700,REQ_62804A0E3D2E,2,1800.0,v0.1
INS_349D7B33C700,REQ_41B0289807D7,3,22470.0,v0.1
INS_349D7B33C700,REQ_F263F8603805,4,1580.0,v0.1
INS_349D7B33C700,REQ_96D8189EC0DC,5,1950.0,v0.1
INS_349D7B33C700,REQ_94198159EDEF,6,3090.0,v0.1
INS_349D7B33C700,REQ_ED8B5005E576,7,1280.0,v0.1
INS_3517BBB59A43,REQ_35EB8F42E887,0,780.0,v0.1
INS_3517BBB59A43,REQ_00680B2236C4,1,3820.0000000000005,v0.1
INS_3517BBB59A43,REQ_94355C071338,2,5510.0,v0.1
INS_3517BBB59A43,REQ_F7758FD4D8C5,3,15930.0,v0.1
INS_3517BBB59A43,REQ_694C7CCA4162,4,1220.0,v0.1
INS_3517BBB59A43,REQ_51F47DF58003,5,14090.0,v0.1
INS_3517BBB59A43,REQ_387EA495D200,6,1019.9999999999999,v0.1
INS_3517BBB59A43,REQ_A1E13458957A,7,30000.0,v0.1
INS_3517BBB59A43,REQ_FBFD40BA60CF,8,4550.0,v0.1
INS_3517BBB59A43,REQ_228103515259,9,1450.0,v0.1
INS_3517BBB59A43,REQ_5632313E4CF1,10,30000.0,v0.1
INS_3517BBB59A43,REQ_10A72A14F5AC,11,3920.0,v0.1
INS_3517BBB59A43,REQ_F7E15639E8C0,12,4900.0,v0.1
INS_1060B79F201A,REQ_50A2F45747C0,0,9160.0,v0.1
INS_1060B79F201A,REQ_7F35A3B51B46,1,14420.0,v0.1
INS_1060B79F201A,REQ_53FCCA9803C4,2,11710.0,v0.1
INS_1060B79F201A,REQ_BC4F48241900,3,30000.0,v0.1
INS_1060B79F201A,REQ_C4C88F09234B,4,15140.0,v0.1
INS_1060B79F201A,REQ_7868BDF12EC9,5,3560.0,v0.1
INS_1060B79F201A,REQ_7C94B21AD1E4,6,30000.0,v0.1
INS_1060B79F201A,REQ_3418D62F8989,7,30000.0,v0.1
INS_1060B79F201A,REQ_23597F191A8D,8,11100.0,v0.1
INS_1060B79F201A,REQ_9BEEBE911F18,9,26490.0,v0.1
INS_1060B79F201A,REQ_DBA4E7252854,10,9400.0,v0.1
INS_AE72158F1629,REQ_F39A99E82816,0,30000.0,v0.1
INS_AE72158F1629,REQ_F11602C82F02,1,520.0,v0.1
INS_AE72158F1629,REQ_5B6874BD9B4F,2,150.0,v0.1
INS_AE72158F1629,REQ_68C945797CED,3,459.99999999999994,v0.1
INS_AE72158F1629,REQ_3CDE186A6A40,4,670.0,v0.1
INS_AE72158F1629,REQ_267A794618FE,5,2200.0,v0.1
INS_AE72158F1629,REQ_3DB52BE901E1,6,1100.0,v0.1
INS_AE72158F1629,REQ_14DC4685BF6F,7,110.00000000000001,v0.1
INS_AE72158F1629,REQ_86FA7381F854,8,8610.0,v0.1
INS_AE72158F1629,REQ_1AE1FFD07EAC,9,300.0,v0.1
INS_AE72158F1629,REQ_B33225AD93F9,10,150.0,v0.1
INS_E6E0FA6B082E,REQ_814F02C341E2,0,180.0,v0.1
INS_E6E0FA6B082E,REQ_B16C86A5736F,1,1420.0,v0.1
INS_E6E0FA6B082E,REQ_443E20FC97F7,2,25770.0,v0.1
INS_E6E0FA6B082E,REQ_E475DD909131,3,260.0,v0.1
INS_E6E0FA6B082E,REQ_871A4E888BC0,4,23260.0,v0.1
INS_E6E0FA6B082E,REQ_36B1EF4EF7AD,5,30000.0,v0.1
INS_E6E0FA6B082E,REQ_E50005BD9BB2,6,80.0,v0.1
INS_E6E0FA6B082E,REQ_8616D1DFCF12,7,2070.0,v0.1
INS_E6E0FA6B082E,REQ_2467C338C29D,8,28310.0,v0.1
INS_E6E0FA6B082E,REQ_2D2060EB710C,9,15930.0,v0.1
INS_E6E0FA6B082E,REQ_75B32BA18F5E,10,30000.0,v0.1
INS_E6E0FA6B082E,REQ_863993A2E698,11,290.0,v0.1
INS_E6E0FA6B082E,REQ_83ECB73BA170,12,30700.0,v0.1
INS_E6E0FA6B082E,REQ_8CFFF9494335,13,1100.0,v0.1
INS_E6E0FA6B082E,REQ_E2431A3E2733,14,1250.0,v0.1
INS_E6E0FA6B082E,REQ_9996C632F0DB,15,18940.0,v0.1
INS_E6E0FA6B082E,REQ_87F60BA022C4,16,280.0,v0.1
INS_E6E0FA6B082E,REQ_6727836D35E8,17,29370.0,v0.1
INS_E6E0FA6B082E,REQ_3FD42D7D0B4B,18,19180.0,v0.1
INS_E6E0FA6B082E,REQ_B24CF9A6D2D8,19,5950.0,v0.1
INS_E6E0FA6B082E,REQ_9679C7F2CD61,20,8850.0,v0.1
INS_E6E0FA6B082E,REQ_372BF2DC87F1,21,220.0,v0.1
INS_E6E0FA6B082E,REQ_EEA7909842A8,22,400.0,v0.1
INS_E6E0FA6B082E,REQ_9B6237117D87,23,240.0,v0.1
INS_E6E0FA6B082E,REQ_2CA191175619,24,190.0,v0.1
INS_C154180BCA77,REQ_BC3AE572C21A,0,30000.0,v0.1
INS_C154180BCA77,REQ_24B4F438D94F,1,30000.0,v0.1
INS_C154180BCA77,REQ_3D137029DB76,2,30000.0,v0.1
INS_C154180BCA77,REQ_A095E3AC1D21,3,30000.0,v0.1
INS_C154180BCA77,REQ_B65209DD6FB1,4,30000.0,v0.1
INS_C154180BCA77,REQ_B2B151895B58,5,30000.0,v0.1
INS_C154180BCA77,REQ_A683694C8366,6,30000.0,v0.1
INS_C154180BCA77,REQ_18D05FE184DB,7,30000.0,v0.1
INS_837ADE06679E,REQ_299A9F4AA5CE,0,30000.0,v0.1
INS_837ADE06679E,REQ_C86E98612EAD,1,30000.0,v0.1
INS_837ADE06679E,REQ_3A14AA639842,2,30000.0,v0.1
INS_837ADE06679E,REQ_587E1EA10952,3,30000.0,v0.1
INS_837ADE06679E,REQ_948820C577EE,4,30000.0,v0.1
INS_837ADE06679E,REQ_0B9FFD6545E3,5,18720.0,v0.1
INS_837ADE06679E,REQ_DED8AA21E0B6,6,29790.0,v0.1
INS_837ADE06679E,REQ_8B90D2883DEA,7,30000.0,v0.1
INS_837ADE06679E,REQ_75F10E935EE1,8,30000.0,v0.1
INS_837ADE06679E,REQ_0391EBB527B6,9,30000.0,v0.1
INS_837ADE06679E,REQ_2D6D358E8DCC,10,30000.0,v0.1
INS_837ADE06679E,REQ_D11FE85E3355,11,30000.0,v0.1
INS_837ADE06679E,REQ_337340C30D2E,12,13080.0,v0.1
INS_837ADE06679E,REQ_CFCB418FB1B4,13,30000.0,v0.1
INS_837ADE06679E,REQ_BD3278D236A9,14,12460.0,v0.1
INS_837ADE06679E,REQ_5128C36DC078,15,17060.0,v0.1
INS_837ADE06679E,REQ_C6251C50FCA6,16,30000.0,v0.1
INS_837ADE06679E,REQ_74A931FA1079,17,18820.0,v0.1
INS_837ADE06679E,REQ_F6D705542F1C,18,13680.0,v0.1
INS_837ADE06679E,REQ_E50524A96B19,19,20540.0,v0.1
INS_837ADE06679E,REQ_C86DE41EA334,20,29460.0,v0.1
INS_2F8C515592B8,REQ_63B2CF1EEE19,0,3440.0,v0.1
INS_2F8C515592B8,REQ_655D47944819,1,11980.0,v0.1
INS_2F8C515592B8,REQ_088755DAB092,2,509.99999999999994,v0.1
INS_2F8C515592B8,REQ_4BD24530D365,3,980.0000000000001,v0.1
INS_2F8C515592B8,REQ_F5E3F71238B1,4,25450.0,v0.1
INS_2F8C515592B8,REQ_A4DD7FB9A53D,5,720.0,v0.1
INS_2F8C515592B8,REQ_52CE60E67149,6,520.0,v0.1
INS_2F8C515592B8,REQ_6295BA611EAB,7,2720.0,v0.1
INS_2F8C515592B8,REQ_D466742535F1,8,12610.0,v0.1
INS_2F8C515592B8,REQ_E9D5418C39E1,9,2920.0,v0.1
INS_2F8C515592B8,REQ_6D2134A5D450,10,24710.0,v0.1
INS_2F8C515592B8,REQ_F066A0ADFD61,11,450.0,v0.1
INS_2F8C515592B8,REQ_D85CD555E959,12,7320.0,v0.1
INS_2F8C515592B8,REQ_3FE792652E6B,13,2520.0,v0.1
INS_DC16A5520860,REQ_096113C8D5BE,0,700.0,v0.1
INS_DC16A5520860,REQ_A16DC7436FE2,1,23820.0,v0.1
INS_DC16A5520860,REQ_ED62AEB32A83,2,1830.0,v0.1
INS_DC16A5520860,REQ_E30BD6A5C6CA,3,14800.0,v0.1
INS_DC16A5520860,REQ_520D8AD67519,4,80.0,v0.1
INS_DC16A5520860,REQ_B0B1551C0EB5,5,1360.0,v0.1
INS_DC16A5520860,REQ_9EE68FBEEB55,6,1800.0,v0.1
INS_DC16A5520860,REQ_5193CCDBE5AC,7,9210.0,v0.1
INS_DC16A5520860,REQ_D220DE32FFF4,8,650.0,v0.1
INS_DC16A5520860,REQ_85D3996DD4A7,9,370.0,v0.1
INS_DC16A5520860,REQ_0237BE67178F,10,12260.0,v0.1
INS_DC16A5520860,REQ_42CF39EC4D6C,11,900.0,v0.1
INS_DC16A5520860,REQ_B01A6DE75CB4,12,20040.0,v0.1
INS_DC16A5520860,REQ_EE2F03E13169,13,459.99999999999994,v0.1
INS_DC16A5520860,REQ_DBBC62D4DC19,14,110.0,v0.1
INS_DC16A5520860,REQ_DFD7578E426A,15,1000.0,v0.1
INS_DC16A5520860,REQ_9C7A56F18122,16,17840.0,v0.1
INS_DC16A5520860,REQ_D0C83F32ACAE,17,7130.0,v0.1
INS_DC16A5520860,REQ_77A790C4EE5D,18,420.0,v0.1
INS_DC16A5520860,REQ_77C84F3B24D8,19,2560.0,v0.1
INS_7D879C816099,REQ_A77643B84FA0,0,13560.0,v0.1
INS_7D879C816099,REQ_EEA11DFC231F,1,240.0,v0.1
INS_7D879C816099,REQ_F5D810042573,2,22490.0,v0.1
INS_7D879C816099,REQ_61A0D230652A,3,6750.0,v0.1
INS_7D879C816099,REQ_AC9FB2D80956,4,1030.0,v0.1
INS_7D879C816099,REQ_23BAAC98E3A1,5,1000.0,v0.1
INS_7D879C816099,REQ_6A1D3C414FE1,6,550.0,v0.1
INS_7D879C816099,REQ_80B70B6EEF65,7,8140.0,v0.1
INS_7D879C816099,REQ_998F5BCB7896,8,100.0,v0.1
INS_7D879C816099,REQ_EFBE7093F996,9,300.0,v0.1
INS_7D879C816099,REQ_D4D7C5B59688,10,2680.0,v0.1
INS_7D879C816099,REQ_BD21DFC00097,11,660.0,v0.1
INS_7D879C816099,REQ_09A250A9799F,12,470.0,v0.1
INS_7D879C816099,REQ_43D07903B09C,13,940.0,v0.1
INS_7D879C816099,REQ_9083CE6B1C8A,14,200.0,v0.1
INS_7D879C816099,REQ_72F46D0626F8,15,30000.0,v0.1
INS_7D879C816099,REQ_6BA5203CAE0F,16,250.0,v0.1
INS_7D879C816099,REQ_A97FD700CAA5,17,2500.0,v0.1
INS_7D879C816099,REQ_E8E1D565BA75,18,260.0,v0.1
INS_7D879C816099,REQ_F39A99E82816,19,30000.0,v0.1
INS_7D879C816099,REQ_FC3630AB495E,20,2970.0,v0.1
INS_7D879C816099,REQ_FEED733D50D4,21,1450.0,v0.1
INS_7D879C816099,REQ_D48C5B128072,22,9850.0,v0.1
INS_7D879C816099,REQ_80074563DB1A,23,960.0,v0.1
INS_7D879C816099,REQ_34992ADD2479,24,13210.0,v0.1
INS_7D879C816099,REQ_1D92AD7AAE03,25,560.0,v0.1
INS_7D879C816099,REQ_E14FFDF57755,26,750.0,v0.1
INS_E5415DD73912,REQ_503F97081091,0,560.0,v0.1
INS_E5415DD73912,REQ_FB49AAE2DD1A,1,7890.000000000001,v0.1
INS_E5415DD73912,REQ_46461EE48A15,2,11310.0,v0.1
INS_E5415DD73912,REQ_C1CA7DDD3EBD,3,870.0,v0.1
INS_E5415DD73912,REQ_ACCDC25DFFAA,4,280.0,v0.1
INS_E5415DD73912,REQ_019E750AD829,5,15630.0,v0.1
INS_E5415DD73912,REQ_2848512878C8,6,22290.0,v0.1
INS_E5415DD73912,REQ_101D7733E79C,7,740.0,v0.1
INS_E5415DD73912,REQ_A9444A9F8868,8,1300.0,v0.1
INS_7B63862AEF5A,REQ_75921E4DC9F7,0,500.0,v0.1
INS_7B63862AEF5A,REQ_068EEF634B46,1,22975.0,v0.1
INS_7B63862AEF5A,REQ_062DCB8931CB,2,310.0,v0.1
INS_7B63862AEF5A,REQ_7F10F7079F66,3,16790.0,v0.1
INS_7B63862AEF5A,REQ_434E71423967,4,30000.0,v0.1
INS_7B63862AEF5A,REQ_1A4FA8D357D9,5,880.0000000000001,v0.1
INS_7B63862AEF5A,REQ_6F17BA899E90,6,7590.0,v0.1
INS_7B63862AEF5A,REQ_DD1ADB0C9FC3,7,30000.0,v0.1
INS_7B63862AEF5A,REQ_C14ECDAFF625,8,30000.0,v0.1
INS_202933CF626B,REQ_B8BC7A88DD3F,0,3340.0,v0.1
INS_202933CF626B,REQ_4A46C627B068,1,30000.0,v0.1
INS_202933CF626B,REQ_E4EF27D11EA0,2,24180.0,v0.1
INS_202933CF626B,REQ_82229E51F722,3,280.0,v0.1
INS_202933CF626B,REQ_EF615D67E644,4,19860.0,v0.1
INS_202933CF626B,REQ_EA4C7592BC5B,5,12240.0,v0.1
INS_202933CF626B,REQ_8B58A6ED8196,6,430.0,v0.1
INS_202933CF626B,REQ_CE3455DB88C0,7,9260.0,v0.1
INS_202933CF626B,REQ_0875FF28DEA8,8,250.0,v0.1
INS_202933CF626B,REQ_945A4A3DB574,9,13210.0,v0.1
INS_202933CF626B,REQ_494809896FB1,10,30000.0,v0.1
INS_202933CF626B,REQ_24ACF5DD0CD8,11,7550.0,v0.1
INS_202933CF626B,REQ_F0BE63F95380,12,4390.0,v0.1
INS_202933CF626B,REQ_5ADE234F250B,13,150.0,v0.1
INS_202933CF626B,REQ_C241B50D74CB,14,7380.0,v0.1
INS_202933CF626B,REQ_9E7C91C0AEF0,15,80.0,v0.1
INS_202933CF626B,REQ_7973ADD2994E,16,320.0,v0.1
INS_202933CF626B,REQ_62F7D31C3A9B,17,10130.0,v0.1
INS_202933CF626B,REQ_5D2A5C5631EA,18,5270.0,v0.1
INS_202933CF626B,REQ_29955146490B,19,240.0,v0.1
INS_7F4923644C6D,REQ_6BAB8D5F93D1,0,22420.0,v0.1
INS_7F4923644C6D,REQ_774485510E1D,1,19790.0,v0.1
INS_7F4923644C6D,REQ_2DCBB6B84C64,2,770.0,v0.1
INS_7F4923644C6D,REQ_CB6B4686E195,3,12660.0,v0.1
INS_7F4923644C6D,REQ_2227361FACDB,4,350.0,v0.1
INS_7F4923644C6D,REQ_BA9C5E4204CF,5,20110.0,v0.1
INS_7F4923644C6D,REQ_39D455A59A2E,6,7450.0,v0.1
INS_7F4923644C6D,REQ_0165B5A50B1E,7,2140.0,v0.1
INS_7F4923644C6D,REQ_C51172E4090F,8,600.0,v0.1
INS_7F4923644C6D,REQ_5692C3690D6F,9,180.0,v0.1
INS_7F4923644C6D,REQ_722CFA8E932C,10,1580.0,v0.1
INS_7F4923644C6D,REQ_903DC3BBF41B,11,1040.0,v0.1
INS_7F4923644C6D,REQ_C42446018382,12,5660.0,v0.1
INS_7F4923644C6D,REQ_B1A9D09AFE67,13,30000.0,v0.1
INS_7F4923644C6D,REQ_721CC092DD23,14,16180.0,v0.1
INS_7F4923644C6D,REQ_FFDD6F184981,15,2180.0,v0.1
INS_7F4923644C6D,REQ_0D284A4294B3,16,850.0,v0.1
INS_7F4923644C6D,REQ_83F36DA01736,17,640.0,v0.1
INS_7F4923644C6D,REQ_22EB58B6E9EF,18,30000.0,v0.1
INS_7F4923644C6D,REQ_D129BBBE7646,19,600.0,v0.1
INS_7F4923644C6D,REQ_836B5EF9F75C,20,30000.0,v0.1
INS_7F4923644C6D,REQ_109E73865DCD,21,23160.0,v0.1
INS_7F4923644C6D,REQ_ABEF335172A0,22,17750.0,v0.1
INS_7F4923644C6D,REQ_5A5908868305,23,880.0,v0.1
INS_7F4923644C6D,REQ_90B39E815036,24,20850.0,v0.1
INS_7F4923644C6D,REQ_FE9F6BB0C8B0,25,480.0,v0.1
INS_6A80A0A83257,REQ_A801A797D3D3,0,1150.0,v0.1
INS_6A80A0A83257,REQ_952302094D68,1,25790.0,v0.1
INS_6A80A0A83257,REQ_7A49E1A67C1C,2,1030.0,v0.1
INS_6A80A0A83257,REQ_C85A6B2E3893,3,30000.0,v0.1
INS_6A80A0A83257,REQ_FDBE7FE2A030,4,16070.0,v0.1
INS_6A80A0A83257,REQ_618D8D9D7218,5,1110.0,v0.1
INS_6A80A0A83257,REQ_ADB9B86005CA,6,30000.0,v0.1
INS_6A80A0A83257,REQ_CB7D1A64A1D0,7,30000.0,v0.1
INS_6A80A0A83257,REQ_892879E4704E,8,630.0,v0.1
INS_6A80A0A83257,REQ_10A9E3A15696,9,30000.0,v0.1
INS_6A80A0A83257,REQ_17A61A88123D,10,2230.0,v0.1
INS_6A80A0A83257,REQ_878B152114DC,11,1500.0,v0.1
INS_6A80A0A83257,REQ_46078759A872,12,19350.0,v0.1
INS_6A80A0A83257,REQ_CA78BA838027,13,500.0,v0.1
INS_6A80A0A83257,REQ_C2CC533B70CF,14,300.0,v0.1
INS_6A80A0A83257,REQ_051CE8E3986E,15,30000.0,v0.1
INS_6A80A0A83257,REQ_6182F7249B9A,16,530.0,v0.1
INS_6A80A0A83257,REQ_A9F1AA6F46B2,17,28170.0,v0.1
INS_6A80A0A83257,REQ_A36074E2F158,18,20460.0,v0.1
INS_6A80A0A83257,REQ_275D14BE0499,19,23230.0,v0.1
INS_6A80A0A83257,REQ_DE060E4054B2,20,3300.0,v0.1
INS_738A233E080C,REQ_E25E2DD074FB,0,17740.0,v0.1
INS_738A233E080C,REQ_04EF78E78706,1,20060.0,v0.1
INS_738A233E080C,REQ_4BE0C09F6875,2,20790.0,v0.1
INS_738A233E080C,REQ_5F446DF542CF,3,24970.0,v0.1
INS_DA7004ED34FE,REQ_A1AD7B4E66F6,0,30000.0,v0.1
INS_DA7004ED34FE,REQ_DAFE6C80BD50,1,30000.0,v0.1
INS_DA7004ED34FE,REQ_9F137379FC36,2,24850.0,v0.1
INS_DA7004ED34FE,REQ_546A17E8F2F1,3,1550.0,v0.1
INS_DA7004ED34FE,REQ_AA1BA9DB59A1,4,800.0,v0.1
INS_DA7004ED34FE,REQ_7191A28F7BB3,5,930.0000000000001,v0.1
INS_DA7004ED34FE,REQ_0F28E95A8C62,6,2050.0,v0.1
INS_DA7004ED34FE,REQ_17FD3064533F,7,30000.0,v0.1
INS_DA7004ED34FE,REQ_92FD5EFD22D3,8,30000.0,v0.1
INS_DA7004ED34FE,REQ_C7AE263E845F,9,26350.0,v0.1
INS_DA7004ED34FE,REQ_CBF27A2DAACD,10,800.0,v0.1
INS_DA7004ED34FE,REQ_BA871C8E953D,11,30000.0,v0.1
INS_DA7004ED34FE,REQ_829A6AABFD5F,12,30000.0,v0.1
INS_DA7004ED34FE,REQ_74D80E6419D3,13,710.0,v0.1
INS_E5A095B6CBE3,REQ_909C1DF7594C,0,1400.0,v0.1
INS_E5A095B6CBE3,REQ_A254C4457ADF,1,2540.0,v0.1
INS_E5A095B6CBE3,REQ_13957140455B,2,1300.0,v0.1
INS_E5A095B6CBE3,REQ_F3902515A29D,3,1910.0,v0.1
INS_E5A095B6CBE3,REQ_ECC23C251173,4,18970.0,v0.1
INS_E5A095B6CBE3,REQ_BFBB101397C2,5,1340.0,v0.1
INS_E5A095B6CBE3,REQ_FA3E1E354E81,6,30000.0,v0.1
INS_E5A095B6CBE3,REQ_D7C0B8136857,7,30870.0,v0.1
INS_E5A095B6CBE3,REQ_DF741546A8C3,8,2140.0,v0.1
INS_E5A095B6CBE3,REQ_9940825B1560,9,8100.0,v0.1
INS_E5A095B6CBE3,REQ_26F407B9ADC6,10,2570.0,v0.1
INS_E5A095B6CBE3,REQ_24A1290A11A4,11,30000.0,v0.1
INS_E5A095B6CBE3,REQ_F66D4F200E12,12,30000.0,v0.1
INS_9AA9A8899DE8,REQ_1F77974996C5,0,15730.000000000002,v0.1
INS_9AA9A8899DE8,REQ_E75FC257691E,1,3160.0,v0.1
INS_9AA9A8899DE8,REQ_F9774CA51536,2,200.0,v0.1
INS_9AA9A8899DE8,REQ_3278862F47F6,3,15330.000000000002,v0.1
INS_9AA9A8899DE8,REQ_EE2752A66E2C,4,23860.0,v0.1
INS_9AA9A8899DE8,REQ_89881E9BFB7F,5,340.0,v0.1
INS_9AA9A8899DE8,REQ_49B9DE5375B3,6,1750.0,v0.1
INS_9AA9A8899DE8,REQ_775398FB7412,7,200.0,v0.1
INS_9AA9A8899DE8,REQ_3580148AF3BC,8,1290.0,v0.1
INS_9AA9A8899DE8,REQ_98B42D323E4F,9,23000.0,v0.1
INS_9AA9A8899DE8,REQ_1253EDD500AA,10,27950.0,v0.1
INS_9AA9A8899DE8,REQ_872EE3CDFDF7,11,740.0,v0.1
INS_9AA9A8899DE8,REQ_834A9B7EAC4E,12,8760.0,v0.1
INS_9AA9A8899DE8,REQ_B76202A91685,13,17310.0,v0.1
INS_9AA9A8899DE8,REQ_830810CF0CD3,14,170.0,v0.1
INS_9AA9A8899DE8,REQ_E7E943B90838,15,30000.0,v0.1
INS_9AA9A8899DE8,REQ_8DF3EFD4AB89,16,1390.0,v0.1
INS_9AA9A8899DE8,REQ_29A22F99968C,17,330.0,v0.1
INS_9AA9A8899DE8,REQ_36B6ABF0048A,18,810.0,v0.1
INS_9AA9A8899DE8,REQ_7B01A281DEFD,19,30000.0,v0.1
INS_9AA9A8899DE8,REQ_6D4EBC560502,20,409.99999999999994,v0.1
INS_9AA9A8899DE8,REQ_AB86E50F9728,21,20280.0,v0.1
INS_9AA9A8899DE8,REQ_5E88DC5F4141,22,4360.0,v0.1
INS_9AA9A8899DE8,REQ_97CB87315B1C,23,12710.0,v0.1
INS_9AA9A8899DE8,REQ_8853393511D7,24,600.0,v0.1
INS_9AA9A8899DE8,REQ_D7CAEBF8890A,25,11500.0,v0.1
INS_9AA9A8899DE8,REQ_15FC455F2684,26,15610.0,v0.1
INS_9AA9A8899DE8,REQ_0ABE5B983B0A,27,440.00000000000006,v0.1
INS_9AA9A8899DE8,REQ_B06D13956F96,28,5440.0,v0.1
INS_9AA9A8899DE8,REQ_5CAD177C08AC,29,450.0,v0.1
INS_9AA9A8899DE8,REQ_48EF1B2380A0,30,30000.0,v0.1
INS_9AA9A8899DE8,REQ_5AE41C137B2A,31,19670.0,v0.1
INS_9AA9A8899DE8,REQ_8F3F91DE13A8,32,3070.0,v0.1
INS_9AA9A8899DE8,REQ_AD23BC6D6B32,33,450.0,v0.1
INS_9AA9A8899DE8,REQ_72D57B50A080,34,27350.0,v0.1
INS_9AA9A8899DE8,REQ_CFEB6875C740,35,1850.0,v0.1
INS_9AA9A8899DE8,REQ_A0E6E4FA77E7,36,130.0,v0.1
INS_9AA9A8899DE8,REQ_A443FBF101B6,37,30000.0,v0.1
INS_9AA9A8899DE8,REQ_000EFBAA148B,38,7150.0,v0.1
INS_88D2A3BF4309,REQ_05284FE85B1C,0,25360.0,v0.1
INS_88D2A3BF4309,REQ_A7BC46973A10,1,15700.0,v0.1
INS_88D2A3BF4309,REQ_3EEBB86092EC,2,30000.0,v0.1
INS_88D2A3BF4309,REQ_7CF9F5A90A05,3,14280.0,v0.1
INS_88D2A3BF4309,REQ_546A19D960B0,4,30000.0,v0.1
INS_88D2A3BF4309,REQ_57FD9283ECDD,5,13890.0,v0.1
INS_88D2A3BF4309,REQ_C40ABD233FAB,6,30000.0,v0.1
INS_88D2A3BF4309,REQ_D83381E9970B,7,30000.0,v0.1
INS_88D2A3BF4309,REQ_D6A702805405,8,13950.0,v0.1
INS_88D2A3BF4309,REQ_811D4A5B9CC3,9,30000.0,v0.1
INS_88D2A3BF4309,REQ_CBE58178588E,10,10570.0,v0.1
INS_88D2A3BF4309,REQ_5397DF010582,11,30000.0,v0.1
INS_88D2A3BF4309,REQ_EDCDD411CC74,12,30000.0,v0.1
INS_88D2A3BF4309,REQ_8F717200F89D,13,11430.0,v0.1
INS_88D2A3BF4309,REQ_BBCB6F5C41EE,14,27060.0,v0.1
INS_19353BCC78A9,REQ_4943356EF127,0,1590.0,v0.1
INS_19353BCC78A9,REQ_ED396F115481,1,350.0,v0.1
INS_19353BCC78A9,REQ_568E45AC81B1,2,1050.0,v0.1
INS_19353BCC78A9,REQ_4315ECC348E3,3,21790.0,v0.1
INS_19353BCC78A9,REQ_B4C7996B925F,4,19580.0,v0.1
INS_19353BCC78A9,REQ_B8ECAAA05B67,5,30000.0,v0.1
INS_19353BCC78A9,REQ_17D97CCEC111,6,22400.0,v0.1
INS_19353BCC78A9,REQ_464C7001A9F4,7,30000.0,v0.1
INS_19353BCC78A9,REQ_14CC7911643F,8,10740.0,v0.1
INS_19353BCC78A9,REQ_0B0DDF11FA32,9,250.0,v0.1
INS_19353BCC78A9,REQ_B7B086DAD41B,10,2700.0,v0.1
INS_19353BCC78A9,REQ_685AE81F58A3,11,2050.0,v0.1
INS_19353BCC78A9,REQ_E6D2379EC0CC,12,1070.0,v0.1
INS_19353BCC78A9,REQ_0D3F02B5BE7D,13,5080.0,v0.1
INS_19353BCC78A9,REQ_E1BC4CA26846,14,9560.0,v0.1
INS_19353BCC78A9,REQ_5219E3B61110,15,200.0,v0.1
INS_19353BCC78A9,REQ_46B9DB9623F7,16,320.0,v0.1
INS_19353BCC78A9,REQ_17589A86A7C6,17,250.0,v0.1
INS_19353BCC78A9,REQ_85E2AC42D119,18,30000.0,v0.1
INS_19353BCC78A9,REQ_DEB9D9A61168,19,23810.0,v0.1
INS_19353BCC78A9,REQ_A42435B6F0C4,20,230.0,v0.1
INS_19353BCC78A9,REQ_C93B0CBDC07C,21,30000.0,v0.1
INS_19353BCC78A9,REQ_40AA9C34AF63,22,14150.0,v0.1
INS_19353BCC78A9,REQ_57AA64B0D6C2,23,1420.0,v0.1
INS_19353BCC78A9,REQ_F892BFE7042B,24,5730.0,v0.1
INS_19353BCC78A9,REQ_2497C7B928D5,25,280.0,v0.1
INS_19353BCC78A9,REQ_B214E873F20C,26,27740.0,v0.1
INS_19353BCC78A9,REQ_FD3E5CF286BC,27,560.0,v0.1
INS_955E2C6D5F2B,REQ_20EAE135F8FD,0,4630.0,v0.1
INS_955E2C6D5F2B,REQ_87B02B52FD80,1,12190.0,v0.1
INS_955E2C6D5F2B,REQ_5C6056B156E0,2,14040.0,v0.1
INS_955E2C6D5F2B,REQ_1496631BA2D3,3,210.0,v0.1
INS_955E2C6D5F2B,REQ_79838F60EA39,4,2750.0,v0.1
INS_955E2C6D5F2B,REQ_6351D7EB42CC,5,16020.0,v0.1
INS_955E2C6D5F2B,REQ_767DB3903A78,6,340.0,v0.1
INS_955E2C6D5F2B,REQ_D1574A588C71,7,18410.0,v0.1
INS_955E2C6D5F2B,REQ_391BBDAADEAA,8,760.0,v0.1
INS_955E2C6D5F2B,REQ_6B6CE059D723,9,440.0,v0.1
INS_955E2C6D5F2B,REQ_6DBFE34286B3,10,1820.0,v0.1
INS_955E2C6D5F2B,REQ_729AD4249EFA,11,7680.0,v0.1
INS_955E2C6D5F2B,REQ_64BED0625036,12,17970.0,v0.1
INS_955E2C6D5F2B,REQ_F3F85A82467C,13,550.0,v0.1
INS_955E2C6D5F2B,REQ_4E831D87AE46,14,1270.0,v0.1
INS_955E2C6D5F2B,REQ_80877CA14B83,15,370.0,v0.1
INS_955E2C6D5F2B,REQ_E75E5DAE27C3,16,1760.0,v0.1
INS_955E2C6D5F2B,REQ_62FFC639234E,17,610.0,v0.1
INS_955E2C6D5F2B,REQ_9D099C7E5E91,18,350.0,v0.1
INS_955E2C6D5F2B,REQ_0CA61DDB27A2,19,2760.0,v0.1
INS_955E2C6D5F2B,REQ_53267476CB50,20,440.00000000000006,v0.1
INS_955E2C6D5F2B,REQ_B546331E8938,21,3580.0,v0.1
INS_A93C3558CF34,REQ_3685512F12E2,0,1560.0,v0.1
INS_A93C3558CF34,REQ_3F1FE8A0841C,1,30000.0,v0.1
INS_A93C3558CF34,REQ_24150F97115C,2,1610.0,v0.1
INS_A93C3558CF34,REQ_D10BC4BAE9C8,3,130.0,v0.1
INS_A93C3558CF34,REQ_358DB6825B05,4,21960.0,v0.1
INS_A93C3558CF34,REQ_CA2D82E29DF3,5,600.0,v0.1
INS_A93C3558CF34,REQ_DCFCE8CA401C,6,100.0,v0.1
INS_A93C3558CF34,REQ_37DD5E2CC418,7,30000.0,v0.1
INS_A93C3558CF34,REQ_446D7101E3D6,8,4900.0,v0.1
INS_ADEDB696A402,REQ_7CC86299D9BD,0,6540.0,v0.1
INS_ADEDB696A402,REQ_8E4E0ED93B16,1,770.0,v0.1
INS_ADEDB696A402,REQ_9362DA4FF829,2,30000.0,v0.1
INS_ADEDB696A402,REQ_78D10E8C4807,3,5060.0,v0.1
INS_ADEDB696A402,REQ_3F496CE4D6C4,4,869.9999999999999,v0.1
INS_ADEDB696A402,REQ_1FD30B122716,5,30000.0,v0.1
INS_ADEDB696A402,REQ_89CBBC47B3AF,6,30000.0,v0.1
INS_ADEDB696A402,REQ_6CAD0FF9972F,7,19950.0,v0.1
INS_ADEDB696A402,REQ_17532EA14446,8,600.0,v0.1
INS_ADEDB696A402,REQ_4DEE818A8A19,9,20590.0,v0.1
INS_ADEDB696A402,REQ_EBB57A372956,10,6980.0,v0.1
INS_ADEDB696A402,REQ_969DD40745D2,11,8840.0,v0.1
INS_469523FEBDBE,REQ_0BF7A3446D4C,0,30000.0,v0.1
INS_469523FEBDBE,REQ_5185AB28B1C3,1,25080.0,v0.1
INS_469523FEBDBE,REQ_F7E253D0A958,2,30000.0,v0.1
INS_469523FEBDBE,REQ_546A17E8F2F1,3,1550.0,v0.1
INS_469523FEBDBE,REQ_AC8C79DC23AC,4,30000.0,v0.1
INS_469523FEBDBE,REQ_3EA4A01242E3,5,25200.0,v0.1
INS_469523FEBDBE,REQ_0F28E95A8C62,6,2050.0,v0.1
INS_469523FEBDBE,REQ_66369F5FF960,7,2650.0,v0.1
INS_469523FEBDBE,REQ_DDB817B722A2,8,30000.0,v0.1
INS_469523FEBDBE,REQ_33E1A6788418,9,30000.0,v0.1
INS_469523FEBDBE,REQ_65FBE0283CAF,10,30000.0,v0.1
INS_469523FEBDBE,REQ_43BCEA4CB100,11,30000.0,v0.1
INS_469523FEBDBE,REQ_C2224BAB0D20,12,900.0,v0.1
INS_E78CD6451855,REQ_A4F8F2255FEC,0,2940.0,v0.1
INS_E78CD6451855,REQ_E6F9FA37B0CA,1,17460.0,v0.1
INS_E78CD6451855,REQ_CF11892A36F8,2,26850.0,v0.1
INS_E78CD6451855,REQ_DC9FB92E5794,3,30000.0,v0.1
INS_E78CD6451855,REQ_CD42A97D86D0,4,840.0,v0.1
INS_E78CD6451855,REQ_998844DD49F9,5,6310.0,v0.1
INS_E78CD6451855,REQ_F844FCCD4909,6,650.0,v0.1
INS_E78CD6451855,REQ_1B018F042DE4,7,390.0,v0.1
INS_E78CD6451855,REQ_3323698211DB,8,4470.0,v0.1
INS_E78CD6451855,REQ_7A1897C4AA73,9,30000.0,v0.1
INS_5A2D343EB21C,REQ_37E65CE41A2A,0,30000.0,v0.1
INS_5A2D343EB21C,REQ_9AD396B42CE5,1,12800.0,v0.1
INS_5A2D343EB21C,REQ_0791EFD656B5,2,2200.0,v0.1
INS_5A2D343EB21C,REQ_79D45512BDE2,3,30000.0,v0.1
INS_5A2D343EB21C,REQ_E67FD480EC8F,4,1710.0000000000002,v0.1
INS_5A2D343EB21C,REQ_9D45FD735258,5,3550.0,v0.1
INS_5A2D343EB21C,REQ_BA062425FD0B,6,3760.0,v0.1
INS_5A2D343EB21C,REQ_4B783AE79574,7,2710.0,v0.1
INS_5A2D343EB21C,REQ_9AE9EEBF0508,8,450.0,v0.1
INS_5A2D343EB21C,REQ_BA104A4D747D,9,650.0,v0.1
INS_5A2D343EB21C,REQ_29335C4DBAB9,10,2840.0,v0.1
INS_5A2D343EB21C,REQ_718575928C49,11,30000.0,v0.1
INS_5A2D343EB21C,REQ_2B710A8BD7F7,12,2420.0,v0.1
INS_5A2D343EB21C,REQ_FD62DCF5ADE4,13,6040.0,v0.1
INS_5A2D343EB21C,REQ_699CE58671CD,14,4120.0,v0.1
INS_5A2D343EB21C,REQ_7806BD9C2AB2,15,2100.0,v0.1
INS_5A2D343EB21C,REQ_801D64AD305C,16,21930.0,v0.1
INS_5A2D343EB21C,REQ_E09E727B5086,17,550.0,v0.1
INS_5A2D343EB21C,REQ_0B3EC9D066DD,18,200.0,v0.1
INS_63429FEBE727,REQ_0CA61DDB27A2,0,2760.0,v0.1
INS_63429FEBE727,REQ_EE95A0FE5C17,1,3370.0000000000005,v0.1
INS_63429FEBE727,REQ_C2B155A84AFC,2,24450.0,v0.1
INS_63429FEBE727,REQ_79838F60EA39,3,2750.0,v0.1
INS_63429FEBE727,REQ_6737D2514D80,4,1200.0,v0.1
INS_63429FEBE727,REQ_472743FC6E6C,5,4440.0,v0.1
INS_63429FEBE727,REQ_EEBB984425D9,6,3920.0,v0.1
INS_63429FEBE727,REQ_7CF030502F44,7,180.0,v0.1
INS_63429FEBE727,REQ_EB77AB839BAC,8,8490.0,v0.1
INS_63429FEBE727,REQ_762C33B954F0,9,229.99999999999997,v0.1
INS_63429FEBE727,REQ_500454E16C06,10,30000.0,v0.1
INS_63429FEBE727,REQ_E3A28FC8105C,11,30000.0,v0.1
INS_63429FEBE727,REQ_48F0F8492A0D,12,22270.0,v0.1
INS_63429FEBE727,REQ_4C204C504CF2,13,1000.0,v0.1
INS_63429FEBE727,REQ_F3F85A82467C,14,550.0,v0.1
INS_63429FEBE727,REQ_BFD041F7A2C6,15,509.99999999999994,v0.1
INS_63429FEBE727,REQ_2D96322F2022,16,550.0,v0.1
INS_63429FEBE727,REQ_0EE9A5723A4B,17,4850.0,v0.1
INS_63429FEBE727,REQ_1C4FAE42C22B,18,480.0,v0.1
INS_7CC8608EC75F,REQ_49D365E25487,0,300.0,v0.1
INS_7CC8608EC75F,REQ_239582C07640,1,520.0,v0.1
INS_7CC8608EC75F,REQ_50D09AC977A6,2,2910.0,v0.1
INS_7CC8608EC75F,REQ_6C7C706FBA77,3,950.0,v0.1
INS_7CC8608EC75F,REQ_225D78F5E75A,4,2380.0,v0.1
INS_7CC8608EC75F,REQ_21C652607B79,5,7500.0,v0.1
INS_7CC8608EC75F,REQ_728FF110D226,6,1100.0,v0.1
INS_7CC8608EC75F,REQ_765E4A017F78,7,4880.0,v0.1
INS_7CC8608EC75F,REQ_81F2DFC7B522,8,1450.0,v0.1
INS_7CC8608EC75F,REQ_FB6E3B31187F,9,6600.0,v0.1
INS_7CC8608EC75F,REQ_BC5DF0FBB62D,10,4300.0,v0.1
INS_7CC8608EC75F,REQ_9785E0234933,11,5250.0,v0.1
INS_7CC8608EC75F,REQ_AE8E5C329A4D,12,350.0,v0.1
INS_7CC8608EC75F,REQ_A2832381E8BA,13,350.0,v0.1
INS_7CC8608EC75F,REQ_753011F2443B,14,1100.0,v0.1
INS_7CC8608EC75F,REQ_4EBCFC1873E5,15,2900.0,v0.1
INS_7CC8608EC75F,REQ_E9BA9A580F94,16,770.0,v0.1
INS_7CC8608EC75F,REQ_3E3F8F51F693,17,1230.0,v0.1
INS_7CC8608EC75F,REQ_85C9392CCA6F,18,3480.0,v0.1
INS_7CC8608EC75F,REQ_B2F794267268,19,1200.0,v0.1
INS_7CC8608EC75F,REQ_13003F4B14EC,20,3560.0,v0.1
INS_57A8A4C6B223,REQ_DD39ECEFFEFC,0,13490.0,v0.1
INS_57A8A4C6B223,REQ_F1D169E18D99,1,21230.0,v0.1
INS_57A8A4C6B223,REQ_0E837ED6AF5A,2,710.0,v0.1
INS_57A8A4C6B223,REQ_47914282B4CC,3,30000.0,v0.1
INS_57A8A4C6B223,REQ_AFEDDA861D77,4,350.0,v0.1
INS_57A8A4C6B223,REQ_1A018F728DDD,5,23570.0,v0.1
INS_57A8A4C6B223,REQ_CC5DBC2E3243,6,2300.0,v0.1
INS_57A8A4C6B223,REQ_979272F6402B,7,1740.0,v0.1
INS_B8E4616D6BB5,REQ_530448B852B6,0,1920.0,v0.1
INS_B8E4616D6BB5,REQ_D8F277FF5A9E,1,480.0,v0.1
INS_B8E4616D6BB5,REQ_8A9D91618463,2,18410.0,v0.1
INS_B8E4616D6BB5,REQ_06B2445A56C7,3,1200.0,v0.1
INS_B8E4616D6BB5,REQ_E564558F1AC3,4,30000.0,v0.1
INS_B8E4616D6BB5,REQ_6DBA718640F8,5,26250.0,v0.1
INS_B8E4616D6BB5,REQ_41A6605470AA,6,3000.0,v0.1
INS_B8E4616D6BB5,REQ_35A02644C634,7,20650.0,v0.1
INS_B8E4616D6BB5,REQ_64B0A691F3D8,8,30000.0,v0.1
INS_B8E4616D6BB5,REQ_9B77CD1AB8E5,9,459.99999999999994,v0.1
INS_B8E4616D6BB5,REQ_64803EAF582C,10,560.0,v0.1
INS_B8E4616D6BB5,REQ_8A068FC25E36,11,30000.0,v0.1
INS_B8E4616D6BB5,REQ_99E4B4A4DBE5,12,4940.0,v0.1
INS_B8E4616D6BB5,REQ_89477ED66E8B,13,2200.0,v0.1
INS_B8E4616D6BB5,REQ_E1858CD3EA53,14,18040.0,v0.1
INS_B8E4616D6BB5,REQ_564A185546E8,15,2710.0,v0.1
INS_B8E4616D6BB5,REQ_B253DD96E7EC,16,960.0,v0.1
INS_B8E4616D6BB5,REQ_871FE5E985A5,17,1520.0,v0.1
INS_B8E4616D6BB5,REQ_B4D9AE220F50,18,22750.0,v0.1
INS_B8E4616D6BB5,REQ_34AE9E69E152,19,1550.0,v0.1
INS_B8E4616D6BB5,REQ_83825C7424CF,20,3710.0,v0.1
INS_B8E4616D6BB5,REQ_251F6F6C2AE2,21,1220.0,v0.1
INS_B8E4616D6BB5,REQ_5FA334A7023A,22,1330.0,v0.1
INS_EC64E6827E62,REQ_B3AF8A5DC68F,0,24700.0,v0.1
INS_EC64E6827E62,REQ_DFD18D716C00,1,1260.0,v0.1
INS_EC64E6827E62,REQ_A43AF99243F1,2,1150.0,v0.1
INS_EC64E6827E62,REQ_D95D6D7109AD,3,1450.0,v0.1
INS_EC64E6827E62,REQ_9AE9EEBF0508,4,450.0,v0.1
INS_EC64E6827E62,REQ_90A61920EF7C,5,1740.0,v0.1
INS_EC64E6827E62,REQ_DDBF02AC4D4E,6,700.0,v0.1
INS_EC64E6827E62,REQ_4D916649A892,7,1710.0,v0.1
INS_EC64E6827E62,REQ_CD9CBEE77137,8,7490.0,v0.1
INS_EC64E6827E62,REQ_62CDCEAB8500,9,9420.0,v0.1
INS_D834FDE64228,REQ_8A3607DE068E,0,3250.0,v0.1
INS_D834FDE64228,REQ_4922DF3132ED,1,2590.0,v0.1
INS_D834FDE64228,REQ_012A73223536,2,8750.0,v0.1
INS_D834FDE64228,REQ_43F6FF35AE8C,3,380.0,v0.1
INS_D834FDE64228,REQ_D92897F7A970,4,600.0,v0.1
INS_D834FDE64228,REQ_512152AD94D1,5,30000.0,v0.1
INS_D834FDE64228,REQ_37B4CAF47951,6,550.0,v0.1
INS_D834FDE64228,REQ_D5269601D9A9,7,30000.0,v0.1
INS_D834FDE64228,REQ_E43F6B0AAD52,8,25000.0,v0.1
INS_D834FDE64228,REQ_717F3C7391B3,9,240.0,v0.1
INS_D834FDE64228,REQ_C08B4098AC7B,10,1910.0000000000002,v0.1
INS_D834FDE64228,REQ_E9DA89E87D95,11,320.0,v0.1
INS_D834FDE64228,REQ_6742FC6D1A89,12,19750.0,v0.1
INS_D834FDE64228,REQ_D481B8A6DFCC,13,11110.0,v0.1
INS_D834FDE64228,REQ_D0B0B489F69B,14,9300.0,v0.1
INS_8012001EEA50,REQ_167FFEF885D9,0,1570.0,v0.1
INS_8012001EEA50,REQ_63DBF3E21C79,1,7200.0,v0.1
INS_8012001EEA50,REQ_7BEB95AE0BF4,2,1550.0,v0.1
INS_8012001EEA50,REQ_1014D5D7DE96,3,390.0,v0.1
INS_8012001EEA50,REQ_53723868217F,4,19210.0,v0.1
INS_8012001EEA50,REQ_DBECA197228B,5,4630.0,v0.1
INS_8012001EEA50,REQ_139E3F9CA134,6,830.0000000000001,v0.1
INS_8012001EEA50,REQ_816A53AA86CF,7,12969.999999999998,v0.1
INS_8012001EEA50,REQ_5478B2F46745,8,30000.0,v0.1
INS_8012001EEA50,REQ_DE7BB3856739,9,700.0,v0.1
INS_8012001EEA50,REQ_F0437239CF01,10,9820.0,v0.1
INS_8012001EEA50,REQ_73D2E5B43B6A,11,19410.0,v0.1
INS_DFB706822F33,REQ_A33A045761F6,0,30000.0,v0.1
INS_DFB706822F33,REQ_CF930F715203,1,2690.0,v0.1
INS_DFB706822F33,REQ_89ED550CCC56,2,5830.0,v0.1
INS_DFB706822F33,REQ_15EFFDFD6803,3,400.0,v0.1
INS_DFB706822F33,REQ_EE651760FC15,4,260.0,v0.1
INS_DFB706822F33,REQ_D223CC0C27FB,5,1930.0,v0.1
INS_DFB706822F33,REQ_87DB46B936FA,6,16980.0,v0.1
INS_DFB706822F33,REQ_9DCEABDBB990,7,459.99999999999994,v0.1
INS_DFB706822F33,REQ_E2A2D444AFAF,8,6140.0,v0.1
INS_DFB706822F33,REQ_B4187B2BA8E1,9,1000.0,v0.1
INS_DFB706822F33,REQ_A2757CE5EA02,10,10190.0,v0.1
INS_DFB706822F33,REQ_A254BB87D52A,11,3960.0,v0.1
INS_DFB706822F33,REQ_F1A9C29E7BDB,12,400.0,v0.1
INS_DFB706822F33,REQ_6ED590EFB6C0,13,2200.0,v0.1
INS_DFB706822F33,REQ_A356E7647DFF,14,2560.0,v0.1
INS_DFB706822F33,REQ_1912254858CC,15,400.0,v0.1
INS_DFB706822F33,REQ_36A9EB662EE1,16,360.0,v0.1
INS_DFB706822F33,REQ_DE1B4B06572A,17,1490.0,v0.1
INS_DFB706822F33,REQ_0DDE7ABA9282,18,3470.0000000000005,v0.1
INS_DFB706822F33,REQ_72A09854E31A,19,19860.0,v0.1
INS_DFB706822F33,REQ_8864FEF9D467,20,17650.0,v0.1
INS_DFB706822F33,REQ_EC67EB5BABD6,21,919.9999999999999,v0.1
INS_64A00323C017,REQ_C3620844B984,0,1710.0,v0.1
INS_64A00323C017,REQ_1364D0E2BE5E,1,12460.0,v0.1
INS_64A00323C017,REQ_86920C6823B7,2,16070.0,v0.1
INS_64A00323C017,REQ_2BEE5175A35E,3,1700.0,v0.1
INS_64A00323C017,REQ_CCF8B094C151,4,790.0,v0.1
INS_64A00323C017,REQ_50096DFD9EB2,5,880.0000000000001,v0.1
INS_64A00323C017,REQ_5C98C1AA6AC7,6,14850.0,v0.1
INS_64A00323C017,REQ_6D5A6F56497D,7,110.00000000000001,v0.1
INS_64A00323C017,REQ_18A85FD9EC4A,8,2800.0,v0.1
INS_64A00323C017,REQ_0D91D809D024,9,1050.0,v0.1
INS_64A00323C017,REQ_F1A1280C1689,10,2230.0,v0.1
INS_64A00323C017,REQ_DD875A00FF03,11,30000.0,v0.1
INS_64A00323C017,REQ_F98863CD39A8,12,10120.0,v0.1
INS_64A00323C017,REQ_C67C55FFCF62,13,7880.0,v0.1
INS_64A00323C017,REQ_88E33CED7750,14,430.0,v0.1
INS_64A00323C017,REQ_ED474C2FC439,15,11430.0,v0.1
INS_64A00323C017,REQ_B1F9128C29CB,16,17750.0,v0.1
INS_64A00323C017,REQ_4D54A9F04233,17,19320.0,v0.1
INS_64A00323C017,REQ_B61153844BFD,18,29730.0,v0.1
INS_64A00323C017,REQ_4F1B836A8285,19,1400.0,v0.1
INS_64A00323C017,REQ_F77F7B467219,20,30000.0,v0.1
INS_64A00323C017,REQ_C88C07C72AE0,21,350.0,v0.1
INS_64A00323C017,REQ_67F759BC9301,22,2250.0,v0.1
INS_64A00323C017,REQ_BB99A112A717,23,3470.0000000000005,v0.1
INS_64A00323C017,REQ_035C396BD910,24,12500.0,v0.1
INS_64A00323C017,REQ_64DDE7833324,25,1590.0,v0.1
INS_64A00323C017,REQ_07663977B686,26,5420.0,v0.1
INS_64A00323C017,REQ_FC7EBA4613CF,27,30000.0,v0.1
INS_3BC33FE40BCC,REQ_248EDF158F79,0,21610.0,v0.1
INS_3BC33FE40BCC,REQ_8B4969F51731,1,14920.0,v0.1
INS_3BC33FE40BCC,REQ_9A1A9E46DD1F,2,1689.9999999999998,v0.1
INS_3BC33FE40BCC,REQ_53E030991E0A,3,680.0,v0.1
INS_3BC33FE40BCC,REQ_B73DF6DE0F5B,4,21240.0,v0.1
INS_3BC33FE40BCC,REQ_6344AE49CF67,5,16750.0,v0.1
INS_3BC33FE40BCC,REQ_B3E208F413AC,6,400.0,v0.1
INS_3BC33FE40BCC,REQ_0E139FA47431,7,1700.0,v0.1
INS_3BC33FE40BCC,REQ_81E2E10C5B84,8,640.0,v0.1
INS_3BC33FE40BCC,REQ_F71D9AB96FE8,9,450.0,v0.1
INS_3BC33FE40BCC,REQ_6E91E0CD44C2,10,200.0,v0.1
INS_3BC33FE40BCC,REQ_1D3C12B824B0,11,21590.0,v0.1
INS_3BC33FE40BCC,REQ_DA37956A6DDE,12,30000.0,v0.1
INS_3BC33FE40BCC,REQ_DF084DB65B6E,13,200.0,v0.1
INS_3BC33FE40BCC,REQ_FECFA7713B58,14,29210.0,v0.1
INS_3BC33FE40BCC,REQ_89FD7636E08E,15,6790.0,v0.1
INS_3BC33FE40BCC,REQ_7C6244086BA6,16,30000.0,v0.1
INS_3BC33FE40BCC,REQ_BFD8993F28C1,17,1410.0,v0.1
INS_3BC33FE40BCC,REQ_88E0692F8CFC,18,320.0,v0.1
INS_E212F28DC299,REQ_4B90E8A902A4,0,4000.0,v0.1
INS_E212F28DC299,REQ_DA3D1109EE8D,1,30000.0,v0.1
INS_E212F28DC299,REQ_5BC7FFD07233,2,1630.0,v0.1
INS_E212F28DC299,REQ_902BA929E32D,3,1700.0,v0.1
INS_E212F28DC299,REQ_A274B54E41F1,4,6650.0,v0.1
INS_E212F28DC299,REQ_FA7A0CAD93BB,5,6890.0,v0.1
INS_E212F28DC299,REQ_F66D4F200E12,6,30000.0,v0.1
INS_E212F28DC299,REQ_76DBDBFB7E87,7,4710.0,v0.1
INS_E212F28DC299,REQ_77CAD100BE23,8,1380.0,v0.1
INS_E212F28DC299,REQ_23A063532083,9,710.0,v0.1
INS_E212F28DC299,REQ_C700A1016DD6,10,260.0,v0.1
INS_E212F28DC299,REQ_0551715B936D,11,11580.0,v0.1
INS_E212F28DC299,REQ_9759910EA2FF,12,25390.0,v0.1
INS_E212F28DC299,REQ_78CDD93B9287,13,8170.0,v0.1
INS_E212F28DC299,REQ_CB67E440EB53,14,30000.0,v0.1
INS_E212F28DC299,REQ_A4B26CC09313,15,3090.0,v0.1
INS_E212F28DC299,REQ_A9D94E5B2A95,16,1110.0,v0.1
INS_E212F28DC299,REQ_42D8A92FA0AF,17,11870.0,v0.1
INS_E212F28DC299,REQ_25888A31C73A,18,16990.0,v0.1
INS_E212F28DC299,REQ_CFB862F16221,19,500.0,v0.1
INS_E212F28DC299,REQ_6A25FEF481EB,20,1850.0,v0.1
INS_E212F28DC299,REQ_81B4720135D4,21,12710.0,v0.1
INS_E212F28DC299,REQ_880A9984ECD1,22,10360.0,v0.1
INS_E212F28DC299,REQ_99354446E369,23,1250.0,v0.1
INS_E212F28DC299,REQ_D11AAC7E4209,24,3240.0,v0.1
INS_E212F28DC299,REQ_95DD0507F14F,25,790.0,v0.1
INS_E212F28DC299,REQ_24A83DC66B94,26,400.0,v0.1
INS_E212F28DC299,REQ_5A5435272603,27,30000.0,v0.1
INS_E212F28DC299,REQ_3E4701948EA7,28,30000.0,v0.1
INS_E212F28DC299,REQ_48375B0A0AAD,29,6920.0,v0.1
INS_CE4F8E0B07FF,REQ_155397F5FD3D,0,14390.0,v0.1
INS_CE4F8E0B07FF,REQ_F1514BD3EBF8,1,30000.0,v0.1
INS_CE4F8E0B07FF,REQ_B2621A1D7798,2,30000.0,v0.1
INS_CE4F8E0B07FF,REQ_58993B7E1E27,3,25980.0,v0.1
INS_CE4F8E0B07FF,REQ_52E9E310F4DF,4,1860.0,v0.1
INS_CE4F8E0B07FF,REQ_87E11C77002B,5,1160.0,v0.1
INS_CE4F8E0B07FF,REQ_A5A5B583FFBD,6,1010.0,v0.1
INS_CE4F8E0B07FF,REQ_880924DDA7AA,7,30000.0,v0.1
INS_CE4F8E0B07FF,REQ_70A8700A6E03,8,3090.0,v0.1
INS_CE4F8E0B07FF,REQ_BBE144F49F9C,9,1350.0,v0.1
INS_CE4F8E0B07FF,REQ_ADC43DD422DD,10,16940.0,v0.1
INS_CE4F8E0B07FF,REQ_02C5C352A695,11,9850.0,v0.1
INS_CE4F8E0B07FF,REQ_95B0EA4D5F1D,12,30000.0,v0.1
INS_CE4F8E0B07FF,REQ_DEBE32CFFD52,13,20480.0,v0.1
INS_CE4F8E0B07FF,REQ_5EFD2D8C82E0,14,1300.0,v0.1
INS_CE4F8E0B07FF,REQ_3ED63173690E,15,30000.0,v0.1
INS_CE4F8E0B07FF,REQ_3742A9F1AD30,16,190.0,v0.1
INS_CE4F8E0B07FF,REQ_61A2B0905AE2,17,10050.0,v0.1
INS_CE4F8E0B07FF,REQ_163079434E61,18,80.0,v0.1
INS_07AAF5B0804D,REQ_82F1EA5429EC,0,720.0,v0.1
INS_07AAF5B0804D,REQ_EB29F239E857,1,650.0,v0.1
INS_07AAF5B0804D,REQ_ACECE0516170,2,1720.0,v0.1
INS_07AAF5B0804D,REQ_F1ACAD400D7C,3,170.0,v0.1
INS_07AAF5B0804D,REQ_D9FAD1803120,4,310.0,v0.1
INS_07AAF5B0804D,REQ_464C7001A9F4,5,30000.0,v0.1
INS_07AAF5B0804D,REQ_FE8B28071469,6,31700.0,v0.1
INS_07AAF5B0804D,REQ_50B058A8DB79,7,770.0,v0.1
INS_07AAF5B0804D,REQ_926B932DBB3A,8,630.0,v0.1
INS_07AAF5B0804D,REQ_C4DF20393EC7,9,24580.0,v0.1
INS_07AAF5B0804D,REQ_D0B1DE01E66E,10,4180.0,v0.1
INS_D08FCB18D8FE,REQ_902EA59ADF2F,0,11420.0,v0.1
INS_D08FCB18D8FE,REQ_5B87CFE753B5,1,30000.0,v0.1
INS_D08FCB18D8FE,REQ_4411636DD7EB,2,24250.0,v0.1
INS_D08FCB18D8FE,REQ_4987927250E6,3,2240.0,v0.1
INS_D08FCB18D8FE,REQ_E04643C940A5,4,8890.0,v0.1
INS_D08FCB18D8FE,REQ_5F28BA2DC869,5,190.0,v0.1
INS_D08FCB18D8FE,REQ_4371F407B87B,6,25150.0,v0.1
INS_D08FCB18D8FE,REQ_30B74F9E21B0,7,10780.0,v0.1
INS_D08FCB18D8FE,REQ_6A60DB1DEDA6,8,30000.0,v0.1
INS_D08FCB18D8FE,REQ_ADF541D8DBFF,9,840.0,v0.1
INS_D08FCB18D8FE,REQ_519B37D8AAA1,10,5030.0,v0.1
INS_D08FCB18D8FE,REQ_CEBA4E79C1F5,11,30000.0,v0.1
INS_D08FCB18D8FE,REQ_607E7C590B6A,12,3700.0,v0.1
INS_D08FCB18D8FE,REQ_62E15A5D4E10,13,23800.0,v0.1
INS_D08FCB18D8FE,REQ_789765C15041,14,30000.0,v0.1
INS_D08FCB18D8FE,REQ_A00821A56185,15,950.0,v0.1
INS_D08FCB18D8FE,REQ_E8A21C77F13F,16,9680.0,v0.1
INS_D08FCB18D8FE,REQ_952D8B99870A,17,30000.0,v0.1
INS_D08FCB18D8FE,REQ_206EA3FABFA2,18,11600.0,v0.1
INS_D08FCB18D8FE,REQ_F5EBEDBA165F,19,850.0,v0.1
INS_D08FCB18D8FE,REQ_1D1F272838EC,20,1320.0,v0.1
INS_D08FCB18D8FE,REQ_4ACED8586FC2,21,600.0,v0.1
INS_35453987B76E,REQ_D6F94E9D7492,0,950.0,v0.1
INS_35453987B76E,REQ_2FD20CED6F16,1,30000.0,v0.1
INS_35453987B76E,REQ_DDAACD217D12,2,22100.0,v0.1
INS_35453987B76E,REQ_67174D544507,3,8630.0,v0.1
INS_35453987B76E,REQ_E196B00DFE91,4,680.0,v0.1
INS_35453987B76E,REQ_69D56BBCF26F,5,6030.0,v0.1
INS_35453987B76E,REQ_39C195E71A79,6,1050.0,v0.1
INS_35453987B76E,REQ_6563ED4C4A63,7,19650.0,v0.1
INS_35453987B76E,REQ_884E6279848C,8,19400.0,v0.1
INS_35453987B76E,REQ_F787682DA939,9,1090.0,v0.1
INS_35453987B76E,REQ_9B0054DC0B34,10,2740.0,v0.1
INS_35453987B76E,REQ_877766EF9A31,11,12630.0,v0.1
INS_35453987B76E,REQ_BE202AF93CDD,12,11200.0,v0.1
INS_35453987B76E,REQ_64B0A691F3D8,13,30000.0,v0.1
INS_F05DD2A16759,REQ_3C1D26F90403,0,880.0,v0.1
INS_F05DD2A16759,REQ_B71C3184F485,1,120.0,v0.1
INS_F05DD2A16759,REQ_5B6874BD9B4F,2,150.0,v0.1
INS_F05DD2A16759,REQ_785EF8ED4718,3,1300.0,v0.1
INS_F05DD2A16759,REQ_A77643B84FA0,4,13560.0,v0.1
INS_F05DD2A16759,REQ_ECA0B685816A,5,2000.0,v0.1
INS_F05DD2A16759,REQ_68C945797CED,6,459.99999999999994,v0.1
INS_F05DD2A16759,REQ_730106CCAF12,7,310.0,v0.1
INS_6C91815BD5E6,REQ_D51D06A17A45,0,6130.0,v0.1
INS_6C91815BD5E6,REQ_707D4B7CCF8F,1,3890.0,v0.1
INS_6C91815BD5E6,REQ_A93B773F5CEF,2,1410.0,v0.1
INS_6C91815BD5E6,REQ_9BEBE9D039F4,3,2370.0,v0.1
INS_6C91815BD5E6,REQ_E12F4CEF655C,4,16660.0,v0.1
INS_6C91815BD5E6,REQ_E6011102DD02,5,2750.0,v0.1
INS_6C91815BD5E6,REQ_766FF0680535,6,9590.0,v0.1
INS_6C91815BD5E6,REQ_19D1EBA48A1F,7,8620.0,v0.1
INS_6C91815BD5E6,REQ_10F9F137725F,8,6900.0,v0.1
INS_6C91815BD5E6,REQ_5198F49B20C7,9,5460.0,v0.1
INS_2125C3D56A63,REQ_9058DA7D54DD,0,1440.0,v0.1
INS_2125C3D56A63,REQ_3F5BB1D20E5D,1,17420.0,v0.1
INS_2125C3D56A63,REQ_275A80C5EBFB,2,2700.0,v0.1
INS_2125C3D56A63,REQ_3C4C20706EBD,3,350.0,v0.1
INS_2125C3D56A63,REQ_8A8CCEDD293C,4,380.0,v0.1
INS_2125C3D56A63,REQ_BB6E03D6D18F,5,2650.0,v0.1
INS_2125C3D56A63,REQ_C1700563E9B2,6,650.0,v0.1
INS_2125C3D56A63,REQ_A14C59C3DA2A,7,340.0,v0.1
INS_2125C3D56A63,REQ_31D06A361ECC,8,700.0,v0.1
INS_2125C3D56A63,REQ_EC0563BED3E4,9,150.0,v0.1
INS_2125C3D56A63,REQ_D4728125444D,10,2330.0,v0.1
INS_2125C3D56A63,REQ_7B8ED5E4E1BA,11,2000.0,v0.1
INS_2125C3D56A63,REQ_9F255044D498,12,13900.0,v0.1
INS_2125C3D56A63,REQ_73177B16179D,13,17860.0,v0.1
INS_2125C3D56A63,REQ_2C42F461E92B,14,26000.0,v0.1
INS_2125C3D56A63,REQ_603B8B8310C6,15,12430.0,v0.1
INS_2125C3D56A63,REQ_CA0724D7A4DB,16,27350.0,v0.1
INS_2125C3D56A63,REQ_59A1F6FAD454,17,2970.0,v0.1
INS_2125C3D56A63,REQ_632F990C9537,18,710.0,v0.1
INS_2125C3D56A63,REQ_563348E6718F,19,90.0,v0.1
INS_2125C3D56A63,REQ_3A891172DD39,20,290.0,v0.1
INS_2125C3D56A63,REQ_59ECAE667FA8,21,4450.0,v0.1
INS_2125C3D56A63,REQ_063349EDF7A9,22,5850.0,v0.1
INS_2125C3D56A63,REQ_D1CEE522207E,23,20390.0,v0.1
INS_2125C3D56A63,REQ_4E645C39C5DF,24,380.0,v0.1
INS_2125C3D56A63,REQ_B2E594A1A75B,25,14240.0,v0.1
INS_2125C3D56A63,REQ_C992626D74BA,26,2220.0,v0.1
INS_2125C3D56A63,REQ_1711CFB221A3,27,150.0,v0.1
INS_2125C3D56A63,REQ_3440757B6910,28,350.0,v0.1
INS_2125C3D56A63,REQ_964F1A4B76C6,29,23860.0,v0.1
INS_2125C3D56A63,REQ_75C44A5DF4F3,30,3090.0,v0.1
INS_2125C3D56A63,REQ_A4F2195570D6,31,7280.0,v0.1
INS_2125C3D56A63,REQ_EB1DBF3C8D0D,32,9670.0,v0.1
INS_2125C3D56A63,REQ_365B32EEDD5A,33,4090.0,v0.1
INS_2125C3D56A63,REQ_EAA3A1C55909,34,490.00000000000006,v0.1
INS_2125C3D56A63,REQ_E6F8AF7089E9,35,280.0,v0.1
INS_2125C3D56A63,REQ_B1C77303325F,36,24250.0,v0.1
INS_2125C3D56A63,REQ_3438AA0E21E8,37,150.0,v0.1
INS_2125C3D56A63,REQ_F5A58A4D98B0,38,250.0,v0.1
INS_2125C3D56A63,REQ_F492AFC52755,39,2100.0,v0.1
INS_2125C3D56A63,REQ_3C2B21F62C6D,40,9280.0,v0.1
INS_2125C3D56A63,REQ_1D76437D352A,41,14360.0,v0.1
INS_81A512D85D13,REQ_A4CF7A503965,0,150.0,v0.1
INS_81A512D85D13,REQ_1D2475ACD3AB,1,400.0,v0.1
INS_81A512D85D13,REQ_800C85EB2F21,2,180.0,v0.1
INS_81A512D85D13,REQ_43FA0C68F07F,3,8090.000000000001,v0.1
INS_81A512D85D13,REQ_6FFDD26C6167,4,13690.0,v0.1
INS_81A512D85D13,REQ_C68D7503DA6D,5,17860.0,v0.1
INS_81A512D85D13,REQ_775398FB7412,6,200.0,v0.1
INS_81A512D85D13,REQ_FC8B63D9D7BD,7,940.0,v0.1
INS_81A512D85D13,REQ_95F830229E50,8,26930.0,v0.1
INS_81A512D85D13,REQ_E7E943B90838,9,30000.0,v0.1
INS_81A512D85D13,REQ_4971558714ED,10,9840.0,v0.1
INS_81A512D85D13,REQ_8FFDDA1341B4,11,11750.0,v0.1
INS_81A512D85D13,REQ_5CB6003D7E4D,12,200.0,v0.1
INS_81A512D85D13,REQ_9CAEB74EC220,13,970.0,v0.1
INS_D76F71EA9137,REQ_A1781DCB85F6,0,960.0,v0.1
INS_D76F71EA9137,REQ_3CEA749516F8,1,13540.0,v0.1
INS_D76F71EA9137,REQ_DD71B45A6D82,2,1400.0,v0.1
INS_D76F71EA9137,REQ_93AC3FE041A2,3,12670.0,v0.1
INS_D76F71EA9137,REQ_04AB108325EC,4,700.0,v0.1
INS_D76F71EA9137,REQ_0D284A4294B3,5,850.0,v0.1
INS_D76F71EA9137,REQ_C42446018382,6,5660.0,v0.1
INS_D76F71EA9137,REQ_C89ED64BE17C,7,23830.0,v0.1
INS_D76F71EA9137,REQ_BA9C5E4204CF,8,20110.0,v0.1
INS_D76F71EA9137,REQ_5758BA674236,9,18740.0,v0.1
INS_D76F71EA9137,REQ_94C973508247,10,30000.0,v0.1
INS_D76F71EA9137,REQ_82DB84DB7D83,11,30000.0,v0.1
INS_D76F71EA9137,REQ_285D314A581C,12,19370.0,v0.1
INS_4D475B536456,REQ_E34F967D7A7A,0,5520.0,v0.1
INS_4D475B536456,REQ_3AB238AB3CAC,1,1370.0,v0.1
INS_4D475B536456,REQ_9344CD325122,2,7740.0,v0.1
INS_4D475B536456,REQ_564B7F0FA777,3,100.0,v0.1
INS_4D475B536456,REQ_A1FF141A1BAA,4,7880.0,v0.1
INS_4D475B536456,REQ_971994255493,5,16680.0,v0.1
INS_4D475B536456,REQ_97FD4DF5602E,6,1750.0,v0.1
INS_4D475B536456,REQ_15D172348235,7,2210.0,v0.1
INS_B5F87AFC71DB,REQ_5E1ED3E18C54,0,240.0,v0.1
INS_B5F87AFC71DB,REQ_1D79E4EDF882,1,4940.0,v0.1
INS_B5F87AFC71DB,REQ_66850EE92ECE,2,6170.0,v0.1
INS_B5F87AFC71DB,REQ_012AAAD65376,3,23350.0,v0.1
INS_B5F87AFC71DB,REQ_8053591824B2,4,900.0,v0.1
INS_B5F87AFC71DB,REQ_5BF86F90634D,5,13125.0,v0.1
INS_B5F87AFC71DB,REQ_AE19DC635F58,6,240.0,v0.1
INS_B5F87AFC71DB,REQ_F9FFB4A76E36,7,2680.0,v0.1
INS_B5F87AFC71DB,REQ_1CA3AB5F011E,8,8500.0,v0.1
INS_B5F87AFC71DB,REQ_4B1A8ACE2EAA,9,3000.0,v0.1
INS_BB2D195D558E,REQ_1B9D26E31C66,0,1270.0,v0.1
INS_BB2D195D558E,REQ_E27399AD72D2,1,869.9999999999999,v0.1
INS_BB2D195D558E,REQ_0CF4315B7877,2,30000.0,v0.1
INS_BB2D195D558E,REQ_F78870D23F99,3,30000.0,v0.1
INS_BB2D195D558E,REQ_D7EAB87A0D3A,4,30000.0,v0.1
INS_BB2D195D558E,REQ_B420BB67B3AE,5,1550.0,v0.1
INS_BB2D195D558E,REQ_9EC4C904F8DF,6,14690.0,v0.1
INS_BB2D195D558E,REQ_34D0595D8B9B,7,8260.0,v0.1
INS_BB2D195D558E,REQ_EB6DC41CE86D,8,880.0000000000001,v0.1
INS_F81DF552970E,REQ_F644B8A8A8CB,0,900.0,v0.1
INS_F81DF552970E,REQ_C14345B6C90A,1,730.0,v0.1
INS_F81DF552970E,REQ_2F76328F8731,2,5800.0,v0.1
INS_F81DF552970E,REQ_1E730C9DCA28,3,5330.0,v0.1
INS_F81DF552970E,REQ_F058FFECED89,4,150.0,v0.1
INS_F81DF552970E,REQ_B4BE131FBD6E,5,430.0,v0.1
INS_F81DF552970E,REQ_56CF64D74FC7,6,710.0,v0.1
INS_F81DF552970E,REQ_60C66B2177C2,7,620.0,v0.1
INS_F81DF552970E,REQ_766FA43B4323,8,180.0,v0.1
INS_F81DF552970E,REQ_BA7E2236659C,9,1580.0,v0.1
INS_F81DF552970E,REQ_79D07701CE1A,10,3250.0,v0.1
INS_F81DF552970E,REQ_F9DD3E579AE4,11,140.0,v0.1
INS_F81DF552970E,REQ_DC80D7A368DF,12,2350.0,v0.1
INS_F81DF552970E,REQ_5BA3C32C5C5C,13,1090.0,v0.1
INS_F81DF552970E,REQ_EBE63C95DA0B,14,5950.0,v0.1
INS_F81DF552970E,REQ_5B2B146CA394,15,1700.0,v0.1
INS_F81DF552970E,REQ_CB6D9C899859,16,15260.0,v0.1
INS_D4FAA0ABBEEB,REQ_6F365B9A10D6,0,12720.0,v0.1
INS_D4FAA0ABBEEB,REQ_D9D64C7A4B43,1,11600.0,v0.1
INS_D4FAA0ABBEEB,REQ_B5CA52F8B039,2,27250.0,v0.1
INS_D4FAA0ABBEEB,REQ_50B854B09498,3,560.0,v0.1
INS_D4FAA0ABBEEB,REQ_C063698F1CAC,4,200.0,v0.1
INS_D4FAA0ABBEEB,REQ_7DC86BDCBAD4,5,550.0,v0.1
INS_D4FAA0ABBEEB,REQ_FAC35B04426B,6,3210.0,v0.1
INS_D4FAA0ABBEEB,REQ_98FB1DE41F79,7,500.0,v0.1
INS_D4FAA0ABBEEB,REQ_27DCF9164A73,8,18680.0,v0.1
INS_D4FAA0ABBEEB,REQ_EE3C19E57510,9,20470.0,v0.1
INS_D4FAA0ABBEEB,REQ_B503B41234CF,10,919.9999999999999,v0.1
INS_D4FAA0ABBEEB,REQ_8247C9DCC25B,11,2780.0,v0.1
INS_D4FAA0ABBEEB,REQ_6A4957437689,12,30000.0,v0.1
INS_D4FAA0ABBEEB,REQ_EDC96408C361,13,9050.0,v0.1
INS_D4FAA0ABBEEB,REQ_6E6397477A3D,14,300.0,v0.1
INS_D4FAA0ABBEEB,REQ_C7EC93D31735,15,600.0,v0.1
INS_D4FAA0ABBEEB,REQ_F71D9AB96FE8,16,450.0,v0.1
INS_D4FAA0ABBEEB,REQ_0AA212354F11,17,1700.0,v0.1
INS_D4FAA0ABBEEB,REQ_C3ED8EC234D4,18,620.0,v0.1
INS_D4FAA0ABBEEB,REQ_3F05402CC61E,19,980.0000000000001,v0.1
INS_D4FAA0ABBEEB,REQ_743C9C0EA428,20,6350.0,v0.1
INS_D4FAA0ABBEEB,REQ_EA4B1FCE5905,21,15410.0,v0.1
INS_D4FAA0ABBEEB,REQ_DF58015C221D,22,200.0,v0.1
INS_D4FAA0ABBEEB,REQ_30B251621422,23,490.00000000000006,v0.1
INS_D4FAA0ABBEEB,REQ_471EF7F7E74A,24,2100.0,v0.1
INS_D4FAA0ABBEEB,REQ_19DC5A9D6A63,25,30000.0,v0.1
INS_D4FAA0ABBEEB,REQ_7C6244086BA6,26,30000.0,v0.1
INS_D4FAA0ABBEEB,REQ_23E92FF04348,27,1650.0,v0.1
INS_D4FAA0ABBEEB,REQ_4A88B2D4CDC4,28,7930.0,v0.1
INS_98EA45BB558A,REQ_F1034C58488C,0,459.99999999999994,v0.1
INS_98EA45BB558A,REQ_2F1885F47B47,1,20900.0,v0.1
INS_98EA45BB558A,REQ_471EF7F7E74A,2,2100.0,v0.1
INS_98EA45BB558A,REQ_17D1099CDEC7,3,600.0,v0.1
INS_98EA45BB558A,REQ_81DB55CC2313,4,25350.0,v0.1
INS_98EA45BB558A,REQ_E8E9A6DC8E50,5,630.0,v0.1
INS_98EA45BB558A,REQ_F25A997BA326,6,80.0,v0.1
INS_98EA45BB558A,REQ_339A81A6E824,7,1450.0,v0.1
INS_98EA45BB558A,REQ_EDC96408C361,8,9050.0,v0.1
INS_98EA45BB558A,REQ_24A0FC83E6B3,9,1190.0,v0.1
INS_98EA45BB558A,REQ_3EFB8AA00227,10,1250.0,v0.1
INS_B194427ED8D6,REQ_B1B563BD4159,0,1730.0,v0.1
INS_B194427ED8D6,REQ_D648703B8051,1,430.0,v0.1
INS_B194427ED8D6,REQ_8503A824E4BC,2,2810.0,v0.1
INS_B194427ED8D6,REQ_72C77270D116,3,17830.0,v0.1
INS_B194427ED8D6,REQ_1C3F5E7E600C,4,300.0,v0.1
INS_B194427ED8D6,REQ_0A0FB44CC766,5,9980.0,v0.1
INS_B194427ED8D6,REQ_56425C65ADC3,6,19640.0,v0.1
INS_B194427ED8D6,REQ_4A80361840BC,7,340.0,v0.1
INS_B194427ED8D6,REQ_AE6C43106D30,8,5200.0,v0.1
INS_B194427ED8D6,REQ_080533B6E9C7,9,2670.0,v0.1
INS_003AB8D52886,REQ_46E51E8D1FD6,0,30000.0,v0.1
INS_003AB8D52886,REQ_3C110A7451AA,1,30000.0,v0.1
INS_003AB8D52886,REQ_F26378D02269,2,30000.0,v0.1
INS_003AB8D52886,REQ_83460775ABB9,3,30000.0,v0.1
INS_003AB8D52886,REQ_C6B6CEDEAAEE,4,30000.0,v0.1
INS_003AB8D52886,REQ_A7B945D73A87,5,30000.0,v0.1
INS_003AB8D52886,REQ_725ACAF24939,6,30000.0,v0.1
INS_003AB8D52886,REQ_BAD5094FC616,7,30000.0,v0.1
INS_B3B6D1F8E14F,REQ_94E47DD0439D,0,11150.0,v0.1
INS_B3B6D1F8E14F,REQ_BF45CF3AB158,1,14910.0,v0.1
INS_B3B6D1F8E14F,REQ_355A84870FA3,2,11490.0,v0.1
INS_B3B6D1F8E14F,REQ_A1E788221B0A,3,8840.0,v0.1
INS_B3B6D1F8E14F,REQ_B41A1A7B60DD,4,30000.0,v0.1
INS_B3B6D1F8E14F,REQ_D338BB82A544,5,1350.0,v0.1
INS_B3B6D1F8E14F,REQ_A2D9E2540F9C,6,540.0,v0.1
INS_B3B6D1F8E14F,REQ_AAB3D353FF3B,7,80.0,v0.1
INS_B3B6D1F8E14F,REQ_2F766FED6E3A,8,3330.0,v0.1
INS_B3B6D1F8E14F,REQ_0B10F73CC301,9,30000.0,v0.1
INS_6C1F287118C1,REQ_5F20FB2E6306,0,2060.0,v0.1
INS_6C1F287118C1,REQ_92DD339A628D,1,9220.0,v0.1
INS_6C1F287118C1,REQ_027D98D52D28,2,6180.0,v0.1
INS_6C1F287118C1,REQ_E24DAA3407B6,3,200.0,v0.1
INS_6C1F287118C1,REQ_4E25C335B0BC,4,23770.0,v0.1
INS_6C1F287118C1,REQ_DB8EF4A27D2A,5,650.0,v0.1
INS_6C1F287118C1,REQ_434E887A7621,6,9210.0,v0.1
INS_6C1F287118C1,REQ_17CB30A1C1DF,7,10740.0,v0.1
INS_B166AD070111,REQ_896346B92833,0,30000.0,v0.1
INS_B166AD070111,REQ_4CFE7070C24B,1,2750.0,v0.1
INS_B166AD070111,REQ_4EA908B53671,2,440.0,v0.1
INS_B166AD070111,REQ_852B74375A9F,3,30000.0,v0.1
INS_B166AD070111,REQ_DB9F739E997C,4,2620.0,v0.1
INS_B166AD070111,REQ_FE20F116D41A,5,930.0,v0.1
INS_B166AD070111,REQ_C1141AF81658,6,1450.0,v0.1
INS_B166AD070111,REQ_F74760C272CC,7,30000.0,v0.1
INS_B166AD070111,REQ_D4DA138EA4D4,8,4560.0,v0.1
INS_B166AD070111,REQ_AD26C9612F2A,9,10430.0,v0.1
INS_B166AD070111,REQ_D9357740C166,10,450.0,v0.1
INS_B166AD070111,REQ_2798D7F0BD86,11,250.0,v0.1
INS_B166AD070111,REQ_54F716212271,12,12360.0,v0.1
INS_B166AD070111,REQ_DEC4B76C9F8E,13,650.0,v0.1
INS_B166AD070111,REQ_79EABE9951C1,14,10000.0,v0.1
INS_B166AD070111,REQ_A1AE6C278118,15,1040.0,v0.1
INS_B166AD070111,REQ_E2243EA20648,16,900.0,v0.1
INS_B166AD070111,REQ_B9B0FD7600C8,17,570.0,v0.1
INS_B166AD070111,REQ_DA8E7711BD8D,18,15060.0,v0.1
INS_B166AD070111,REQ_CE9328E6D317,19,9270.0,v0.1
INS_B166AD070111,REQ_9549F2A621F7,20,8030.0,v0.1
INS_B166AD070111,REQ_040FABC7A9E0,21,3940.0,v0.1
INS_B166AD070111,REQ_E2C6E77D597D,22,5120.0,v0.1
INS_B166AD070111,REQ_3AF8D5287CF5,23,4880.0,v0.1
INS_B166AD070111,REQ_4B27E5D76803,24,280.0,v0.1
INS_B166AD070111,REQ_0E97BAA62BE5,25,30000.0,v0.1
INS_B166AD070111,REQ_55CD954B5D3F,26,13360.0,v0.1
INS_B166AD070111,REQ_9F3E9BCB88B7,27,30000.0,v0.1
INS_B166AD070111,REQ_9B85DFE72FD9,28,860.0,v0.1
INS_B166AD070111,REQ_8CBD357ED03A,29,17230.0,v0.1
INS_B166AD070111,REQ_148722E7626A,30,450.0,v0.1
INS_B166AD070111,REQ_DE51641D6FB7,31,250.0,v0.1
INS_B166AD070111,REQ_FA38C13ABDE5,32,740.0,v0.1
INS_3875F7E070A1,REQ_E12F4CEF655C,0,16660.0,v0.1
INS_3875F7E070A1,REQ_94A0AB31C762,1,30000.0,v0.1
INS_3875F7E070A1,REQ_4756961CD89C,2,3720.0,v0.1
INS_3875F7E070A1,REQ_3EEEE307FC63,3,30000.0,v0.1
INS_3875F7E070A1,REQ_35140E03B8B3,4,4750.0,v0.1
INS_3875F7E070A1,REQ_75894A695F4A,5,7660.0,v0.1
INS_3875F7E070A1,REQ_74BD644895D5,6,16840.0,v0.1
INS_3875F7E070A1,REQ_8DDA0421DBC1,7,300.0,v0.1
INS_3875F7E070A1,REQ_5299D1622502,8,12810.0,v0.1
INS_3875F7E070A1,REQ_4CB72C66F9AE,9,7700.0,v0.1
INS_3875F7E070A1,REQ_E37AACE1C26E,10,30000.0,v0.1
INS_E8668D8E9155,REQ_F8A995062717,0,5750.0,v0.1
INS_E8668D8E9155,REQ_CA61307D4AB4,1,10650.0,v0.1
INS_E8668D8E9155,REQ_2A99B08B655F,2,19900.0,v0.1
INS_E8668D8E9155,REQ_94002A6A6A5E,3,710.0,v0.1
INS_E8668D8E9155,REQ_B4B20CE07AB3,4,21300.0,v0.1
INS_E8668D8E9155,REQ_8F5FBEEACA66,5,330.0,v0.1
INS_E8668D8E9155,REQ_60B2F872897D,6,11800.0,v0.1
INS_E8668D8E9155,REQ_A8B3AEBA9B37,7,240.0,v0.1
INS_E8668D8E9155,REQ_F68FE25FFFEA,8,3200.0,v0.1
INS_E8668D8E9155,REQ_98AA8717808B,9,3779.9999999999995,v0.1
INS_E8668D8E9155,REQ_42487C1897C5,10,30000.0,v0.1
INS_C7DCC8C2BA8F,REQ_0C29D1C7632C,0,30000.0,v0.1
INS_C7DCC8C2BA8F,REQ_B928B17119AE,1,6080.0,v0.1
INS_C7DCC8C2BA8F,REQ_6C087EA6F86F,2,30000.0,v0.1
INS_C7DCC8C2BA8F,REQ_0CC67604B2B7,3,24350.0,v0.1
INS_C7DCC8C2BA8F,REQ_8BEBDFC315FC,4,15350.0,v0.1
INS_C7DCC8C2BA8F,REQ_CB81322F5C84,5,6800.0,v0.1
INS_C7DCC8C2BA8F,REQ_AF8CDDA4D5E0,6,30000.0,v0.1
INS_C7DCC8C2BA8F,REQ_754815DAB900,7,30000.0,v0.1
INS_C7DCC8C2BA8F,REQ_B884FFFCE234,8,30000.0,v0.1
INS_C7DCC8C2BA8F,REQ_05AC31DD7CD8,9,9310.0,v0.1
INS_C7DCC8C2BA8F,REQ_43CCF80E4E99,10,30000.0,v0.1
INS_C7DCC8C2BA8F,REQ_48C9BCADCABD,11,30000.0,v0.1
INS_C7DCC8C2BA8F,REQ_BC1B952684D8,12,30000.0,v0.1
INS_C7DCC8C2BA8F,REQ_BA4765F3E68D,13,30000.0,v0.1
INS_C7DCC8C2BA8F,REQ_788FAF911A5E,14,550.0,v0.1
INS_C7DCC8C2BA8F,REQ_919DD27012C6,15,30000.0,v0.1
INS_C7DCC8C2BA8F,REQ_16000AC93CBF,16,17000.0,v0.1
INS_C7DCC8C2BA8F,REQ_D7C981DEE0E7,17,7309.999999999999,v0.1
INS_779109E34AE4,REQ_D83381E9970B,0,30000.0,v0.1
INS_779109E34AE4,REQ_FDD057568520,1,30000.0,v0.1
INS_779109E34AE4,REQ_8F717200F89D,2,11430.0,v0.1
INS_779109E34AE4,REQ_BBCB6F5C41EE,3,27060.0,v0.1
INS_779109E34AE4,REQ_5397DF010582,4,30000.0,v0.1
INS_779109E34AE4,REQ_57FD9283ECDD,5,13890.0,v0.1
INS_779109E34AE4,REQ_D6A702805405,6,13950.0,v0.1
INS_779109E34AE4,REQ_811D4A5B9CC3,7,30000.0,v0.1
INS_779109E34AE4,REQ_546A19D960B0,8,30000.0,v0.1
INS_779109E34AE4,REQ_C40ABD233FAB,9,30000.0,v0.1
INS_779109E34AE4,REQ_A7BC46973A10,10,15700.0,v0.1
INS_779109E34AE4,REQ_1FF03DAE2839,11,30000.0,v0.1
INS_779109E34AE4,REQ_EDCDD411CC74,12,30000.0,v0.1
INS_779109E34AE4,REQ_05284FE85B1C,13,25360.0,v0.1
INS_779109E34AE4,REQ_CBE58178588E,14,10570.0,v0.1
INS_779109E34AE4,REQ_7CF9F5A90A05,15,14280.0,v0.1
INS_779109E34AE4,REQ_3EEBB86092EC,16,30000.0,v0.1
INS_779109E34AE4,REQ_8D6E1C7C1E4E,17,30000.0,v0.1
INS_7C833D7F1BCD,REQ_C3C792F7495C,0,440.00000000000006,v0.1
INS_7C833D7F1BCD,REQ_DC32AA60B56F,1,819.9999999999999,v0.1
INS_7C833D7F1BCD,REQ_5394FA944B03,2,25290.0,v0.1
INS_7C833D7F1BCD,REQ_2351BBDB06FF,3,30000.0,v0.1
INS_7C833D7F1BCD,REQ_0E802F6D3E94,4,560.0,v0.1
INS_7C833D7F1BCD,REQ_94355C071338,5,5510.0,v0.1
INS_7C833D7F1BCD,REQ_387EA495D200,6,1019.9999999999999,v0.1
INS_7C833D7F1BCD,REQ_3C9F28D4A149,7,1030.0,v0.1
INS_7C833D7F1BCD,REQ_F42F103711A8,8,30000.0,v0.1
INS_7C833D7F1BCD,REQ_6546BECFFD21,9,650.0,v0.1
INS_E0975EFB54CC,REQ_833CA232C027,0,400.0,v0.1
INS_E0975EFB54CC,REQ_3C4C20706EBD,1,350.0,v0.1
INS_E0975EFB54CC,REQ_752DC23A6AB4,2,2160.0,v0.1
INS_E0975EFB54CC,REQ_1BFD2DB628B5,3,15950.0,v0.1
INS_E0975EFB54CC,REQ_E102D439215A,4,18730.0,v0.1
INS_E0975EFB54CC,REQ_790CCE562F04,5,950.0,v0.1
INS_E0975EFB54CC,REQ_75E3A2C347E2,6,400.0,v0.1
INS_E0975EFB54CC,REQ_9058DA7D54DD,7,1440.0,v0.1
INS_E0975EFB54CC,REQ_EBFCC6F576A0,8,2720.0,v0.1
INS_E0975EFB54CC,REQ_F5A58A4D98B0,9,250.0,v0.1
INS_E0975EFB54CC,REQ_ADE37712F10C,10,30000.0,v0.1
INS_E0975EFB54CC,REQ_4E645C39C5DF,11,380.0,v0.1
INS_E0975EFB54CC,REQ_1684EAB3BCC8,12,1380.0,v0.1
INS_E0975EFB54CC,REQ_B1C77303325F,13,24250.0,v0.1
INS_E0975EFB54CC,REQ_2498D6825EBB,14,690.0,v0.1
INS_E0975EFB54CC,REQ_A568E785B3D3,15,250.0,v0.1
INS_E0975EFB54CC,REQ_A321471981CC,16,20490.0,v0.1
INS_E0975EFB54CC,REQ_1711CFB221A3,17,150.0,v0.1
INS_E0975EFB54CC,REQ_20D7EF69EF07,18,2280.0,v0.1
INS_E0975EFB54CC,REQ_18F429A29A96,19,9500.0,v0.1
INS_E0975EFB54CC,REQ_5C9C01CF9384,20,18000.0,v0.1
INS_E0975EFB54CC,REQ_14B7509F3E12,21,170.0,v0.1
INS_E0975EFB54CC,REQ_3438AA0E21E8,22,150.0,v0.1
INS_E0975EFB54CC,REQ_2C42F461E92B,23,26000.0,v0.1
INS_E0975EFB54CC,REQ_B2C52C7A9EE7,24,30000.0,v0.1
INS_E0975EFB54CC,REQ_33B4BA437CD9,25,330.0,v0.1
INS_C89AAB076132,REQ_852B74375A9F,0,30000.0,v0.1
INS_C89AAB076132,REQ_B9B0FD7600C8,1,570.0,v0.1
INS_C89AAB076132,REQ_AD26C9612F2A,2,10430.0,v0.1
INS_C89AAB076132,REQ_D5817FEB36F4,3,13320.0,v0.1
INS_C89AAB076132,REQ_79EABE9951C1,4,10000.0,v0.1
INS_C89AAB076132,REQ_24E6A31CE150,5,22170.0,v0.1
INS_C89AAB076132,REQ_08B00E074678,6,10630.0,v0.1
INS_C89AAB076132,REQ_CDC63C174679,7,630.0,v0.1
INS_C89AAB076132,REQ_6484203FA368,8,940.0,v0.1
INS_C89AAB076132,REQ_5B4A42F2E5B1,9,280.0,v0.1
INS_C89AAB076132,REQ_6B94341088CE,10,3350.0,v0.1
INS_C89AAB076132,REQ_D4DA138EA4D4,11,4560.0,v0.1
INS_C89AAB076132,REQ_F581CA8E8641,12,400.0,v0.1
INS_C89AAB076132,REQ_7CAA9AA22AC6,13,2010.0000000000002,v0.1
INS_C89AAB076132,REQ_83DB041C41E9,14,480.0,v0.1
INS_C89AAB076132,REQ_10D45FF78EF0,15,170.0,v0.1
INS_C89AAB076132,REQ_104D3656F914,16,6800.0,v0.1
INS_C89AAB076132,REQ_EF330410B77D,17,240.0,v0.1
INS_C89AAB076132,REQ_B83872CB8E9E,18,3200.0,v0.1
INS_C89AAB076132,REQ_148722E7626A,19,450.0,v0.1
INS_C89AAB076132,REQ_896346B92833,20,30000.0,v0.1
INS_C89AAB076132,REQ_6E1D469B1BBD,21,570.0,v0.1
INS_C89AAB076132,REQ_9549F2A621F7,22,8030.0,v0.1
INS_C89AAB076132,REQ_9B85DFE72FD9,23,860.0,v0.1
INS_C89AAB076132,REQ_3275AF5E6930,24,1780.0,v0.1
INS_C89AAB076132,REQ_DEC4B76C9F8E,25,650.0,v0.1
INS_C89AAB076132,REQ_93058019137E,26,340.0,v0.1
INS_C89AAB076132,REQ_8720112ECCDB,27,4450.0,v0.1
INS_C89AAB076132,REQ_FA445C1CEA50,28,10860.0,v0.1
INS_C89AAB076132,REQ_86A7FFC1860D,29,7500.0,v0.1
INS_C89AAB076132,REQ_AD4CA3FAFDAF,30,430.0,v0.1
INS_C89AAB076132,REQ_DB9F739E997C,31,2620.0,v0.1
INS_C89AAB076132,REQ_F82411CC8F94,32,16280.0,v0.1
INS_C89AAB076132,REQ_4CDC0443EDE7,33,7080.0,v0.1
INS_C89AAB076132,REQ_4B27E5D76803,34,280.0,v0.1
INS_C89AAB076132,REQ_4D6D647DACDE,35,1120.0,v0.1
INS_C89AAB076132,REQ_1B54720C91B5,36,550.0,v0.1
INS_C89AAB076132,REQ_D91287D92D62,37,3979.9999999999995,v0.1
INS_C89AAB076132,REQ_384B14E64D10,38,4360.0,v0.1
INS_C89AAB076132,REQ_04BAB8CB41D8,39,4500.0,v0.1
INS_C89AAB076132,REQ_CE9328E6D317,40,9270.0,v0.1
INS_C89AAB076132,REQ_040FABC7A9E0,41,3940.0,v0.1
INS_C89AAB076132,REQ_A35C295642E3,42,1150.0,v0.1
INS_C89AAB076132,REQ_1DAC137AF899,43,1300.0,v0.1
INS_C89AAB076132,REQ_1EE9BF66006D,44,23430.0,v0.1
INS_C89AAB076132,REQ_79F973AE9912,45,1040.0,v0.1
INS_C89AAB076132,REQ_A6DF18A72A58,46,3940.0,v0.1
INS_C89AAB076132,REQ_784547CF0591,47,700.0,v0.1
INS_C89AAB076132,REQ_FE20F116D41A,48,930.0,v0.1
INS_C89AAB076132,REQ_0E97BAA62BE5,49,30000.0,v0.1
INS_C89AAB076132,REQ_741F4443DB39,50,1100.0,v0.1
INS_C89AAB076132,REQ_E2C6E77D597D,51,5120.0,v0.1
INS_C89AAB076132,REQ_0279376200D4,52,360.0,v0.1
INS_0A20BC72C354,REQ_358DB6825B05,0,21960.0,v0.1
INS_0A20BC72C354,REQ_0C24837834BE,1,2130.0,v0.1
INS_0A20BC72C354,REQ_DA46E1E46A90,2,1350.0,v0.1
INS_0A20BC72C354,REQ_A990BE8F2F44,3,7000.0,v0.1
INS_0A20BC72C354,REQ_FE276D7892F6,4,30000.0,v0.1
INS_0A20BC72C354,REQ_EDB302D9AF0D,5,30000.0,v0.1
INS_0A20BC72C354,REQ_DCFCE8CA401C,6,100.0,v0.1
INS_0A20BC72C354,REQ_6FDCC489A7FD,7,30000.0,v0.1
INS_0A20BC72C354,REQ_7992844C52ED,8,2610.0,v0.1
INS_0A20BC72C354,REQ_3289994686B7,9,1300.0,v0.1
INS_0A20BC72C354,REQ_DEFD870AE58F,10,20750.0,v0.1
INS_0A20BC72C354,REQ_92676257512E,11,7100.0,v0.1
INS_0A20BC72C354,REQ_0C2529B31BC2,12,700.0,v0.1
INS_0A20BC72C354,REQ_D2FDADA79E30,13,6570.0,v0.1
INS_0A20BC72C354,REQ_5DE2B1EEE9F6,14,1220.0,v0.1
INS_0A20BC72C354,REQ_9678EB05D989,15,30000.0,v0.1
INS_0A20BC72C354,REQ_24150F97115C,16,1610.0,v0.1
INS_0A20BC72C354,REQ_074EBCD1F4CF,17,400.0,v0.1
INS_0A20BC72C354,REQ_F5FB226C97CF,18,90.0,v0.1
INS_3E132E107A02,REQ_9BC7736ADE42,0,1960.0,v0.1
INS_3E132E107A02,REQ_7FA6B07D602B,1,1550.0,v0.1
INS_3E132E107A02,REQ_BBEB36681D44,2,18100.0,v0.1
INS_3E132E107A02,REQ_F3BC7FF2C0CD,3,2750.0,v0.1
INS_3E132E107A02,REQ_B5F25B74DACF,4,19190.0,v0.1
INS_3E132E107A02,REQ_63F17B6061B3,5,1040.0,v0.1
INS_3E132E107A02,REQ_93ED83801C15,6,16650.0,v0.1
INS_3E132E107A02,REQ_FB25FE300702,7,2150.0,v0.1
INS_E88C2433410E,REQ_1E93D5D91B35,0,320.0,v0.1
INS_E88C2433410E,REQ_60D4CD83426D,1,2910.0,v0.1
INS_E88C2433410E,REQ_6169BD6EB06A,2,350.0,v0.1
INS_E88C2433410E,REQ_79E0BA78084A,3,270.0,v0.1
INS_E88C2433410E,REQ_A5D734A5866E,4,30000.0,v0.1
INS_E88C2433410E,REQ_FF7A4E569DDF,5,210.0,v0.1
INS_E88C2433410E,REQ_994DBE608335,6,30000.0,v0.1
INS_E88C2433410E,REQ_38E5C502CE8F,7,10180.0,v0.1
INS_E88C2433410E,REQ_0A9258223E35,8,80.0,v0.1
INS_E88C2433410E,REQ_10BAFF6D8A6A,9,790.0,v0.1
INS_E88C2433410E,REQ_8FB98425D208,10,30000.0,v0.1
INS_E88C2433410E,REQ_E5CE1488C2A1,11,30000.0,v0.1
INS_E88C2433410E,REQ_ADD834665E49,12,4740.0,v0.1
INS_E88C2433410E,REQ_6AAA820BFD7F,13,1910.0000000000002,v0.1
INS_E88C2433410E,REQ_8248875814B0,14,2920.0,v0.1
INS_E88C2433410E,REQ_B47E69F6DCEE,15,30000.0,v0.1
INS_E88C2433410E,REQ_FC3FB95E53F1,16,19900.0,v0.1
INS_E88C2433410E,REQ_2E52CDCC7C47,17,1490.0,v0.1
INS_E88C2433410E,REQ_CFB5B2E7C55F,18,1090.0,v0.1
INS_E88C2433410E,REQ_4BE818B53308,19,3740.0,v0.1
INS_E88C2433410E,REQ_867C6514CFC6,20,30000.0,v0.1
INS_E88C2433410E,REQ_6B3FC9BA9A7E,21,150.0,v0.1
INS_E88C2433410E,REQ_E5CDFFBE6A07,22,1700.0,v0.1
INS_E88C2433410E,REQ_87DBE975AFA0,23,1310.0,v0.1
INS_83C339471923,REQ_586CFEA17228,0,30000.0,v0.1
INS_83C339471923,REQ_F6FFB8A24ADA,1,30000.0,v0.1
INS_83C339471923,REQ_CE2B495917DD,2,200.0,v0.1
INS_83C339471923,REQ_1F4267DD095E,3,24350.0,v0.1
INS_83C339471923,REQ_8061C6F88F7B,4,1000.0,v0.1
INS_83C339471923,REQ_7EE25FD01096,5,4500.0,v0.1
INS_83C339471923,REQ_17F8A27FFFBB,6,17700.0,v0.1
INS_83C339471923,REQ_96BCF7F4C36C,7,30000.0,v0.1
INS_83C339471923,REQ_53F895841C13,8,710.0,v0.1
INS_83C339471923,REQ_A9D6F65DD521,9,150.0,v0.1
INS_83C339471923,REQ_847FE82EA7DF,10,30000.0,v0.1
INS_83C339471923,REQ_E62ECCC14446,11,13490.0,v0.1
INS_83C339471923,REQ_2BFD3722DA71,12,2200.0,v0.1
INS_83C339471923,REQ_29D12DCAF42F,13,400.0,v0.1
INS_83C339471923,REQ_75921E4DC9F7,14,500.0,v0.1
INS_D2387D21E355,REQ_976097F93969,0,9850.0,v0.1
INS_D2387D21E355,REQ_4D139D9EB4C1,1,1300.0,v0.1
INS_D2387D21E355,REQ_5F350E70727E,2,6825.0,v0.1
INS_D2387D21E355,REQ_5910F8B30198,3,1510.0,v0.1
INS_D2387D21E355,REQ_90C24A4CE2ED,4,1200.0,v0.1
INS_D2387D21E355,REQ_7333E6F03D75,5,680.0,v0.1
INS_D2387D21E355,REQ_5D4DB328DDE5,6,30000.0,v0.1
INS_D2387D21E355,REQ_7CF24C799EC1,7,1730.0,v0.1
INS_49B1E31B0DD8,REQ_DD39ECEFFEFC,0,13490.0,v0.1
INS_49B1E31B0DD8,REQ_3A8EF4435D02,1,919.9999999999999,v0.1
INS_49B1E31B0DD8,REQ_7E214F3515F5,2,8009.999999999999,v0.1
INS_49B1E31B0DD8,REQ_8171E518F6C7,3,2250.0,v0.1
INS_49B1E31B0DD8,REQ_79E11EAE0445,4,26190.0,v0.1
INS_49B1E31B0DD8,REQ_1A018F728DDD,5,23570.0,v0.1
INS_49B1E31B0DD8,REQ_AFEDDA861D77,6,350.0,v0.1
INS_49B1E31B0DD8,REQ_B7F4E14B8E1D,7,3479.9999999999995,v0.1
INS_49B1E31B0DD8,REQ_ECB721C3E597,8,670.0,v0.1
INS_49B1E31B0DD8,REQ_2400298D8BA1,9,330.0,v0.1
INS_49B1E31B0DD8,REQ_A9EAB46B6DFD,10,6990.0,v0.1
INS_49B1E31B0DD8,REQ_62C01A1DF705,11,30000.0,v0.1
INS_49B1E31B0DD8,REQ_D7FEBC145808,12,30000.0,v0.1
INS_49B1E31B0DD8,REQ_FBDEE5D480EC,13,14580.0,v0.1
INS_49B1E31B0DD8,REQ_E9B8A48FDDDE,14,23990.0,v0.1
INS_49B1E31B0DD8,REQ_56529CAF4FF5,15,600.0,v0.1
INS_49B1E31B0DD8,REQ_5CFA01752774,16,19240.0,v0.1
INS_49B1E31B0DD8,REQ_AFDF5F77CE7E,17,2550.0,v0.1
INS_49B1E31B0DD8,REQ_30174A4577D6,18,24670.0,v0.1
INS_49B1E31B0DD8,REQ_F088477FB019,19,18200.0,v0.1
INS_49B1E31B0DD8,REQ_123C309AED98,20,8020.0,v0.1
INS_49B1E31B0DD8,REQ_1C49182C263D,21,8620.0,v0.1
INS_49B1E31B0DD8,REQ_392B2948DF92,22,440.0,v0.1
INS_49B1E31B0DD8,REQ_0FB29F5A7384,23,30000.0,v0.1
INS_49B1E31B0DD8,REQ_849A1DE7BF07,24,10850.0,v0.1
INS_49B1E31B0DD8,REQ_D84799C3F0D9,25,30000.0,v0.1
INS_49B1E31B0DD8,REQ_CAACB8BDCB6D,26,30000.0,v0.1
INS_49B1E31B0DD8,REQ_A1A087EE1608,27,1910.0000000000002,v0.1
INS_49B1E31B0DD8,REQ_F1D169E18D99,28,21230.0,v0.1
INS_8A34151B26A5,REQ_AF3DCAC9A71D,0,580.0,v0.1
INS_8A34151B26A5,REQ_00572427D972,1,650.0,v0.1
INS_8A34151B26A5,REQ_CADD114DED9D,2,30000.0,v0.1
INS_8A34151B26A5,REQ_24A0FC83E6B3,3,1190.0,v0.1
INS_8A34151B26A5,REQ_D7E388001900,4,28290.0,v0.1
INS_8A34151B26A5,REQ_788402EF8787,5,1450.0,v0.1
INS_8A34151B26A5,REQ_0AA212354F11,6,1700.0,v0.1
INS_8A34151B26A5,REQ_FC99ED55918D,7,30000.0,v0.1
INS_8A34151B26A5,REQ_94CFF6A1AE48,8,5690.0,v0.1
INS_8A34151B26A5,REQ_E59CF68DADF6,9,30000.0,v0.1
INS_8A34151B26A5,REQ_00DC33F280E8,10,390.0,v0.1
INS_8A34151B26A5,REQ_BF6D402D5EDE,11,10050.0,v0.1
INS_8A34151B26A5,REQ_41C1F5538FFD,12,30000.0,v0.1
INS_8A34151B26A5,REQ_81DB55CC2313,13,25350.0,v0.1
INS_8A34151B26A5,REQ_9AE8E1F2CF25,14,1150.0,v0.1
INS_8A34151B26A5,REQ_09CDC5B0FEDD,15,100.0,v0.1
INS_8A34151B26A5,REQ_C0992D66F80D,16,1080.0,v0.1
INS_8A34151B26A5,REQ_FCE180C3C273,17,26389.999999999996,v0.1
INS_8A34151B26A5,REQ_6A4957437689,18,30000.0,v0.1
INS_8A34151B26A5,REQ_1DA436693D7C,19,6350.0,v0.1
INS_8A34151B26A5,REQ_77974F60BFEB,20,100.0,v0.1
INS_8A34151B26A5,REQ_4551FEF76D9E,21,1450.0,v0.1
INS_8A34151B26A5,REQ_67B381C999D6,22,170.0,v0.1
INS_8A34151B26A5,REQ_7CF3FB4F0746,23,1320.0,v0.1
INS_E045E28704A7,REQ_18FACE0D81FA,0,100.0,v0.1
INS_E045E28704A7,REQ_618DFE35B7DE,1,440.0,v0.1
INS_E045E28704A7,REQ_337C03BBD266,2,30000.0,v0.1
INS_E045E28704A7,REQ_774AEA1C0CBF,3,1180.0,v0.1
INS_E045E28704A7,REQ_4826642CD725,4,880.0,v0.1
INS_E045E28704A7,REQ_65A4EE8042DF,5,1210.0,v0.1
INS_E045E28704A7,REQ_3CF4F48D580D,6,14420.0,v0.1
INS_E045E28704A7,REQ_624CAF4575E3,7,509.99999999999994,v0.1
INS_4D99B40593DC,REQ_BC4F48241900,0,30000.0,v0.1
INS_4D99B40593DC,REQ_9BEEBE911F18,1,26490.0,v0.1
INS_4D99B40593DC,REQ_50A2F45747C0,2,9160.0,v0.1
INS_4D99B40593DC,REQ_C4C88F09234B,3,15140.0,v0.1
INS_4D99B40593DC,REQ_7F35A3B51B46,4,14420.0,v0.1
INS_4D99B40593DC,REQ_3418D62F8989,5,30000.0,v0.1
INS_4D99B40593DC,REQ_7868BDF12EC9,6,3560.0,v0.1
INS_4D99B40593DC,REQ_DBA4E7252854,7,9400.0,v0.1
INS_4D99B40593DC,REQ_7C94B21AD1E4,8,30000.0,v0.1
INS_4D99B40593DC,REQ_53FCCA9803C4,9,11710.0,v0.1
INS_4D99B40593DC,REQ_23597F191A8D,10,11100.0,v0.1
INS_8AEE00744467,REQ_073392287219,0,400.0,v0.1
INS_8AEE00744467,REQ_3C707614D30F,1,5660.0,v0.1
INS_8AEE00744467,REQ_6C33F6E19DCB,2,30000.0,v0.1
INS_8AEE00744467,REQ_B987BD564CE2,3,4920.0,v0.1
INS_8AEE00744467,REQ_231A91044222,4,600.0,v0.1
INS_8AEE00744467,REQ_640C240DB4EC,5,320.0,v0.1
INS_8AEE00744467,REQ_B5E35BCF69A4,6,30000.0,v0.1
INS_8AEE00744467,REQ_C298899600A4,7,11490.0,v0.1
INS_8AEE00744467,REQ_557A644DF69E,8,30000.0,v0.1
INS_8AEE00744467,REQ_BEB4387C0A2E,9,30000.0,v0.1
INS_8AEE00744467,REQ_94B1E3B8E770,10,30000.0,v0.1
INS_8AEE00744467,REQ_0CB5319CA597,11,320.0,v0.1
INS_8AEE00744467,REQ_86AF9E44A1C2,12,14740.0,v0.1
INS_8AEE00744467,REQ_94608E003334,13,30000.0,v0.1
INS_8AEE00744467,REQ_330C8F95B39A,14,520.0,v0.1
INS_8AEE00744467,REQ_F24631BB6CBF,15,30000.0,v0.1
INS_8AEE00744467,REQ_0CED442C1229,16,480.0,v0.1
INS_8AEE00744467,REQ_F1BCE2171353,17,30000.0,v0.1
INS_8AEE00744467,REQ_D6CE35E0432E,18,4840.0,v0.1
INS_8AEE00744467,REQ_04C5EB60AB97,19,30000.0,v0.1
INS_8AEE00744467,REQ_BA5680351D93,20,140.0,v0.1
INS_8AEE00744467,REQ_918976706E73,21,30000.0,v0.1
INS_8335405738CC,REQ_DD63EF9DDB63,0,2470.0,v0.1
INS_8335405738CC,REQ_C743FD875FDE,1,28900.0,v0.1
INS_8335405738CC,REQ_18068B39D79E,2,7320.0,v0.1
INS_8335405738CC,REQ_3966229E9E74,3,1270.0,v0.1
INS_8335405738CC,REQ_9EA3942FCA30,4,30000.0,v0.1
INS_8335405738CC,REQ_0B7622492F34,5,21190.0,v0.1
INS_8335405738CC,REQ_5AC03F998A8D,6,1660.0000000000002,v0.1
INS_8335405738CC,REQ_8A596ADDC6B5,7,19160.0,v0.1
INS_8335405738CC,REQ_F4755DE86678,8,30000.0,v0.1
INS_8335405738CC,REQ_2460B2EDC42A,9,1540.0,v0.1
INS_8335405738CC,REQ_B5CA52F8B039,10,27250.0,v0.1
INS_8335405738CC,REQ_DDDF5CAAD1D6,11,24510.0,v0.1
INS_8335405738CC,REQ_6B29D2E357B5,12,1250.0,v0.1
INS_FF7BF97B987D,REQ_D0C83F32ACAE,0,7130.0,v0.1
INS_FF7BF97B987D,REQ_67CAF72B5B4F,1,12050.0,v0.1
INS_FF7BF97B987D,REQ_4BF631B824D2,2,29940.0,v0.1
INS_FF7BF97B987D,REQ_6B1BF084FD80,3,29160.0,v0.1
INS_FF7BF97B987D,REQ_300E9822D1CA,4,30000.0,v0.1
INS_FF7BF97B987D,REQ_F3E94DE9CEE7,5,30000.0,v0.1
INS_FF7BF97B987D,REQ_2E9A2F6F7E3E,6,200.0,v0.1
INS_FF7BF97B987D,REQ_D0CF4751F3E0,7,700.0,v0.1
INS_FF7BF97B987D,REQ_8563A00605DD,8,9660.0,v0.1
INS_FF7BF97B987D,REQ_EE2F03E13169,9,459.99999999999994,v0.1
INS_FF7BF97B987D,REQ_68B0A57F5053,10,100.0,v0.1
INS_FF7BF97B987D,REQ_79D40552275A,11,19750.0,v0.1
INS_FF7BF97B987D,REQ_5193CCDBE5AC,12,9210.0,v0.1
INS_CA787109CFF6,REQ_A84E9A6BA66C,0,7340.0,v0.1
INS_CA787109CFF6,REQ_DA632DFC38D5,1,5400.0,v0.1
INS_CA787109CFF6,REQ_E365E0D2353A,2,2150.0,v0.1
INS_CA787109CFF6,REQ_4F1BE0394EA1,3,760.0,v0.1
INS_CA787109CFF6,REQ_03CB04AD80D0,4,12800.0,v0.1
INS_CA787109CFF6,REQ_DA6F60815A2E,5,25080.0,v0.1
INS_CA787109CFF6,REQ_B4E0D95527C2,6,1860.0,v0.1
INS_CA787109CFF6,REQ_528658D35786,7,4230.0,v0.1
INS_CA787109CFF6,REQ_6674FBD8B1CA,8,6220.0,v0.1
INS_CA787109CFF6,REQ_CDE402CC4E51,9,6170.0,v0.1
INS_626902900AEF,REQ_BCC425254335,0,30000.0,v0.1
INS_626902900AEF,REQ_6624966FF1EA,1,30000.0,v0.1
INS_626902900AEF,REQ_5628DC851857,2,16520.0,v0.1
INS_626902900AEF,REQ_AC5BA126695F,3,740.0,v0.1
INS_626902900AEF,REQ_F1DCE964DCEF,4,23340.0,v0.1
INS_626902900AEF,REQ_1057B027ADAC,5,280.0,v0.1
INS_626902900AEF,REQ_A229F61BBA14,6,10870.0,v0.1
INS_626902900AEF,REQ_7C377D1D3388,7,1120.0,v0.1
INS_626902900AEF,REQ_6DAA7C94F00B,8,30000.0,v0.1
INS_626902900AEF,REQ_1A5E67173C23,9,610.0,v0.1
INS_39D5169721D3,REQ_DAF200223318,0,230.0,v0.1
INS_39D5169721D3,REQ_4CD7B5DF35B2,1,400.0,v0.1
INS_39D5169721D3,REQ_67D8FA283555,2,1410.0,v0.1
INS_39D5169721D3,REQ_D51181EC4ABE,3,1900.0,v0.1
INS_39D5169721D3,REQ_A1E13458957A,4,30000.0,v0.1
INS_39D5169721D3,REQ_5A91DBC153B3,5,1500.0,v0.1
INS_39D5169721D3,REQ_323DCEC8DCDD,6,11625.0,v0.1
INS_39D5169721D3,REQ_958EB30B5ADB,7,3040.0,v0.1
INS_39D5169721D3,REQ_F5BB882FE6D9,8,1540.0,v0.1
INS_39D5169721D3,REQ_DD050DA03DFE,9,5270.0,v0.1
INS_39D5169721D3,REQ_61C5B70AF4B9,10,30000.0,v0.1
INS_39D5169721D3,REQ_E00D164BB154,11,150.0,v0.1
INS_39D5169721D3,REQ_CE76DCB8E064,12,1200.0,v0.1
INS_39D5169721D3,REQ_E4071BD36D70,13,7510.0,v0.1
INS_39D5169721D3,REQ_3D04A178B8F2,14,1410.0,v0.1
INS_39D5169721D3,REQ_C3BCFB754952,15,9250.0,v0.1
INS_39D5169721D3,REQ_F5BFC8B12663,16,7810.0,v0.1
INS_39D5169721D3,REQ_D03927811905,17,30000.0,v0.1
INS_39D5169721D3,REQ_611F26F0EA34,18,11130.0,v0.1
INS_39D5169721D3,REQ_89D647E1FD3F,19,860.0,v0.1
INS_39D5169721D3,REQ_F42F103711A8,20,30000.0,v0.1
INS_39D5169721D3,REQ_AD16FBAB2D8D,21,24290.0,v0.1
INS_39D5169721D3,REQ_C0EE0F40FE61,22,2450.0,v0.1
INS_39D5169721D3,REQ_9B792ED83DB4,23,2160.0,v0.1
INS_39D5169721D3,REQ_D6331D4EDB6E,24,3550.0,v0.1
INS_39D5169721D3,REQ_06DB83EB9CCD,25,360.0,v0.1
INS_39D5169721D3,REQ_574B419AFF39,26,1120.0,v0.1
INS_39D5169721D3,REQ_A0C352A12267,27,140.0,v0.1
INS_39D5169721D3,REQ_EDCC0DDCA405,28,10430.0,v0.1
INS_39D5169721D3,REQ_F8EDAD6D486E,29,400.0,v0.1
INS_39D5169721D3,REQ_525C7375A0E2,30,190.0,v0.1
INS_2842B03554EB,REQ_6BA91C7C71F1,0,2700.0,v0.1
INS_2842B03554EB,REQ_806F16078670,1,1450.0,v0.1
INS_2842B03554EB,REQ_16BC6144DF4D,2,1150.0,v0.1
INS_2842B03554EB,REQ_DA0FF62AA0CA,3,5750.0,v0.1
INS_2842B03554EB,REQ_5CEA28EEA5B8,4,970.0,v0.1
INS_2842B03554EB,REQ_F353A5EDDF4C,5,30000.0,v0.1
INS_2842B03554EB,REQ_7D3B1220DEE8,6,3250.0,v0.1
INS_2842B03554EB,REQ_6D2134A5D450,7,24710.0,v0.1
INS_2842B03554EB,REQ_01C343E1A152,8,12800.0,v0.1
INS_2842B03554EB,REQ_C818136231A7,9,6470.0,v0.1
INS_2842B03554EB,REQ_D402B8CADD1F,10,2600.0,v0.1
INS_2842B03554EB,REQ_BD5D190C4D37,11,6050.0,v0.1
INS_2842B03554EB,REQ_BC3AEFD11635,12,30000.0,v0.1
INS_2842B03554EB,REQ_315A60861534,13,7240.0,v0.1
INS_2842B03554EB,REQ_3AADCA904073,14,3210.0,v0.1
INS_2842B03554EB,REQ_EA9EB4892D49,15,1270.0,v0.1
INS_2842B03554EB,REQ_46215E7DBE56,16,12330.0,v0.1
INS_2842B03554EB,REQ_B2F7AB8D4277,17,1540.0,v0.1
INS_2842B03554EB,REQ_3AA04F7D93D1,18,3420.0000000000005,v0.1
INS_2842B03554EB,REQ_4BD24530D365,19,980.0000000000001,v0.1
INS_D6ABD436E5AA,REQ_F57D167474BD,0,11670.0,v0.1
INS_D6ABD436E5AA,REQ_A56DD12D0F53,1,2810.0,v0.1
INS_D6ABD436E5AA,REQ_EE447F625BA1,2,9020.0,v0.1
INS_D6ABD436E5AA,REQ_0F5FABFC1B95,3,1810.0000000000002,v0.1
INS_D6ABD436E5AA,REQ_B5AB8A292263,4,3600.0,v0.1
INS_D6ABD436E5AA,REQ_3339AD6CF1EC,5,1550.0,v0.1
INS_D6ABD436E5AA,REQ_0CEC62433C26,6,1989.9999999999998,v0.1
INS_D6ABD436E5AA,REQ_67228848F4B9,7,2010.0000000000002,v0.1
INS_D6ABD436E5AA,REQ_E1F0A0A03469,8,850.0,v0.1
INS_D6ABD436E5AA,REQ_179788FD7CAC,9,940.0,v0.1
INS_D6ABD436E5AA,REQ_FD662873205F,10,2050.0,v0.1
INS_D6ABD436E5AA,REQ_114934A131E7,11,1700.0,v0.1
INS_D6ABD436E5AA,REQ_A781892F2A1F,12,1550.0,v0.1
INS_D6ABD436E5AA,REQ_AEAB87CEA9E2,13,3320.0,v0.1
INS_D6ABD436E5AA,REQ_927613330BF3,14,6940.0,v0.1
INS_D6ABD436E5AA,REQ_CED460C2FFF9,15,8660.0,v0.1
INS_D6ABD436E5AA,REQ_645AD02211B4,16,3630.0,v0.1
INS_D6ABD436E5AA,REQ_BB1068C1A5E0,17,16150.0,v0.1
INS_D6ABD436E5AA,REQ_A8BEEACCD3CB,18,440.00000000000006,v0.1
INS_D6ABD436E5AA,REQ_D7D9504BB5E8,19,930.0,v0.1
INS_D6ABD436E5AA,REQ_3647345C133E,20,750.0,v0.1
INS_D6ABD436E5AA,REQ_6D1F52147345,21,1340.0,v0.1
INS_D6ABD436E5AA,REQ_5AAEA0C355E9,22,960.0,v0.1
INS_D6ABD436E5AA,REQ_1FFC659B6557,23,690.0,v0.1
INS_D6ABD436E5AA,REQ_E45C860F0B57,24,100.0,v0.1
INS_D6ABD436E5AA,REQ_C598FA767B66,25,4700.0,v0.1
INS_D6ABD436E5AA,REQ_2622823E4C78,26,10280.0,v0.1
INS_D6ABD436E5AA,REQ_2820A7EF8F8E,27,590.0,v0.1
INS_D6ABD436E5AA,REQ_1F10824A262C,28,22410.0,v0.1
INS_D6ABD436E5AA,REQ_DBF5749C0F1A,29,19150.0,v0.1
INS_D6ABD436E5AA,REQ_EA2E96EC27A7,30,4260.0,v0.1
INS_D6ABD436E5AA,REQ_3CA700A55F84,31,250.0,v0.1
INS_D6ABD436E5AA,REQ_19FFC37D84B2,32,940.0,v0.1
INS_D6ABD436E5AA,REQ_147C7B3B2F90,33,1360.0,v0.1
INS_D6ABD436E5AA,REQ_E44FFA769B52,34,1330.0,v0.1
INS_D6ABD436E5AA,REQ_408910617C9A,35,1370.0,v0.1
INS_D6ABD436E5AA,REQ_F798BCD1D195,36,1190.0,v0.1
INS_D6ABD436E5AA,REQ_4693B6AA9E13,37,10690.0,v0.1
INS_D6ABD436E5AA,REQ_7246F1615C3F,38,20800.0,v0.1
INS_D6ABD436E5AA,REQ_B7EEE0101F62,39,80.0,v0.1
INS_D6ABD436E5AA,REQ_C84724948CA7,40,1010.0,v0.1
INS_D6ABD436E5AA,REQ_632CD84BF5EF,41,3500.0,v0.1
INS_D6ABD436E5AA,REQ_E25F1E6AB8B4,42,23960.0,v0.1
INS_D6ABD436E5AA,REQ_A2143D8A6A5A,43,270.0,v0.1
INS_D6ABD436E5AA,REQ_8DD4CE867D79,44,6940.0,v0.1
INS_D6ABD436E5AA,REQ_71162935DEE9,45,8630.0,v0.1
INS_D6ABD436E5AA,REQ_7E26DC947AF9,46,5200.0,v0.1
INS_D6ABD436E5AA,REQ_3FBE9EE6D983,47,16900.0,v0.1
INS_D6ABD436E5AA,REQ_3C3323DC84F0,48,580.0,v0.1
INS_7E49A8AD33C4,REQ_04EF78E78706,0,20060.0,v0.1
INS_7E49A8AD33C4,REQ_E25E2DD074FB,1,17740.0,v0.1
INS_7E49A8AD33C4,REQ_4BE0C09F6875,2,20790.0,v0.1
INS_7E49A8AD33C4,REQ_5F446DF542CF,3,24970.0,v0.1
INS_E974E0F43F7F,REQ_F172E5DA0E73,0,1940.0,v0.1
INS_E974E0F43F7F,REQ_D648703B8051,1,430.0,v0.1
INS_E974E0F43F7F,REQ_B5CFD4955A9B,2,12425.0,v0.1
INS_E974E0F43F7F,REQ_AE6C43106D30,3,5200.0,v0.1
INS_E974E0F43F7F,REQ_F67CDC463918,4,1800.0,v0.1
INS_E974E0F43F7F,REQ_D0EADB547BE8,5,19760.0,v0.1
INS_E974E0F43F7F,REQ_D67AA08BF3A1,6,2020.0,v0.1
INS_E974E0F43F7F,REQ_92AC2CB57F93,7,2800.0,v0.1
INS_E974E0F43F7F,REQ_4B3E3622ECE1,8,10340.0,v0.1
INS_E974E0F43F7F,REQ_645EFBFD4663,9,880.0,v0.1
INS_FEA34AD3FE6D,REQ_AA4AFAE13C6E,0,9800.0,v0.1
INS_FEA34AD3FE6D,REQ_D7C981DEE0E7,1,7309.999999999999,v0.1
INS_FEA34AD3FE6D,REQ_AF8CDDA4D5E0,2,30000.0,v0.1
INS_FEA34AD3FE6D,REQ_C21D9002E4B1,3,22540.0,v0.1
INS_FEA34AD3FE6D,REQ_9137C155DD72,4,13460.0,v0.1
INS_FEA34AD3FE6D,REQ_B884FFFCE234,5,30000.0,v0.1
INS_FEA34AD3FE6D,REQ_8F909F86C457,6,17800.0,v0.1
INS_FEA34AD3FE6D,REQ_754815DAB900,7,30000.0,v0.1
INS_FEA34AD3FE6D,REQ_48C9BCADCABD,8,30000.0,v0.1
INS_FEA34AD3FE6D,REQ_8BEBDFC315FC,9,15350.0,v0.1
INS_FEA34AD3FE6D,REQ_BA4765F3E68D,10,30000.0,v0.1
INS_FEA34AD3FE6D,REQ_4CC2DA46AECF,11,30000.0,v0.1
INS_FEA34AD3FE6D,REQ_43CCF80E4E99,12,30000.0,v0.1
INS_FEA34AD3FE6D,REQ_2A92DFD89864,13,17760.0,v0.1
INS_FEA34AD3FE6D,REQ_A673DE68CE58,14,26980.0,v0.1
INS_FEA34AD3FE6D,REQ_25F94CE4E455,15,30000.0,v0.1
INS_FEA34AD3FE6D,REQ_CB81322F5C84,16,6800.0,v0.1
INS_FEA34AD3FE6D,REQ_0C29D1C7632C,17,30000.0,v0.1
INS_FEA34AD3FE6D,REQ_919DD27012C6,18,30000.0,v0.1
INS_FEA34AD3FE6D,REQ_B928B17119AE,19,6080.0,v0.1
INS_FEA34AD3FE6D,REQ_0CC67604B2B7,20,24350.0,v0.1
INS_FEA34AD3FE6D,REQ_16000AC93CBF,21,17000.0,v0.1
INS_FEA34AD3FE6D,REQ_75AB6204EF53,22,390.0,v0.1
INS_FEA34AD3FE6D,REQ_CECF7A168639,23,30000.0,v0.1
INS_FEA34AD3FE6D,REQ_05AC31DD7CD8,24,9310.0,v0.1
INS_FEA34AD3FE6D,REQ_895E7DF735BD,25,14200.0,v0.1
INS_FEA34AD3FE6D,REQ_788FAF911A5E,26,550.0,v0.1
INS_FEA34AD3FE6D,REQ_6C087EA6F86F,27,30000.0,v0.1
INS_96CC97141063,REQ_9ED17BD15A6B,0,30000.0,v0.1
INS_96CC97141063,REQ_163079434E61,1,80.0,v0.1
INS_96CC97141063,REQ_35C5673B903B,2,16020.0,v0.1
INS_96CC97141063,REQ_CCDD9EE86D25,3,30000.0,v0.1
INS_96CC97141063,REQ_BBE144F49F9C,4,1350.0,v0.1
INS_96CC97141063,REQ_297012753A5B,5,30000.0,v0.1
INS_96CC97141063,REQ_7E016E5750F9,6,7180.0,v0.1
INS_96CC97141063,REQ_30759B79BCF9,7,470.0,v0.1
INS_96CC97141063,REQ_ADC43DD422DD,8,16940.0,v0.1
INS_96CC97141063,REQ_7CD7AF8CE2D0,9,620.0,v0.1
INS_96CC97141063,REQ_F328D4110CD7,10,11540.0,v0.1
INS_96CC97141063,REQ_FECBDB78BBEC,11,3400.0,v0.1
INS_96CC97141063,REQ_E61D66AE4EB5,12,19490.0,v0.1
INS_96CC97141063,REQ_C91B4F62CE65,13,28160.000000000004,v0.1
INS_96CC97141063,REQ_DAB8CFFC32BF,14,750.0,v0.1
INS_96CC97141063,REQ_D224D4801982,15,30000.0,v0.1
INS_96CC97141063,REQ_EAD337517A9E,16,30000.0,v0.1
INS_8C7253822FA4,REQ_075DB42420F3,0,640.0,v0.1
INS_8C7253822FA4,REQ_2834FC720DA8,1,1830.0,v0.1
INS_8C7253822FA4,REQ_AB557BB78B89,2,4720.0,v0.1
INS_8C7253822FA4,REQ_7068169FBC08,3,14650.0,v0.1
INS_8C7253822FA4,REQ_0F98626E1103,4,370.0,v0.1
INS_8C7253822FA4,REQ_3337B7832CF6,5,750.0,v0.1
INS_8C7253822FA4,REQ_8060616DEE0B,6,4240.0,v0.1
INS_8C7253822FA4,REQ_27F485040134,7,5270.0,v0.1
INS_8C7253822FA4,REQ_987618EC34D4,8,2020.0,v0.1
INS_8C7253822FA4,REQ_7857EDD675A4,9,120.0,v0.1
INS_8C7253822FA4,REQ_9ED1956EFBB3,10,8600.0,v0.1
INS_8C7253822FA4,REQ_351A826497E3,11,2830.0,v0.1
INS_8C7253822FA4,REQ_F42E33CB502E,12,13310.0,v0.1
INS_8C7253822FA4,REQ_3F951CAFB9B4,13,23600.0,v0.1
INS_8C7253822FA4,REQ_6D1EFC6E3A5D,14,17160.0,v0.1
INS_8C7253822FA4,REQ_387DCC7922AB,15,6580.0,v0.1
INS_8C7253822FA4,REQ_652FC748F9B9,16,6400.0,v0.1
INS_8C7253822FA4,REQ_232CCACAA735,17,300.0,v0.1
INS_8C7253822FA4,REQ_AECCB86F26AB,18,1400.0,v0.1
INS_8C7253822FA4,REQ_343149A8EC58,19,30000.0,v0.1
INS_8C7253822FA4,REQ_708B0E1A5E5A,20,200.0,v0.1
INS_8C7253822FA4,REQ_EA562476F1F5,21,350.0,v0.1
INS_8C7253822FA4,REQ_E4ED643EEFE9,22,9360.0,v0.1
INS_8C7253822FA4,REQ_2BA75525B4E3,23,770.0,v0.1
INS_8C7253822FA4,REQ_DF41D88CAAD7,24,550.0,v0.1
INS_8C7253822FA4,REQ_7B937EC7C685,25,2490.0,v0.1
INS_8C7253822FA4,REQ_09AEE4948DC4,26,440.0,v0.1
INS_D41DB09DAB25,REQ_653B3D6E9A05,0,6010.0,v0.1
INS_D41DB09DAB25,REQ_B2FCAA643121,1,30000.0,v0.1
INS_D41DB09DAB25,REQ_D294DDCBDDDD,2,6460.0,v0.1
INS_D41DB09DAB25,REQ_1B13974FD3DF,3,450.0,v0.1
INS_D41DB09DAB25,REQ_2C59298DF70D,4,180.0,v0.1
INS_D41DB09DAB25,REQ_F2912AC05D35,5,12950.0,v0.1
INS_D41DB09DAB25,REQ_132F180F90D1,6,480.0,v0.1
INS_D41DB09DAB25,REQ_F8E6477E138F,7,30000.0,v0.1
INS_51C4B617C8C2,REQ_96AB6BB074CB,0,4940.0,v0.1
INS_51C4B617C8C2,REQ_7CF24C799EC1,1,1730.0,v0.1
INS_51C4B617C8C2,REQ_103C6D8DB001,2,300.0,v0.1
INS_51C4B617C8C2,REQ_99A476393370,3,30000.0,v0.1
INS_51C4B617C8C2,REQ_F57CDB79E84E,4,450.0,v0.1
INS_51C4B617C8C2,REQ_9FA0C39E6734,5,1150.0,v0.1
INS_51C4B617C8C2,REQ_29ED36C67983,6,7390.0,v0.1
INS_51C4B617C8C2,REQ_6A71D33B2244,7,900.0,v0.1
INS_51C4B617C8C2,REQ_076D261B9240,8,30000.0,v0.1
INS_51C4B617C8C2,REQ_ADCE82763E73,9,3140.0,v0.1
INS_51C4B617C8C2,REQ_77D69E581F42,10,13460.0,v0.1
INS_51C4B617C8C2,REQ_29C2581DC417,11,6630.0,v0.1
INS_51C4B617C8C2,REQ_7EC5BA8CC895,12,30000.0,v0.1
INS_B335973368F9,REQ_500454E16C06,0,30000.0,v0.1
INS_B335973368F9,REQ_2CAFB08AB446,1,2350.0,v0.1
INS_B335973368F9,REQ_D7668C34CE3F,2,1100.0,v0.1
INS_B335973368F9,REQ_33C165516220,3,420.0,v0.1
INS_B335973368F9,REQ_020EBAF00BC6,4,30000.0,v0.1
INS_B335973368F9,REQ_DA7BA27FBEA8,5,1080.0,v0.1
INS_B335973368F9,REQ_D61264269A81,6,1060.0,v0.1
INS_B335973368F9,REQ_E844A4980007,7,2150.0,v0.1
INS_B335973368F9,REQ_79838F60EA39,8,2750.0,v0.1
INS_B335973368F9,REQ_A7461C900EE5,9,22820.0,v0.1
INS_B335973368F9,REQ_FF220CE71746,10,8750.0,v0.1
INS_B335973368F9,REQ_C5E8B020FFA0,11,6660.0,v0.1
INS_B335973368F9,REQ_C946B3BD9465,12,15750.0,v0.1
INS_B335973368F9,REQ_9D7C4F57C9AB,13,30000.0,v0.1
INS_B335973368F9,REQ_58416028DD69,14,5460.0,v0.1
INS_B335973368F9,REQ_A0939033CB2E,15,790.0,v0.1
INS_B335973368F9,REQ_1C4FAE42C22B,16,480.0,v0.1
INS_B335973368F9,REQ_E5F5093F8218,17,15230.0,v0.1
INS_B335973368F9,REQ_E75E5DAE27C3,18,1760.0,v0.1
INS_B335973368F9,REQ_5C110FDEC180,19,17190.0,v0.1
INS_B335973368F9,REQ_9BEA58DA1E05,20,10250.0,v0.1
INS_B335973368F9,REQ_CECE94FFDD8E,21,15580.0,v0.1
INS_B335973368F9,REQ_6C49F78236B2,22,840.0,v0.1
INS_B335973368F9,REQ_53267476CB50,23,440.00000000000006,v0.1
INS_B335973368F9,REQ_96D4FEFAF48F,24,3680.0,v0.1
INS_B335973368F9,REQ_AA1F2A660A02,25,100.0,v0.1
INS_B335973368F9,REQ_F8B27784A548,26,200.0,v0.1
INS_B335973368F9,REQ_CB94E1645CA1,27,15210.0,v0.1
INS_B335973368F9,REQ_619657029237,28,1370.0,v0.1
INS_B335973368F9,REQ_BFD041F7A2C6,29,509.99999999999994,v0.1
INS_77956B9D3CF3,REQ_FBF869BF05E9,0,6500.0,v0.1
INS_77956B9D3CF3,REQ_A73A97CA28AE,1,18850.0,v0.1
INS_77956B9D3CF3,REQ_78C983D7B66F,2,4610.0,v0.1
INS_77956B9D3CF3,REQ_EBDEA138306D,3,4660.0,v0.1
INS_77956B9D3CF3,REQ_C0378C0E1A9A,4,340.0,v0.1
INS_77956B9D3CF3,REQ_C95F213FB458,5,17260.0,v0.1
INS_77956B9D3CF3,REQ_BF6397D77EC9,6,4100.0,v0.1
INS_77956B9D3CF3,REQ_46033AFFCE16,7,1450.0,v0.1
INS_3C69003D1A2E,REQ_C3FA5A3AFF63,0,3750.0,v0.1
INS_3C69003D1A2E,REQ_A92DF53AADDE,1,760.0,v0.1
INS_3C69003D1A2E,REQ_A13E5DFF51DB,2,550.0,v0.1
INS_3C69003D1A2E,REQ_CA1E70B602C2,3,450.0,v0.1
INS_3C69003D1A2E,REQ_F644B8A8A8CB,4,900.0,v0.1
INS_3C69003D1A2E,REQ_9AC67D2903D8,5,30000.0,v0.1
INS_3C69003D1A2E,REQ_C0EE132FD662,6,800.0,v0.1
INS_3C69003D1A2E,REQ_FAA4F543032A,7,509.99999999999994,v0.1
INS_3C69003D1A2E,REQ_3B546738FEB5,8,869.9999999999999,v0.1
INS_3C69003D1A2E,REQ_68A0FEEF5F7D,9,890.0,v0.1
INS_3C69003D1A2E,REQ_B4BE131FBD6E,10,430.0,v0.1
INS_3C69003D1A2E,REQ_380DA3BA7CDF,11,1790.0,v0.1
INS_9F0DCF0555E7,REQ_9568A222B63F,0,30000.0,v0.1
INS_9F0DCF0555E7,REQ_99FC8B948BBC,1,27500.0,v0.1
INS_9F0DCF0555E7,REQ_136B83A4CFC0,2,30000.0,v0.1
INS_9F0DCF0555E7,REQ_8531D7DA866B,3,9300.0,v0.1
INS_9F0DCF0555E7,REQ_3B9EB9C7ED9F,4,830.0000000000001,v0.1
INS_9F0DCF0555E7,REQ_9C08ABE17CF7,5,14000.0,v0.1
INS_9F0DCF0555E7,REQ_26C2300CEAF6,6,16510.0,v0.1
INS_9F0DCF0555E7,REQ_3555EBC2F42F,7,5070.0,v0.1
INS_9F0DCF0555E7,REQ_4CA9A8D735E2,8,1270.0,v0.1
INS_9F0DCF0555E7,REQ_BE525C359984,9,2580.0,v0.1
INS_9F0DCF0555E7,REQ_1A16CD099641,10,26100.0,v0.1
INS_9F0DCF0555E7,REQ_4D40EAD05185,11,30000.0,v0.1
INS_9F0DCF0555E7,REQ_807467DFD98B,12,2660.0,v0.1
INS_9F0DCF0555E7,REQ_5DEF037D8CBD,13,1100.0,v0.1
INS_9F0DCF0555E7,REQ_77FDE5D56124,14,350.0,v0.1
INS_9F0DCF0555E7,REQ_3146CF2CD56C,15,280.0,v0.1
INS_9F0DCF0555E7,REQ_599B5160511B,16,30000.0,v0.1
INS_9F0DCF0555E7,REQ_A7AB0C692020,17,2910.0,v0.1
INS_9F0DCF0555E7,REQ_9F55585E9BF0,18,30000.0,v0.1
INS_9F0DCF0555E7,REQ_A128B5D7E841,19,26700.0,v0.1
INS_9F0DCF0555E7,REQ_45DC0CF39F13,20,30000.0,v0.1
INS_9F0DCF0555E7,REQ_A86DD8C34DFB,21,7400.0,v0.1
INS_9F0DCF0555E7,REQ_F1DF5A52B558,22,5990.0,v0.1
INS_9F0DCF0555E7,REQ_BA81F829AD36,23,900.0,v0.1
INS_9F0DCF0555E7,REQ_98FC432CE9E7,24,13590.0,v0.1
INS_9F0DCF0555E7,REQ_1AA7C148AE17,25,2380.0,v0.1
INS_D73C6E6DBDF2,REQ_EFFD3A81450C,0,560.0,v0.1
INS_D73C6E6DBDF2,REQ_2C350E8B8E8F,1,30000.0,v0.1
INS_D73C6E6DBDF2,REQ_6B55E84E5A7C,2,80.0,v0.1
INS_D73C6E6DBDF2,REQ_77A79B5290E6,3,980.0,v0.1
INS_D73C6E6DBDF2,REQ_6408CD9C4E51,4,3400.0,v0.1
INS_D73C6E6DBDF2,REQ_FFD4369FB5CE,5,350.0,v0.1
INS_D73C6E6DBDF2,REQ_8CBB5AEA4771,6,430.0,v0.1
INS_D73C6E6DBDF2,REQ_58DE38C04838,7,1700.0,v0.1
INS_D73C6E6DBDF2,REQ_FFD37620657E,8,300.0,v0.1
INS_D73C6E6DBDF2,REQ_45AD7AAC4CFB,9,919.9999999999999,v0.1
INS_D73C6E6DBDF2,REQ_88CA3C9E6C60,10,4660.0,v0.1
INS_D73C6E6DBDF2,REQ_DEAD0B16A178,11,760.0,v0.1
INS_F3A54A3EA9D5,REQ_8EE7040935E4,0,2480.0,v0.1
INS_F3A54A3EA9D5,REQ_1F298A35EC7A,1,2840.0,v0.1
INS_F3A54A3EA9D5,REQ_59B59195158E,2,700.0,v0.1
INS_F3A54A3EA9D5,REQ_F2CF03720882,3,30000.0,v0.1
INS_F3A54A3EA9D5,REQ_FB1E8547B11D,4,15750.0,v0.1
INS_F3A54A3EA9D5,REQ_939A36AE5C0B,5,6860.0,v0.1
INS_F3A54A3EA9D5,REQ_A2612A396582,6,30000.0,v0.1
INS_F3A54A3EA9D5,REQ_9BDEA7CFFAB4,7,180.0,v0.1
INS_F3A54A3EA9D5,REQ_34447C68B5EB,8,1000.0,v0.1
INS_F3A54A3EA9D5,REQ_EBE636DA1CDC,9,12170.0,v0.1
INS_F3A54A3EA9D5,REQ_CB10E439B3EB,10,670.0,v0.1
INS_F3A54A3EA9D5,REQ_8DE1ACE7EE05,11,9850.0,v0.1
INS_F3A54A3EA9D5,REQ_48BB7DE44C75,12,260.0,v0.1
INS_F3A54A3EA9D5,REQ_05C892F3BD2D,13,1310.0,v0.1
INS_F3A54A3EA9D5,REQ_94989857435F,14,310.0,v0.1
INS_F3A54A3EA9D5,REQ_7645EA8A9B8F,15,16770.0,v0.1
INS_F3A54A3EA9D5,REQ_0D0B90AC7145,16,30410.0,v0.1
INS_F3A54A3EA9D5,REQ_72F8297544B7,17,6420.0,v0.1
INS_F3A54A3EA9D5,REQ_D30CCAE7941C,18,150.0,v0.1
INS_F3A54A3EA9D5,REQ_70A59454C007,19,9680.0,v0.1
INS_F3A54A3EA9D5,REQ_6E14B82B4854,20,27370.0,v0.1
INS_F3A54A3EA9D5,REQ_588E1204D477,21,520.0,v0.1
INS_F3A54A3EA9D5,REQ_14054D1EBF16,22,1889.9999999999998,v0.1
INS_F3A54A3EA9D5,REQ_95B21D4A09D9,23,770.0,v0.1
INS_F3A54A3EA9D5,REQ_458DD26788F8,24,1870.0,v0.1
INS_F3A54A3EA9D5,REQ_8B3D7717755E,25,19500.0,v0.1
INS_F3A54A3EA9D5,REQ_E70BAB209A53,26,430.0,v0.1
INS_F3A54A3EA9D5,REQ_5E382D1B88BF,27,2690.0,v0.1
INS_F3A54A3EA9D5,REQ_1B9F3B46EFD3,28,2670.0,v0.1
INS_F3A54A3EA9D5,REQ_66926302FC8F,29,29760.0,v0.1
INS_F3A54A3EA9D5,REQ_536744DFD43D,30,560.0,v0.1
INS_F3A54A3EA9D5,REQ_FDE3FB39B62A,31,660.0,v0.1
INS_F3A54A3EA9D5,REQ_34F8D0C78A00,32,680.0,v0.1
INS_F3A54A3EA9D5,REQ_8FDA4FF94875,33,7840.0,v0.1
INS_F3A54A3EA9D5,REQ_98F5606C3A84,34,2680.0,v0.1
INS_F3A54A3EA9D5,REQ_697F48C3FC6C,35,17720.0,v0.1
INS_F3A54A3EA9D5,REQ_FA12C7BD3ACA,36,900.0,v0.1
INS_F3A54A3EA9D5,REQ_8F0E339F79E2,37,1650.0,v0.1
INS_F3A54A3EA9D5,REQ_4A558301B0A7,38,3660.0,v0.1
INS_F3A54A3EA9D5,REQ_A3A3652003BB,39,869.9999999999999,v0.1
INS_F3A54A3EA9D5,REQ_F1F27D601A62,40,21010.0,v0.1
INS_C743A9FC8526,REQ_B71C3184F485,0,120.0,v0.1
INS_C743A9FC8526,REQ_CFA5CBA11FFF,1,22190.0,v0.1
INS_C743A9FC8526,REQ_479216BBDDFC,2,14560.0,v0.1
INS_C743A9FC8526,REQ_61D77E272462,3,760.0,v0.1
INS_C743A9FC8526,REQ_90A76368C489,4,20450.0,v0.1
INS_C743A9FC8526,REQ_AC9FB2D80956,5,1030.0,v0.1
INS_C743A9FC8526,REQ_F9A8F5D7EEFB,6,170.0,v0.1
INS_C743A9FC8526,REQ_F41994A3B5C0,7,550.0,v0.1
INS_5CBB59339A32,REQ_DD39ECEFFEFC,0,13490.0,v0.1
INS_5CBB59339A32,REQ_0E837ED6AF5A,1,710.0,v0.1
INS_5CBB59339A32,REQ_347B1C220F2F,2,1350.0,v0.1
INS_5CBB59339A32,REQ_BF7BF22A1DC9,3,10800.0,v0.1
INS_5CBB59339A32,REQ_E5E622A79347,4,1130.0,v0.1
INS_5CBB59339A32,REQ_1C49182C263D,5,8620.0,v0.1
INS_5CBB59339A32,REQ_392B2948DF92,6,440.0,v0.1
INS_5CBB59339A32,REQ_1F88ADC53F80,7,10200.0,v0.1
INS_5CBB59339A32,REQ_6BCD09759D2C,8,12480.0,v0.1
INS_5CBB59339A32,REQ_1A018F728DDD,9,23570.0,v0.1
INS_5CBB59339A32,REQ_D788C477022F,10,1960.0000000000002,v0.1
INS_5CBB59339A32,REQ_C2FE8CF19728,11,7810.0,v0.1
INS_5CBB59339A32,REQ_47914282B4CC,12,30000.0,v0.1
INS_5CBB59339A32,REQ_979272F6402B,13,1740.0,v0.1
INS_C25A91629AED,REQ_2890F4902BBA,0,680.0,v0.1
INS_C25A91629AED,REQ_8D6D59EB4980,1,30000.0,v0.1
INS_C25A91629AED,REQ_1F750B540DAF,2,6630.0,v0.1
INS_C25A91629AED,REQ_F41F80635A10,3,1880.0,v0.1
INS_C25A91629AED,REQ_86737724DA1F,4,850.0,v0.1
INS_C25A91629AED,REQ_BBC14D54B32E,5,170.0,v0.1
INS_C25A91629AED,REQ_5BCEB6577C9D,6,2560.0,v0.1
INS_C25A91629AED,REQ_3587B7D61F2A,7,509.99999999999994,v0.1
INS_C25A91629AED,REQ_22FE16548632,8,1270.0,v0.1
INS_A933847091ED,REQ_6C8F5069E6A7,0,960.0,v0.1
INS_A933847091ED,REQ_F2989CF21949,1,19000.0,v0.1
INS_A933847091ED,REQ_C476B11AC575,2,5750.0,v0.1
INS_A933847091ED,REQ_7A44B0D859DC,3,15020.0,v0.1
INS_A933847091ED,REQ_2E8AE57455A2,4,4190.0,v0.1
INS_A933847091ED,REQ_69424EA6F602,5,5590.0,v0.1
INS_A933847091ED,REQ_98CE1B4565BB,6,2300.0,v0.1
INS_A933847091ED,REQ_4E5524FD3E24,7,2350.0,v0.1
INS_A933847091ED,REQ_F76709F1D78E,8,1400.0,v0.1
INS_A933847091ED,REQ_AECE4B031CAC,9,2150.0,v0.1
INS_A933847091ED,REQ_AB7553C35F2C,10,1150.0,v0.1
INS_A933847091ED,REQ_652B5C74F337,11,27250.0,v0.1
INS_A933847091ED,REQ_4CAA2CD7C40E,12,10760.0,v0.1
INS_A933847091ED,REQ_A12B1AF5190E,13,13330.0,v0.1
INS_A933847091ED,REQ_F3D47B5A64BC,14,5040.0,v0.1
INS_A933847091ED,REQ_17C068D3F0C9,15,6860.0,v0.1
INS_A933847091ED,REQ_263DEBE0736B,16,30000.0,v0.1
INS_A933847091ED,REQ_249E6AE9B923,17,2640.0,v0.1
INS_A933847091ED,REQ_D35F82BFD056,18,8200.0,v0.1
INS_A933847091ED,REQ_97F494353323,19,280.0,v0.1
INS_A933847091ED,REQ_688EAE337EE1,20,15650.0,v0.1
INS_A933847091ED,REQ_18C560CD0A94,21,9425.0,v0.1
INS_A933847091ED,REQ_69907E4110E6,22,13800.0,v0.1
INS_A933847091ED,REQ_E205693C57A0,23,30000.0,v0.1
INS_A933847091ED,REQ_BFA0BC58437C,24,2160.0,v0.1
INS_A933847091ED,REQ_400CD44740C5,25,15730.0,v0.1
INS_A933847091ED,REQ_25BE227B9ACA,26,5210.0,v0.1
INS_A933847091ED,REQ_C842675D889D,27,3100.0,v0.1
INS_A933847091ED,REQ_CCF94F299CC9,28,890.0,v0.1
INS_A933847091ED,REQ_FBA697271B23,29,1000.0,v0.1
INS_A933847091ED,REQ_AFF9B804FA8C,30,9810.0,v0.1
INS_A933847091ED,REQ_6995E0CC4EC7,31,680.0,v0.1
INS_A933847091ED,REQ_A9EA3543F8B4,32,13440.0,v0.1
INS_A933847091ED,REQ_2041FD1C2FD6,33,630.0,v0.1
INS_A933847091ED,REQ_D2403837B8C7,34,30000.0,v0.1
INS_A933847091ED,REQ_50629076BA9D,35,1040.0,v0.1
INS_A933847091ED,REQ_966D269F8D0F,36,5950.0,v0.1
INS_A933847091ED,REQ_F969FFBB801A,37,7750.0,v0.1
INS_A933847091ED,REQ_1BFE1ED5CEAE,38,13250.0,v0.1
INS_A933847091ED,REQ_9BF53C9CBF83,39,6750.0,v0.1
INS_A933847091ED,REQ_53CE87781F20,40,1600.0,v0.1
INS_A933847091ED,REQ_FDAE002F95DE,41,3700.0,v0.1
INS_A933847091ED,REQ_190842903362,42,590.0,v0.1
INS_A933847091ED,REQ_A3F3CF306EF7,43,6170.0,v0.1
INS_A933847091ED,REQ_1AF495868F9D,44,2660.0,v0.1
INS_A933847091ED,REQ_692EF93C42F5,45,7700.0,v0.1
INS_A933847091ED,REQ_3A53B9798289,46,16680.0,v0.1
INS_A933847091ED,REQ_2EE8DD3E44CC,47,12720.0,v0.1
INS_A933847091ED,REQ_4402A371019F,48,1290.0,v0.1
INS_A933847091ED,REQ_8A2A4090EB2B,49,580.0,v0.1
INS_A933847091ED,REQ_0DC23BDC07FE,50,280.0,v0.1
INS_A933847091ED,REQ_048F36C70B27,51,30000.0,v0.1
INS_A933847091ED,REQ_B323B2EA31C2,52,550.0,v0.1
INS_A933847091ED,REQ_2EB44AB0BE89,53,28180.0,v0.1
INS_A933847091ED,REQ_BE27CA8446BA,54,2920.0,v0.1
INS_A933847091ED,REQ_4BFF7CE034B7,55,10250.0,v0.1
INS_A933847091ED,REQ_6467AD619765,56,6210.0,v0.1
INS_A933847091ED,REQ_C102DA7211FD,57,30000.0,v0.1
INS_A933847091ED,REQ_22C89477CB12,58,840.0,v0.1
INS_2AD5D5CE30D0,REQ_6C087EA6F86F,0,30000.0,v0.1
INS_2AD5D5CE30D0,REQ_8BEBDFC315FC,1,15350.0,v0.1
INS_2AD5D5CE30D0,REQ_89498E831993,2,30000.0,v0.1
INS_2AD5D5CE30D0,REQ_CECF7A168639,3,30000.0,v0.1
INS_2AD5D5CE30D0,REQ_2A92DFD89864,4,17760.0,v0.1
INS_2AD5D5CE30D0,REQ_B884FFFCE234,5,30000.0,v0.1
INS_2AD5D5CE30D0,REQ_919DD27012C6,6,30000.0,v0.1
INS_2AD5D5CE30D0,REQ_4CC2DA46AECF,7,30000.0,v0.1
INS_2AD5D5CE30D0,REQ_895E7DF735BD,8,14200.0,v0.1
INS_2AD5D5CE30D0,REQ_AF8CDDA4D5E0,9,30000.0,v0.1
INS_2AD5D5CE30D0,REQ_AA4AFAE13C6E,10,9800.0,v0.1
INS_2AD5D5CE30D0,REQ_C21D9002E4B1,11,22540.0,v0.1
INS_F3F972ED9EA1,REQ_353659939B55,0,4170.0,v0.1
INS_F3F972ED9EA1,REQ_3F8D90E7B904,1,12900.0,v0.1
INS_F3F972ED9EA1,REQ_1EE226D19579,2,11900.0,v0.1
INS_F3F972ED9EA1,REQ_E629FD0DAA0A,3,10650.0,v0.1
INS_B326411B2B71,REQ_F26A26FC341A,0,19890.0,v0.1
INS_B326411B2B71,REQ_3E8680B2EDBF,1,2530.0,v0.1
INS_B326411B2B71,REQ_A0FA4F1BFC28,2,30000.0,v0.1
INS_B326411B2B71,REQ_F1BB1D401877,3,30000.0,v0.1
INS_B326411B2B71,REQ_2D25B10342FD,4,30000.0,v0.1
INS_B326411B2B71,REQ_D5C0823C508F,5,30000.0,v0.1
INS_B326411B2B71,REQ_F0E5C9CCA437,6,1940.0,v0.1
INS_B326411B2B71,REQ_3D77D4D950D6,7,3850.0,v0.1
INS_B326411B2B71,REQ_438EE109584F,8,3350.0,v0.1
INS_F79C55874B27,REQ_301F040F2692,0,30000.0,v0.1
INS_F79C55874B27,REQ_2E89D839C23E,1,13390.0,v0.1
INS_F79C55874B27,REQ_30476E6A7AC6,2,2370.0,v0.1
INS_F79C55874B27,REQ_096113C8D5BE,3,700.0,v0.1
INS_F79C55874B27,REQ_67CAF72B5B4F,4,12050.0,v0.1
INS_F79C55874B27,REQ_00BA25D5F3F9,5,5060.0,v0.1
INS_F79C55874B27,REQ_59D3CFAD1C58,6,20850.0,v0.1
INS_F79C55874B27,REQ_582512259BD1,7,7330.0,v0.1
INS_F79C55874B27,REQ_DFD7578E426A,8,1000.0,v0.1
INS_F79C55874B27,REQ_704B80520CDA,9,26450.0,v0.1
INS_F79C55874B27,REQ_83A19B0C4563,10,100.0,v0.1
INS_F6D396C7E030,REQ_46E51E8D1FD6,0,30000.0,v0.1
INS_F6D396C7E030,REQ_A7B945D73A87,1,30000.0,v0.1
INS_F6D396C7E030,REQ_725ACAF24939,2,30000.0,v0.1
INS_F6D396C7E030,REQ_BAD5094FC616,3,30000.0,v0.1
INS_F6D396C7E030,REQ_F26378D02269,4,30000.0,v0.1
INS_F6D396C7E030,REQ_3C110A7451AA,5,30000.0,v0.1
INS_F6D396C7E030,REQ_83460775ABB9,6,30000.0,v0.1
INS_F6D396C7E030,REQ_C6B6CEDEAAEE,7,30000.0,v0.1
INS_9896B6C718FE,REQ_C67C55FFCF62,0,7880.0,v0.1
INS_9896B6C718FE,REQ_F394FA7A39C9,1,2000.0,v0.1
INS_9896B6C718FE,REQ_C3620844B984,2,1710.0,v0.1
INS_9896B6C718FE,REQ_CB4899C3D1D7,3,23140.0,v0.1
INS_9896B6C718FE,REQ_9C4CB973D430,4,2880.0,v0.1
INS_9896B6C718FE,REQ_C18E9F510D5C,5,640.0,v0.1
INS_9896B6C718FE,REQ_900CA9A37978,6,320.0,v0.1
INS_9896B6C718FE,REQ_6E205CB7B3FD,7,19490.0,v0.1
INS_9896B6C718FE,REQ_5C98C1AA6AC7,8,14850.0,v0.1
INS_9896B6C718FE,REQ_14329424440A,9,6420.0,v0.1
INS_9896B6C718FE,REQ_A1FA2BFC08DC,10,1670.0,v0.1
INS_9896B6C718FE,REQ_86A5C836CE13,11,1450.0,v0.1
INS_9896B6C718FE,REQ_159A15A36667,12,28320.0,v0.1
INS_9896B6C718FE,REQ_CF84C10CE761,13,970.0,v0.1
INS_9896B6C718FE,REQ_69A126A58F29,14,15730.0,v0.1
INS_9896B6C718FE,REQ_4D54A9F04233,15,19320.0,v0.1
INS_9896B6C718FE,REQ_8677E845EBCC,16,15030.0,v0.1
INS_9896B6C718FE,REQ_274CE0597EB2,17,4990.0,v0.1
INS_9896B6C718FE,REQ_035C396BD910,18,12500.0,v0.1
INS_9896B6C718FE,REQ_3D0675C1D7B6,19,3060.0,v0.1
INS_9896B6C718FE,REQ_EBEF4840CDA9,20,1700.0,v0.1
INS_9896B6C718FE,REQ_8455D78F4889,21,16020.0,v0.1
INS_9896B6C718FE,REQ_D78D23201A9B,22,800.0,v0.1
INS_9896B6C718FE,REQ_C75961F37D8D,23,300.0,v0.1
INS_9896B6C718FE,REQ_1478E2ED253E,24,23410.0,v0.1
INS_9896B6C718FE,REQ_F70416EDC880,25,760.0,v0.1
INS_9896B6C718FE,REQ_64A36D482FF1,26,1130.0,v0.1
INS_9896B6C718FE,REQ_CC40AB3247AE,27,850.0,v0.1
INS_9896B6C718FE,REQ_16EC9EC07525,28,370.0,v0.1
INS_9896B6C718FE,REQ_1C0D15C86A6C,29,7770.0,v0.1
INS_A10CA6219140,REQ_98BBBC429229,0,2050.0,v0.1
INS_A10CA6219140,REQ_B920BC55D20C,1,3520.0000000000005,v0.1
INS_A10CA6219140,REQ_8BBDEE079994,2,30000.0,v0.1
INS_A10CA6219140,REQ_2351BBDB06FF,3,30000.0,v0.1
INS_A10CA6219140,REQ_B29A704A65D1,4,680.0,v0.1
INS_A10CA6219140,REQ_F0FBAA7510A8,5,440.0,v0.1
INS_A10CA6219140,REQ_3A7A1515F2B4,6,30000.0,v0.1
INS_A10CA6219140,REQ_07F57F3DBFB0,7,1200.0,v0.1
INS_A10CA6219140,REQ_D117F3542F54,8,550.0,v0.1
INS_A10CA6219140,REQ_A84CC0CD2FED,9,8410.0,v0.1
INS_A10CA6219140,REQ_9AF004216A13,10,5660.0,v0.1
INS_A10CA6219140,REQ_A1FF141A1BAA,11,7880.0,v0.1
INS_A10CA6219140,REQ_4393C237BF36,12,3500.0,v0.1
INS_A10CA6219140,REQ_A9404664AC9B,13,1250.0,v0.1
INS_A10CA6219140,REQ_3AB238AB3CAC,14,1370.0,v0.1
INS_A10CA6219140,REQ_BB45C3E58262,15,23020.0,v0.1
INS_A10CA6219140,REQ_A0915A927FA6,16,2550.0,v0.1
INS_A10CA6219140,REQ_DC32AA60B56F,17,819.9999999999999,v0.1
INS_A10CA6219140,REQ_B0B824447EC5,18,950.0,v0.1
INS_A10CA6219140,REQ_64775AFC2C62,19,760.0,v0.1
INS_A10CA6219140,REQ_940C4F644F21,20,80.0,v0.1
INS_A10CA6219140,REQ_323DCEC8DCDD,21,11625.0,v0.1
INS_01DB586D8DF9,REQ_727AC46A6033,0,290.0,v0.1
INS_01DB586D8DF9,REQ_7B769263F9D6,1,30000.0,v0.1
INS_01DB586D8DF9,REQ_07C33BAA7EBE,2,1220.0,v0.1
INS_01DB586D8DF9,REQ_31E483310672,3,4680.0,v0.1
INS_01DB586D8DF9,REQ_390DB91BF4A5,4,2580.0,v0.1
INS_01DB586D8DF9,REQ_D76EAD87D19F,5,1470.0,v0.1
INS_01DB586D8DF9,REQ_D468598C9FC1,6,19370.0,v0.1
INS_01DB586D8DF9,REQ_BEDD287E6FEC,7,500.0,v0.1
INS_01DB586D8DF9,REQ_E85DBB87291F,8,1080.0,v0.1
INS_01DB586D8DF9,REQ_7E7EAFC7ED21,9,1030.0,v0.1
INS_44866FA9AFFF,REQ_8CA36F8C5ADB,0,680.0,v0.1
INS_44866FA9AFFF,REQ_A31FBDF1252A,1,17220.0,v0.1
INS_44866FA9AFFF,REQ_FA4AA0619872,2,11770.0,v0.1
INS_44866FA9AFFF,REQ_BD5D190C4D37,3,6050.0,v0.1
INS_44866FA9AFFF,REQ_63B2CF1EEE19,4,3440.0,v0.1
INS_44866FA9AFFF,REQ_894EF11359C2,5,11790.0,v0.1
INS_44866FA9AFFF,REQ_C17D3A5B17EE,6,1400.0,v0.1
INS_44866FA9AFFF,REQ_C26EF73B6170,7,600.0,v0.1
INS_44866FA9AFFF,REQ_A4DD7FB9A53D,8,720.0,v0.1
INS_44866FA9AFFF,REQ_2855F430C954,9,260.0,v0.1
INS_44866FA9AFFF,REQ_43C9A3FA4766,10,13880.000000000002,v0.1
INS_44866FA9AFFF,REQ_127D3F2A1DDF,11,550.0,v0.1
INS_44866FA9AFFF,REQ_C1BF0997A8D4,12,620.0,v0.1
INS_44866FA9AFFF,REQ_11F1138AAB1A,13,11240.0,v0.1
INS_4D5763D05157,REQ_C91C9E663D3D,0,15390.0,v0.1
INS_4D5763D05157,REQ_1277C256DF89,1,1270.0,v0.1
INS_4D5763D05157,REQ_71288DA7974B,2,13720.0,v0.1
INS_4D5763D05157,REQ_FAA4F543032A,3,509.99999999999994,v0.1
INS_4D5763D05157,REQ_AEC9A65CD42F,4,650.0,v0.1
INS_4D5763D05157,REQ_2BF61AB1065D,5,80.0,v0.1
INS_4D5763D05157,REQ_3975DD30D4A8,6,6140.0,v0.1
INS_4D5763D05157,REQ_B11306D45562,7,550.0,v0.1
INS_4D5763D05157,REQ_E835BFE2DC96,8,5910.0,v0.1
INS_4D5763D05157,REQ_A44C32EE9838,9,8050.0,v0.1
INS_4D5763D05157,REQ_1FBD09D4AA8D,10,3010.0,v0.1
INS_4D5763D05157,REQ_5031FC8EECC7,11,30000.0,v0.1
INS_4D5763D05157,REQ_4F822B431477,12,150.0,v0.1
INS_4D5763D05157,REQ_E86C47B70EF2,13,14420.0,v0.1
INS_4D5763D05157,REQ_63D709FF8D11,14,470.0,v0.1
INS_4D5763D05157,REQ_894791A35BEF,15,14850.0,v0.1
INS_4D5763D05157,REQ_2A64EBFAEEA2,16,800.0,v0.1
INS_4D5763D05157,REQ_AF6A3758677C,17,1430.0,v0.1
INS_ECE8883EDD61,REQ_C8A21F0FE475,0,250.0,v0.1
INS_ECE8883EDD61,REQ_DD0BA34AE6D3,1,25460.0,v0.1
INS_ECE8883EDD61,REQ_6481B9A2DC08,2,9130.0,v0.1
INS_ECE8883EDD61,REQ_F6B7682E63AB,3,1730.0,v0.1
INS_ECE8883EDD61,REQ_FAC95036E55E,4,2010.0,v0.1
INS_ECE8883EDD61,REQ_98778DB1F3E3,5,2510.0,v0.1
INS_ECE8883EDD61,REQ_25E9EEF0DCBC,6,300.0,v0.1
INS_ECE8883EDD61,REQ_1D220766B9EC,7,670.0,v0.1
INS_ECE8883EDD61,REQ_1F750B540DAF,8,6630.0,v0.1
INS_ECE8883EDD61,REQ_B1FF33628D80,9,30000.0,v0.1
INS_ECE8883EDD61,REQ_7651118206A6,10,1689.9999999999998,v0.1
INS_ECE8883EDD61,REQ_9F694A1F172C,11,110.00000000000001,v0.1
INS_ECE8883EDD61,REQ_3604B198E1C3,12,1850.0,v0.1
INS_ECE8883EDD61,REQ_29BBBE80CF6A,13,7750.0,v0.1
INS_EFBF97638451,REQ_75371751DDB1,0,100.0,v0.1
INS_EFBF97638451,REQ_B2BE63C239B8,1,2710.0,v0.1
INS_EFBF97638451,REQ_91C786C90D0A,2,12400.0,v0.1
INS_EFBF97638451,REQ_6D778E4A562E,3,2930.0,v0.1
INS_EFBF97638451,REQ_10B59B4AA5E5,4,16860.0,v0.1
INS_EFBF97638451,REQ_9C8C077AAA05,5,6500.0,v0.1
INS_EFBF97638451,REQ_C6237F2ABE0E,6,7140.0,v0.1
INS_EFBF97638451,REQ_BFB886DFDB98,7,30000.0,v0.1
INS_EFBF97638451,REQ_930B04B61541,8,30000.0,v0.1
INS_EFBF97638451,REQ_1D006D474625,9,1220.0,v0.1
INS_EFBF97638451,REQ_6C2E62831107,10,3280.0,v0.1
INS_F862DF43A917,REQ_B79DBFAA162B,0,2680.0,v0.1
INS_F862DF43A917,REQ_59223B4DEB65,1,1110.0,v0.1
INS_F862DF43A917,REQ_F9C097874F6B,2,9730.0,v0.1
INS_F862DF43A917,REQ_436262394FE0,3,14750.0,v0.1
INS_F862DF43A917,REQ_A4A6F0D63A22,4,13280.0,v0.1
INS_F862DF43A917,REQ_F81A83450A93,5,13400.0,v0.1
INS_F862DF43A917,REQ_1B08E4EFB66B,6,1780.0,v0.1
INS_F862DF43A917,REQ_75371751DDB1,7,100.0,v0.1
INS_F862DF43A917,REQ_5EA7A43F24E7,8,6150.0,v0.1
INS_F862DF43A917,REQ_5A466EF62610,9,270.0,v0.1
INS_F862DF43A917,REQ_9C8C077AAA05,10,6500.0,v0.1
INS_F862DF43A917,REQ_8B1EE7E9B2A1,11,20800.0,v0.1
INS_F862DF43A917,REQ_D481B8A6DFCC,12,11110.0,v0.1
INS_F862DF43A917,REQ_F9326AFADAA1,13,229.99999999999997,v0.1
INS_F862DF43A917,REQ_BCA17F5D91B5,14,920.0,v0.1
INS_F862DF43A917,REQ_D5B37E885793,15,1070.0,v0.1
INS_F862DF43A917,REQ_657963823440,16,580.0,v0.1
INS_F862DF43A917,REQ_DB616EE1EAE1,17,410.0,v0.1
INS_F862DF43A917,REQ_BC5B138DA298,18,14810.0,v0.1
INS_C65AD6E0D897,REQ_99354446E369,0,1250.0,v0.1
INS_C65AD6E0D897,REQ_42D8A92FA0AF,1,11870.0,v0.1
INS_C65AD6E0D897,REQ_AFD8A808752A,2,800.0,v0.1
INS_C65AD6E0D897,REQ_1CB46F0AB73C,3,5440.0,v0.1
INS_C65AD6E0D897,REQ_F3902515A29D,4,1910.0,v0.1
INS_C65AD6E0D897,REQ_60F720FB99FE,5,1300.0,v0.1
INS_C65AD6E0D897,REQ_D50F955F90E6,6,2420.0,v0.1
INS_C65AD6E0D897,REQ_BE4B62F93D61,7,8470.0,v0.1
INS_C65AD6E0D897,REQ_336CA0A75653,8,650.0,v0.1
INS_C65AD6E0D897,REQ_B34A645E0A59,9,23170.0,v0.1
INS_C65AD6E0D897,REQ_31440888497E,10,940.0,v0.1
INS_C65AD6E0D897,REQ_CB67E440EB53,11,30000.0,v0.1
INS_C65AD6E0D897,REQ_A2A130444C1E,12,23920.0,v0.1
INS_C65AD6E0D897,REQ_40E9FF08FEE8,13,650.0,v0.1
INS_C65AD6E0D897,REQ_BBF8076B8829,14,2610.0,v0.1
INS_C65AD6E0D897,REQ_A274B54E41F1,15,6650.0,v0.1
INS_C65AD6E0D897,REQ_4DE6E85822E9,16,570.0,v0.1
INS_C65AD6E0D897,REQ_03305509FDD6,17,8680.0,v0.1
INS_C65AD6E0D897,REQ_6E8A2EB8B7D3,18,9520.0,v0.1
INS_C65AD6E0D897,REQ_3E4701948EA7,19,30000.0,v0.1
INS_D6DED366B2E1,REQ_BB97021B8045,0,500.0,v0.1
INS_D6DED366B2E1,REQ_A4D3C7C36221,1,160.0,v0.1
INS_D6DED366B2E1,REQ_9BCB889B3B7B,2,5340.0,v0.1
INS_D6DED366B2E1,REQ_32094262F05B,3,22625.0,v0.1
INS_D6DED366B2E1,REQ_BEAA03D4EBDF,4,30000.0,v0.1
INS_D6DED366B2E1,REQ_BC5F12978C3E,5,30000.0,v0.1
INS_D6DED366B2E1,REQ_752F91BABB4E,6,30000.0,v0.1
INS_D6DED366B2E1,REQ_14A3D00B6A33,7,1960.0,v0.1
INS_D6DED366B2E1,REQ_46CA9405A8F9,8,500.0,v0.1
INS_D6DED366B2E1,REQ_F4CD865684DC,9,630.0,v0.1
INS_D6DED366B2E1,REQ_3D7CB60BF613,10,1050.0,v0.1
INS_D6DED366B2E1,REQ_959A4D2FEE07,11,10640.0,v0.1
INS_D6DED366B2E1,REQ_A707B317F644,12,3260.0,v0.1
INS_D6DED366B2E1,REQ_EA1CBA0BCFBF,13,30000.0,v0.1
INS_D6DED366B2E1,REQ_3D4C7F6CB3BB,14,1350.0,v0.1
INS_D6DED366B2E1,REQ_523C6DB58033,15,1050.0,v0.1
INS_D6DED366B2E1,REQ_79461E9BD998,16,11830.0,v0.1
INS_D6DED366B2E1,REQ_7F44F81315C9,17,1050.0,v0.1
INS_D6DED366B2E1,REQ_53F895841C13,18,710.0,v0.1
INS_275D9C3F4BC3,REQ_6B10C0834DA2,0,25540.0,v0.1
INS_275D9C3F4BC3,REQ_E600C598BC10,1,19610.0,v0.1
INS_275D9C3F4BC3,REQ_96C0BD518A56,2,12940.0,v0.1
INS_275D9C3F4BC3,REQ_F025D8671263,3,2330.0,v0.1
INS_275D9C3F4BC3,REQ_8E1C8AEB0B26,4,17970.0,v0.1
INS_275D9C3F4BC3,REQ_C26EF73B6170,5,600.0,v0.1
INS_275D9C3F4BC3,REQ_814FDBC34902,6,650.0,v0.1
INS_275D9C3F4BC3,REQ_9C475697DE19,7,1350.0,v0.1
INS_275D9C3F4BC3,REQ_F98C1FEBEC39,8,25940.0,v0.1
INS_275D9C3F4BC3,REQ_07F880AEC7A8,9,7730.0,v0.1
INS_275D9C3F4BC3,REQ_A602D32D935A,10,22680.0,v0.1
INS_275D9C3F4BC3,REQ_EE33E26A5E12,11,15170.0,v0.1
INS_275D9C3F4BC3,REQ_8EA6948E30EF,12,750.0,v0.1
INS_275D9C3F4BC3,REQ_F0896DC27C7C,13,12460.0,v0.1
INS_275D9C3F4BC3,REQ_B9D4359781FE,14,2080.0,v0.1
INS_275D9C3F4BC3,REQ_6D2134A5D450,15,24710.0,v0.1
INS_275D9C3F4BC3,REQ_A438155C4282,16,1050.0,v0.1
INS_275D9C3F4BC3,REQ_315A60861534,17,7240.0,v0.1
INS_275D9C3F4BC3,REQ_F066A0ADFD61,18,450.0,v0.1
INS_275D9C3F4BC3,REQ_9D37F3FE6DB4,19,2510.0,v0.1
INS_275D9C3F4BC3,REQ_C997EA8A330C,20,1310.0,v0.1
INS_275D9C3F4BC3,REQ_0C586AA9C3D0,21,280.0,v0.1
INS_A8E1D9E5900E,REQ_50A2F45747C0,0,9160.0,v0.1
INS_A8E1D9E5900E,REQ_9BEEBE911F18,1,26490.0,v0.1
INS_A8E1D9E5900E,REQ_BC4F48241900,2,30000.0,v0.1
INS_A8E1D9E5900E,REQ_7F35A3B51B46,3,14420.0,v0.1
INS_A8E1D9E5900E,REQ_7C94B21AD1E4,4,30000.0,v0.1
INS_A8E1D9E5900E,REQ_23597F191A8D,5,11100.0,v0.1
INS_A8E1D9E5900E,REQ_DBA4E7252854,6,9400.0,v0.1
INS_A8E1D9E5900E,REQ_3418D62F8989,7,30000.0,v0.1
INS_A8E1D9E5900E,REQ_53FCCA9803C4,8,11710.0,v0.1
INS_A8E1D9E5900E,REQ_7868BDF12EC9,9,3560.0,v0.1
INS_A8E1D9E5900E,REQ_C4C88F09234B,10,15140.0,v0.1
INS_3529602A90B7,REQ_24B4F438D94F,0,30000.0,v0.1
INS_3529602A90B7,REQ_B65209DD6FB1,1,30000.0,v0.1
INS_3529602A90B7,REQ_B2B151895B58,2,30000.0,v0.1
INS_3529602A90B7,REQ_A683694C8366,3,30000.0,v0.1
INS_3529602A90B7,REQ_A095E3AC1D21,4,30000.0,v0.1
INS_3529602A90B7,REQ_3D137029DB76,5,30000.0,v0.1
INS_3529602A90B7,REQ_18D05FE184DB,6,30000.0,v0.1
INS_3529602A90B7,REQ_BC3AE572C21A,7,30000.0,v0.1
INS_73C4CC2A8E92,REQ_CB0C986F6D51,0,9375.0,v0.1
INS_73C4CC2A8E92,REQ_8A3EEB44043D,1,2610.0,v0.1
INS_73C4CC2A8E92,REQ_58B834E9B4E6,2,1150.0,v0.1
INS_73C4CC2A8E92,REQ_47D0D5B3FDA9,3,7100.0,v0.1
INS_73C4CC2A8E92,REQ_89F8CEEF86AA,4,6520.0,v0.1
INS_73C4CC2A8E92,REQ_CAAC5A4EC05B,5,7530.0,v0.1
INS_73C4CC2A8E92,REQ_C3E6977E3428,6,30000.0,v0.1
INS_73C4CC2A8E92,REQ_69DC9E04B3AB,7,390.0,v0.1
INS_73C4CC2A8E92,REQ_DD2A1070DD9C,8,25300.0,v0.1
INS_73C4CC2A8E92,REQ_D2FDADA79E30,9,6570.0,v0.1
INS_D6CE7ED7861A,REQ_0FE1041889FE,0,2120.0,v0.1
INS_D6CE7ED7861A,REQ_6A05F7AF1705,1,100.0,v0.1
INS_D6CE7ED7861A,REQ_7FE37EBEA800,2,30000.0,v0.1
INS_D6CE7ED7861A,REQ_6566B5C79988,3,3390.0,v0.1
INS_D6CE7ED7861A,REQ_2334A41215B8,4,8820.0,v0.1
INS_D6CE7ED7861A,REQ_7A6F4F60B924,5,10320.0,v0.1
INS_D6CE7ED7861A,REQ_657963823440,6,580.0,v0.1
INS_D6CE7ED7861A,REQ_85C55BABDA85,7,1650.0,v0.1
INS_D6CE7ED7861A,REQ_5F51793E7426,8,27370.0,v0.1
INS_D6CE7ED7861A,REQ_0DAEC81252E1,9,28850.0,v0.1
INS_D6CE7ED7861A,REQ_B71AEE958FB6,10,3440.0,v0.1
INS_D6CE7ED7861A,REQ_012A73223536,11,8750.0,v0.1
INS_D6CE7ED7861A,REQ_C69A184A4AAE,12,250.0,v0.1
INS_D6CE7ED7861A,REQ_5E5F45A2A4EC,13,14110.0,v0.1
INS_D6CE7ED7861A,REQ_CE86161EFC71,14,750.0,v0.1
INS_D6CE7ED7861A,REQ_6C47DF158F5C,15,19390.0,v0.1
INS_D6CE7ED7861A,REQ_D5B37E885793,16,1070.0,v0.1
INS_D6CE7ED7861A,REQ_D2A2AD41B2B9,17,16560.0,v0.1
INS_D6CE7ED7861A,REQ_717F3C7391B3,18,240.0,v0.1
INS_E26105DD2925,REQ_D7668C34CE3F,0,1100.0,v0.1
INS_E26105DD2925,REQ_A349129BE780,1,2650.0,v0.1
INS_E26105DD2925,REQ_FC677AC3BBC4,2,1740.0,v0.1
INS_E26105DD2925,REQ_020EBAF00BC6,3,30000.0,v0.1
INS_E26105DD2925,REQ_E88DD36BC00C,4,12900.0,v0.1
INS_E26105DD2925,REQ_472743FC6E6C,5,4440.0,v0.1
INS_E26105DD2925,REQ_500454E16C06,6,30000.0,v0.1
INS_E26105DD2925,REQ_715FA26815A3,7,3390.0,v0.1
INS_E26105DD2925,REQ_5C110FDEC180,8,17190.0,v0.1
INS_E26105DD2925,REQ_F3F85A82467C,9,550.0,v0.1
INS_E26105DD2925,REQ_A7461C900EE5,10,22820.0,v0.1
INS_E26105DD2925,REQ_6281802D758E,11,1180.0,v0.1
INS_E26105DD2925,REQ_F3B974620926,12,2230.0,v0.1
INS_E26105DD2925,REQ_6BE894D63C0D,13,12630.0,v0.1
INS_E26105DD2925,REQ_DF06A99C976A,14,1840.0,v0.1
INS_E26105DD2925,REQ_9B4311F431DC,15,7225.0,v0.1
INS_E26105DD2925,REQ_6B169CE22794,16,490.00000000000006,v0.1
INS_E26105DD2925,REQ_B2CF259F3F0C,17,21750.0,v0.1
INS_E26105DD2925,REQ_0CCAF14C6D8A,18,11250.0,v0.1
INS_E26105DD2925,REQ_DDF0FB6AC992,19,3340.0,v0.1
INS_E26105DD2925,REQ_BE69F526649D,20,270.0,v0.1
INS_E26105DD2925,REQ_AA7B95AF6FBA,21,30000.0,v0.1
INS_E26105DD2925,REQ_33C165516220,22,420.0,v0.1
INS_E26105DD2925,REQ_B66C53D6B51A,23,940.0,v0.1
INS_E26105DD2925,REQ_AB45F9B9B6EC,24,910.0,v0.1
INS_E26105DD2925,REQ_7F066032E05A,25,250.0,v0.1
INS_E26105DD2925,REQ_9D099C7E5E91,26,350.0,v0.1
INS_E26105DD2925,REQ_D941466FCE4F,27,17310.0,v0.1
INS_E26105DD2925,REQ_D2C32916739F,28,610.0,v0.1
INS_1B1CA297E5BA,REQ_BED4A4AC3CFC,0,1080.0,v0.1
INS_1B1CA297E5BA,REQ_F1BCE2171353,1,30000.0,v0.1
INS_1B1CA297E5BA,REQ_79D9DA8D86B2,2,1190.0,v0.1
INS_1B1CA297E5BA,REQ_E24D04763E27,3,190.0,v0.1
INS_1B1CA297E5BA,REQ_C0E13C1300B8,4,5310.0,v0.1
INS_1B1CA297E5BA,REQ_B06EE1FBD790,5,440.0,v0.1
INS_1B1CA297E5BA,REQ_3E52F7FF91EF,6,30000.0,v0.1
INS_1B1CA297E5BA,REQ_361625296175,7,760.0,v0.1
INS_1B1CA297E5BA,REQ_0CB5319CA597,8,320.0,v0.1
INS_1B1CA297E5BA,REQ_2F7599126195,9,1100.0,v0.1
INS_1B1CA297E5BA,REQ_40A3A309D7DB,10,960.0,v0.1
INS_1B1CA297E5BA,REQ_7A6BD429118B,11,12290.0,v0.1
INS_1B1CA297E5BA,REQ_B987BD564CE2,12,4920.0,v0.1
INS_1B1CA297E5BA,REQ_CB005E277BB5,13,10460.0,v0.1
INS_1B1CA297E5BA,REQ_8A9668781AA1,14,6450.0,v0.1
INS_1B1CA297E5BA,REQ_BD2D6B2E0207,15,9650.0,v0.1
INS_1B1CA297E5BA,REQ_B28C9C438DBA,16,21460.0,v0.1
INS_1B1CA297E5BA,REQ_72718D156290,17,160.0,v0.1
INS_1B1CA297E5BA,REQ_15A905EC90C4,18,21350.0,v0.1
INS_0261C120FD8A,REQ_0AB16D87F321,0,30000.0,v0.1
INS_0261C120FD8A,REQ_5002568DAA0A,1,1550.0,v0.1
INS_0261C120FD8A,REQ_A6E64A82E2AB,2,340.0,v0.1
INS_0261C120FD8A,REQ_3F3A50D09B12,3,30000.0,v0.1
INS_0261C120FD8A,REQ_FD0E030054A9,4,1230.0,v0.1
INS_0261C120FD8A,REQ_65A7B9EB0024,5,30000.0,v0.1
INS_0261C120FD8A,REQ_3672741DE321,6,1500.0,v0.1
INS_0261C120FD8A,REQ_B4663F72E507,7,2330.0,v0.1
INS_0261C120FD8A,REQ_843C99F914E7,8,400.0,v0.1
INS_0261C120FD8A,REQ_9DE4E7F5266D,9,1570.0,v0.1
INS_0261C120FD8A,REQ_A711C5A195C8,10,30000.0,v0.1
INS_4BA0BFFE047C,REQ_876FBD6ED478,0,30000.0,v0.1
INS_4BA0BFFE047C,REQ_18FB567B8A04,1,18640.0,v0.1
INS_4BA0BFFE047C,REQ_39C488F45AAB,2,130.0,v0.1
INS_4BA0BFFE047C,REQ_6B9A005F2D54,3,400.0,v0.1
INS_4BA0BFFE047C,REQ_21C6E187A6DB,4,30000.0,v0.1
INS_4BA0BFFE047C,REQ_44DDB20D7AA6,5,150.0,v0.1
INS_4BA0BFFE047C,REQ_D58DFFAEB621,6,170.0,v0.1
INS_4BA0BFFE047C,REQ_C080163111F8,7,4980.0,v0.1
INS_4BA0BFFE047C,REQ_54F1698CDB81,8,100.0,v0.1
INS_4BA0BFFE047C,REQ_A59DE8BF9CF8,9,1960.0,v0.1
INS_4BA0BFFE047C,REQ_18517AA1786D,10,1300.0,v0.1
INS_4BA0BFFE047C,REQ_32ECE947C2BB,11,31400.0,v0.1
INS_FF3F9D24BB2B,REQ_C532521B97BC,0,30000.0,v0.1
INS_FF3F9D24BB2B,REQ_394E24062C7F,1,30000.0,v0.1
INS_FF3F9D24BB2B,REQ_D1103C092ED9,2,30000.0,v0.1
INS_FF3F9D24BB2B,REQ_E711ACB22092,3,30000.0,v0.1
INS_FF3F9D24BB2B,REQ_65FBE0283CAF,4,30000.0,v0.1
INS_FF3F9D24BB2B,REQ_072D5D427A73,5,16440.0,v0.1
INS_FF3F9D24BB2B,REQ_CC5A547B6557,6,23360.0,v0.1
INS_FF3F9D24BB2B,REQ_9854F22FFC9A,7,470.0,v0.1
INS_FF3F9D24BB2B,REQ_CBF27A2DAACD,8,800.0,v0.1
INS_FF3F9D24BB2B,REQ_C2224BAB0D20,9,900.0,v0.1
INS_FF3F9D24BB2B,REQ_C7AE263E845F,10,26350.0,v0.1
INS_FF3F9D24BB2B,REQ_5C3C34C9A6CA,11,2100.0,v0.1
INS_FF3F9D24BB2B,REQ_E38CF4B73015,12,30000.0,v0.1
INS_FF3F9D24BB2B,REQ_80A0CD71E9AA,13,23250.0,v0.1
INS_FF3F9D24BB2B,REQ_148471AACFFA,14,6910.0,v0.1
INS_FF3F9D24BB2B,REQ_829A6AABFD5F,15,30000.0,v0.1
INS_FF3F9D24BB2B,REQ_0F28E95A8C62,16,2050.0,v0.1
INS_FF3F9D24BB2B,REQ_A1522B97F8C2,17,30000.0,v0.1
INS_FF3F9D24BB2B,REQ_E02B6CC37F49,18,13310.0,v0.1
INS_FF3F9D24BB2B,REQ_9F137379FC36,19,24850.0,v0.1
INS_FF3F9D24BB2B,REQ_1B8136D83B23,20,30000.0,v0.1
INS_FF3F9D24BB2B,REQ_5DEC6F33BD84,21,30000.0,v0.1
INS_FF3F9D24BB2B,REQ_AA1BA9DB59A1,22,800.0,v0.1
INS_FF3F9D24BB2B,REQ_61FA8FE9D26B,23,30000.0,v0.1
INS_FF3F9D24BB2B,REQ_80EAB69FD5ED,24,1360.0,v0.1
INS_FF3F9D24BB2B,REQ_BA871C8E953D,25,30000.0,v0.1
INS_FF3F9D24BB2B,REQ_74D80E6419D3,26,710.0,v0.1
INS_9306520F5D55,REQ_2D6D358E8DCC,0,30000.0,v0.1
INS_9306520F5D55,REQ_D11FE85E3355,1,30000.0,v0.1
INS_9306520F5D55,REQ_8B90D2883DEA,2,30000.0,v0.1
INS_9306520F5D55,REQ_75F10E935EE1,3,30000.0,v0.1
INS_9306520F5D55,REQ_CFCB418FB1B4,4,30000.0,v0.1
INS_9306520F5D55,REQ_DED8AA21E0B6,5,29790.0,v0.1
INS_9306520F5D55,REQ_337340C30D2E,6,13080.0,v0.1
INS_9306520F5D55,REQ_0B9FFD6545E3,7,18720.0,v0.1
INS_9306520F5D55,REQ_E50524A96B19,8,20540.0,v0.1
INS_9306520F5D55,REQ_C467DA777186,9,26070.0,v0.1
INS_9306520F5D55,REQ_299A9F4AA5CE,10,30000.0,v0.1
INS_9306520F5D55,REQ_948820C577EE,11,30000.0,v0.1
INS_9306520F5D55,REQ_F6D705542F1C,12,13680.0,v0.1
INS_3ED087631CC9,REQ_DFEB8E8F40AA,0,250.0,v0.1
INS_3ED087631CC9,REQ_6B7CA34C65E0,1,9650.0,v0.1
INS_3ED087631CC9,REQ_8C4797CDE380,2,260.0,v0.1
INS_3ED087631CC9,REQ_BED90CB5A9E4,3,30000.0,v0.1
INS_3ED087631CC9,REQ_871A4E888BC0,4,23260.0,v0.1
INS_3ED087631CC9,REQ_372BF2DC87F1,5,220.0,v0.1
INS_3ED087631CC9,REQ_2CA191175619,6,190.0,v0.1
INS_3ED087631CC9,REQ_5D050DC776D9,7,3790.0,v0.1
INS_3ED087631CC9,REQ_8F3BD89B8C29,8,19200.0,v0.1
INS_3ED087631CC9,REQ_C54ECF171C38,9,30000.0,v0.1
INS_3ED087631CC9,REQ_49313FAA0FFE,10,600.0,v0.1
INS_3ED087631CC9,REQ_A328D948D8A2,11,12130.0,v0.1
INS_3ED087631CC9,REQ_126D0FF6BD89,12,640.0,v0.1
INS_3ED087631CC9,REQ_2D2060EB710C,13,15930.0,v0.1
INS_3ED087631CC9,REQ_87F60BA022C4,14,280.0,v0.1
INS_3ED087631CC9,REQ_862AA276F180,15,110.0,v0.1
INS_0E9ECB184F83,REQ_464E6A4504CE,0,7580.0,v0.1
INS_0E9ECB184F83,REQ_53CE87781F20,1,1600.0,v0.1
INS_0E9ECB184F83,REQ_98CE1B4565BB,2,2300.0,v0.1
INS_0E9ECB184F83,REQ_95C454D31CF6,3,1270.0,v0.1
INS_0E9ECB184F83,REQ_4CAA2CD7C40E,4,10760.0,v0.1
INS_0E9ECB184F83,REQ_071569E9C6EE,5,500.0,v0.1
INS_0E9ECB184F83,REQ_53B48A18AC1A,6,24430.0,v0.1
INS_0E9ECB184F83,REQ_190842903362,7,590.0,v0.1
INS_0E9ECB184F83,REQ_F2C706D8D852,8,6450.0,v0.1
INS_0E9ECB184F83,REQ_0EF41116C082,9,2200.0,v0.1
INS_0E9ECB184F83,REQ_AD375A45E476,10,5660.0,v0.1
INS_0E9ECB184F83,REQ_200D68E70400,11,15525.0,v0.1
INS_0E9ECB184F83,REQ_D17E2B85595D,12,1100.0,v0.1
INS_0E9ECB184F83,REQ_193CBC0B9E7E,13,1200.0,v0.1
INS_70000DEC392B,REQ_F9D66FD27F63,0,6200.0,v0.1
INS_70000DEC392B,REQ_06DB83EB9CCD,1,360.0,v0.1
INS_70000DEC392B,REQ_C0EE0F40FE61,2,2450.0,v0.1
INS_70000DEC392B,REQ_3C9F28D4A149,3,1030.0,v0.1
INS_70000DEC392B,REQ_844A5463B121,4,450.0,v0.1
INS_70000DEC392B,REQ_B43CF910552C,5,10780.0,v0.1
INS_70000DEC392B,REQ_16FFDE5890DB,6,14700.0,v0.1
INS_70000DEC392B,REQ_40A833198CD0,7,6300.0,v0.1
INS_1CD13E8CC493,REQ_BB61EEDD08FD,0,1930.0,v0.1
INS_1CD13E8CC493,REQ_35D54E6F8467,1,12520.0,v0.1
INS_1CD13E8CC493,REQ_3E4701948EA7,2,30000.0,v0.1
INS_1CD13E8CC493,REQ_B0852CDFF6A3,3,6360.0,v0.1
INS_1CD13E8CC493,REQ_0ABC0BD98934,4,30000.0,v0.1
INS_1CD13E8CC493,REQ_3FB690CDB5A4,5,30000.0,v0.1
INS_1CD13E8CC493,REQ_93E6823741A3,6,30000.0,v0.1
INS_1CD13E8CC493,REQ_67C668CE005E,7,18410.0,v0.1
INS_1CD13E8CC493,REQ_306E3B1367BA,8,3100.0,v0.1
INS_1CD13E8CC493,REQ_CFB862F16221,9,500.0,v0.1
INS_1CD13E8CC493,REQ_DA3D1109EE8D,10,30000.0,v0.1
INS_1CD13E8CC493,REQ_5B45E1A89AE3,11,210.0,v0.1
INS_1CD13E8CC493,REQ_1B9CBD7F1DBA,12,1700.0,v0.1
INS_1CD13E8CC493,REQ_E90935AEDC0C,13,4120.0,v0.1
INS_3B4C974B5E57,REQ_2910D359E3D3,0,5690.0,v0.1
INS_3B4C974B5E57,REQ_34ADD8F17438,1,11360.0,v0.1
INS_3B4C974B5E57,REQ_E4DA88690426,2,12660.0,v0.1
INS_3B4C974B5E57,REQ_AD4769172682,3,850.0,v0.1
INS_3B4C974B5E57,REQ_3BC7431B9A8D,4,17580.0,v0.1
INS_3B4C974B5E57,REQ_1E48D147BBCE,5,17290.0,v0.1
INS_3B4C974B5E57,REQ_3EF369CCE8B5,6,7010.0,v0.1
INS_3B4C974B5E57,REQ_5C07C18DC39E,7,670.0,v0.1
INS_3B4C974B5E57,REQ_A93078525100,8,7400.0,v0.1
INS_3B4C974B5E57,REQ_B93A216BA97E,9,6360.0,v0.1
INS_3B4C974B5E57,REQ_C688CC05431F,10,28650.0,v0.1
INS_3B4C974B5E57,REQ_38E963CC47D7,11,250.0,v0.1
INS_3B4C974B5E57,REQ_884A9FB4BCA4,12,3730.0,v0.1
INS_3B4C974B5E57,REQ_7A70DF4BC158,13,5820.0,v0.1
INS_3B4C974B5E57,REQ_C90615CEA8CB,14,10140.0,v0.1
INS_3B4C974B5E57,REQ_528B975CC58C,15,80.0,v0.1
INS_3B4C974B5E57,REQ_8329C3D88CE9,16,110.00000000000001,v0.1
INS_3B4C974B5E57,REQ_F9733846F4DA,17,7170.0,v0.1
INS_3B4C974B5E57,REQ_341CA54DC595,18,800.0,v0.1
INS_3B4C974B5E57,REQ_AE34CE90B49C,19,650.0,v0.1
INS_3B4C974B5E57,REQ_80089640A1E8,20,22680.0,v0.1
INS_3B4C974B5E57,REQ_6C07F7078969,21,8810.0,v0.1
INS_3B4C974B5E57,REQ_11A142D79C10,22,19350.0,v0.1
INS_3B4C974B5E57,REQ_C9582520AF4D,23,11310.0,v0.1
INS_3B4C974B5E57,REQ_997559E4E8F6,24,1540.0,v0.1
INS_3B4C974B5E57,REQ_C6A50D47B1E0,25,5090.0,v0.1
INS_3B4C974B5E57,REQ_73FD88B097E8,26,100.0,v0.1
INS_3B4C974B5E57,REQ_CA1B6AC467CA,27,30000.0,v0.1
INS_3B4C974B5E57,REQ_94F94592CEC3,28,11270.0,v0.1
INS_3B4C974B5E57,REQ_2C11796B73A4,29,4029.9999999999995,v0.1
INS_3B4C974B5E57,REQ_0D198DB26C1B,30,6860.0,v0.1
INS_3B4C974B5E57,REQ_C8334F8D93F2,31,2420.0,v0.1
INS_3B4C974B5E57,REQ_B140A1C15B33,32,650.0,v0.1
INS_3B4C974B5E57,REQ_0E3B2A6FB0F6,33,3250.0,v0.1
INS_3B4C974B5E57,REQ_731A1305C40E,34,580.0,v0.1
INS_5DF5BBDD2D78,REQ_A095E3AC1D21,0,30000.0,v0.1
INS_5DF5BBDD2D78,REQ_BC3AE572C21A,1,30000.0,v0.1
INS_5DF5BBDD2D78,REQ_B2B151895B58,2,30000.0,v0.1
INS_5DF5BBDD2D78,REQ_3D137029DB76,3,30000.0,v0.1
INS_5DF5BBDD2D78,REQ_24B4F438D94F,4,30000.0,v0.1
INS_5DF5BBDD2D78,REQ_B65209DD6FB1,5,30000.0,v0.1
INS_5DF5BBDD2D78,REQ_A683694C8366,6,30000.0,v0.1
INS_5DF5BBDD2D78,REQ_18D05FE184DB,7,30000.0,v0.1
INS_03489D33486E,REQ_8079B275E44C,0,480.0,v0.1
INS_03489D33486E,REQ_B5DF55636BE5,1,11380.0,v0.1
INS_03489D33486E,REQ_AC865A8B2DAF,2,3690.0,v0.1
INS_03489D33486E,REQ_2653E2CE72CA,3,9710.0,v0.1
INS_03489D33486E,REQ_2EEC5049312D,4,30000.0,v0.1
INS_03489D33486E,REQ_5D88AAD1F833,5,5680.0,v0.1
INS_03489D33486E,REQ_9E6A6A603324,6,14480.0,v0.1
INS_03489D33486E,REQ_547A2F0DCF48,7,1000.0,v0.1
INS_F102600CE469,REQ_B58A3FA98648,0,740.0,v0.1
INS_F102600CE469,REQ_9FA4ADA8C10F,1,1140.0,v0.1
INS_F102600CE469,REQ_1ACEB1ED52AC,2,6230.0,v0.1
INS_F102600CE469,REQ_A8AB07CFC859,3,850.0,v0.1
INS_F102600CE469,REQ_1B4BF1034FED,4,8690.0,v0.1
INS_F102600CE469,REQ_ED7C472EB420,5,1950.0,v0.1
INS_F102600CE469,REQ_F7226CB1A765,6,11350.0,v0.1
INS_F102600CE469,REQ_13AB4E50A776,7,990.0,v0.1
INS_F102600CE469,REQ_137E564E98DF,8,6080.0,v0.1
INS_F102600CE469,REQ_D980F8906D5C,9,2020.0,v0.1
INS_F102600CE469,REQ_8AE6AFEE8FF6,10,760.0,v0.1
INS_F102600CE469,REQ_EC735DEE3C25,11,11020.0,v0.1
INS_F102600CE469,REQ_2D7A2CC1069A,12,7600.0,v0.1
INS_F102600CE469,REQ_0960EE089F98,13,6350.0,v0.1
INS_F102600CE469,REQ_FED525A4700F,14,1400.0,v0.1
INS_F102600CE469,REQ_5F02E7C71E80,15,5940.0,v0.1
INS_F102600CE469,REQ_181277DEDB26,16,10570.0,v0.1
INS_F102600CE469,REQ_60343256CFE1,17,1300.0,v0.1
INS_F102600CE469,REQ_35D925C0DEDF,18,9175.0,v0.1
INS_F102600CE469,REQ_771A0209A713,19,11200.0,v0.1
INS_F102600CE469,REQ_050E44359DC5,20,5230.0,v0.1
INS_F102600CE469,REQ_E3FEBBEF5A67,21,16900.0,v0.1
INS_F102600CE469,REQ_AC114D89BEA6,22,25030.0,v0.1
INS_F102600CE469,REQ_48C76BBF9FD9,23,24380.0,v0.1
INS_F102600CE469,REQ_B132B9B954CC,24,14880.0,v0.1
INS_F102600CE469,REQ_1B1BDB44C1EE,25,19920.0,v0.1
INS_F102600CE469,REQ_9E267758F73F,26,540.0,v0.1
INS_F102600CE469,REQ_B68CE30ACD03,27,300.0,v0.1
INS_F102600CE469,REQ_5726615C6FA0,28,1190.0,v0.1
INS_F102600CE469,REQ_308428F47585,29,1370.0,v0.1
INS_F102600CE469,REQ_AB450F150889,30,10360.0,v0.1
INS_F102600CE469,REQ_E98225DF9CB2,31,11450.0,v0.1
INS_F102600CE469,REQ_B11BC4A88E6C,32,1750.0,v0.1
INS_F102600CE469,REQ_3B488A7DEAF9,33,5500.0,v0.1
INS_F102600CE469,REQ_C63CCFC2D1E4,34,22650.0,v0.1
INS_F102600CE469,REQ_CBF765FB0CE9,35,1850.0,v0.1
INS_F102600CE469,REQ_EF3831408BF9,36,5000.0,v0.1
INS_F102600CE469,REQ_F937FFFEAECA,37,26230.0,v0.1
INS_F102600CE469,REQ_102C41EFC227,38,9350.0,v0.1
INS_F102600CE469,REQ_1CD0AEB96ABB,39,250.0,v0.1
INS_F335F3A4082A,REQ_FFD37620657E,0,300.0,v0.1
INS_F335F3A4082A,REQ_6408CD9C4E51,1,3400.0,v0.1
INS_F335F3A4082A,REQ_112324EC3EFA,2,2110.0,v0.1
INS_F335F3A4082A,REQ_1F394D8B9588,3,1430.0,v0.1
INS_F335F3A4082A,REQ_C5E2B20BD2E0,4,2370.0,v0.1
INS_F335F3A4082A,REQ_1DD92150F7EF,5,28690.0,v0.1
INS_F335F3A4082A,REQ_00B5674C6C13,6,26850.0,v0.1
INS_F335F3A4082A,REQ_FFD4369FB5CE,7,350.0,v0.1
INS_F335F3A4082A,REQ_229B82D890FE,8,370.0,v0.1
INS_F335F3A4082A,REQ_DDD37422EBAC,9,30000.0,v0.1
INS_F335F3A4082A,REQ_E9E2CB2E9385,10,3240.0,v0.1
INS_8453933B2BAA,REQ_32D358D6B961,0,950.0,v0.1
INS_8453933B2BAA,REQ_524EBDB31180,1,21070.0,v0.1
INS_8453933B2BAA,REQ_6797469E2000,2,300.0,v0.1
INS_8453933B2BAA,REQ_53FFCE60395A,3,520.0,v0.1
INS_8453933B2BAA,REQ_C90465CAC4DC,4,610.0,v0.1
INS_8453933B2BAA,REQ_41B94C1B4E55,5,2570.0,v0.1
INS_8453933B2BAA,REQ_B28106AF5433,6,30000.0,v0.1
INS_8453933B2BAA,REQ_F072DE6E7298,7,9720.0,v0.1
INS_8453933B2BAA,REQ_AB409B6547E8,8,840.0,v0.1
INS_8453933B2BAA,REQ_E7A869084F25,9,750.0,v0.1
INS_8453933B2BAA,REQ_9DBC9B9E6432,10,680.0,v0.1
INS_8453933B2BAA,REQ_392C9ADED808,11,3050.0,v0.1
INS_8453933B2BAA,REQ_526D97DC8A8F,12,1070.0,v0.1
INS_8453933B2BAA,REQ_06D62A1B88FC,13,30000.0,v0.1
INS_8453933B2BAA,REQ_833D1232F3AF,14,2280.0,v0.1
INS_8453933B2BAA,REQ_51FA3AD90825,15,30000.0,v0.1
INS_8453933B2BAA,REQ_78EBFB5E2B63,16,1980.0,v0.1
INS_8453933B2BAA,REQ_951D9E0F2428,17,1760.0000000000002,v0.1
INS_8453933B2BAA,REQ_547F0B03C863,18,560.0,v0.1
INS_8453933B2BAA,REQ_3291B3F9B46C,19,4160.0,v0.1
INS_6E7A58431CA3,REQ_CF273B1F5056,0,1260.0,v0.1
INS_6E7A58431CA3,REQ_8E9B1C963B4C,1,30000.0,v0.1
INS_6E7A58431CA3,REQ_25D077CAC72E,2,30000.0,v0.1
INS_6E7A58431CA3,REQ_B75FC85E790C,3,30000.0,v0.1
INS_6E7A58431CA3,REQ_7AED2FF1242F,4,2380.0,v0.1
INS_6E7A58431CA3,REQ_9DE4A63C592B,5,2600.0,v0.1
INS_6E7A58431CA3,REQ_60A30FF5706E,6,30000.0,v0.1
INS_6E7A58431CA3,REQ_E7A1EB08E39D,7,6370.0,v0.1
INS_6E7A58431CA3,REQ_8249328CC559,8,4800.0,v0.1
INS_6E7A58431CA3,REQ_CA1E1B07F1AC,9,250.0,v0.1
INS_6E7A58431CA3,REQ_DCA1BBDE538A,10,550.0,v0.1
INS_6E7A58431CA3,REQ_843699A924E8,11,14700.0,v0.1
INS_6E7A58431CA3,REQ_C9510E2BF6FB,12,240.0,v0.1
INS_BD96262141B0,REQ_CDB34DDCB2FB,0,22870.0,v0.1
INS_BD96262141B0,REQ_F40D6F2EAFF1,1,30000.0,v0.1
INS_BD96262141B0,REQ_D220DE32FFF4,2,650.0,v0.1
INS_BD96262141B0,REQ_1FDC51B35B2B,3,3629.9999999999995,v0.1
INS_BD96262141B0,REQ_85D3996DD4A7,4,370.0,v0.1
INS_BD96262141B0,REQ_3CD439148462,5,13640.0,v0.1
INS_BD96262141B0,REQ_0573B2927532,6,1030.0,v0.1
INS_BD96262141B0,REQ_F640C5DF472D,7,30000.0,v0.1
INS_BD96262141B0,REQ_906A836B7B3A,8,100.0,v0.1
INS_BD96262141B0,REQ_3C570F88B231,9,30000.0,v0.1
INS_BD96262141B0,REQ_F0F24B84CD96,10,1250.0,v0.1
INS_BD96262141B0,REQ_D87D072B1D0D,11,13520.0,v0.1
INS_BD96262141B0,REQ_636E734CC27D,12,30000.0,v0.1
INS_D5DA3976E1D8,REQ_CAFAB6F07963,0,280.0,v0.1
INS_D5DA3976E1D8,REQ_9C8C077AAA05,1,6500.0,v0.1
INS_D5DA3976E1D8,REQ_ADFA85953AC1,2,650.0,v0.1
INS_D5DA3976E1D8,REQ_4D08B1F1EE73,3,100.0,v0.1
INS_D5DA3976E1D8,REQ_B83CDF42E26D,4,130.0,v0.1
INS_D5DA3976E1D8,REQ_19B33ECDA195,5,7960.0,v0.1
INS_D5DA3976E1D8,REQ_E70210DF6EA5,6,250.0,v0.1
INS_D5DA3976E1D8,REQ_C790FFC23220,7,3200.0,v0.1
INS_D5DA3976E1D8,REQ_25A3F0336855,8,28070.0,v0.1
INS_D5DA3976E1D8,REQ_BF1C4CA37892,9,3360.0,v0.1
INS_D5DA3976E1D8,REQ_DB7F53CA4ACC,10,23940.0,v0.1
INS_D5DA3976E1D8,REQ_966BDFBFFF9D,11,150.0,v0.1
INS_E3AFFEFB864E,REQ_CBE58178588E,0,10570.0,v0.1
INS_E3AFFEFB864E,REQ_1FF03DAE2839,1,30000.0,v0.1
INS_E3AFFEFB864E,REQ_8D6E1C7C1E4E,2,30000.0,v0.1
INS_E3AFFEFB864E,REQ_546A19D960B0,3,30000.0,v0.1
INS_E3AFFEFB864E,REQ_8F717200F89D,4,11430.0,v0.1
INS_E3AFFEFB864E,REQ_BBCB6F5C41EE,5,27060.0,v0.1
INS_E3AFFEFB864E,REQ_3EEBB86092EC,6,30000.0,v0.1
INS_E3AFFEFB864E,REQ_D6A702805405,7,13950.0,v0.1
INS_E3AFFEFB864E,REQ_EDCDD411CC74,8,30000.0,v0.1
INS_E3AFFEFB864E,REQ_05284FE85B1C,9,25360.0,v0.1
INS_E3AFFEFB864E,REQ_A7BC46973A10,10,15700.0,v0.1
INS_E3AFFEFB864E,REQ_C40ABD233FAB,11,30000.0,v0.1
INS_E3AFFEFB864E,REQ_57FD9283ECDD,12,13890.0,v0.1
INS_E3AFFEFB864E,REQ_D83381E9970B,13,30000.0,v0.1
INS_E3AFFEFB864E,REQ_FDD057568520,14,30000.0,v0.1
INS_E3AFFEFB864E,REQ_5397DF010582,15,30000.0,v0.1
INS_E3AFFEFB864E,REQ_811D4A5B9CC3,16,30000.0,v0.1
INS_E3AFFEFB864E,REQ_7CF9F5A90A05,17,14280.0,v0.1
INS_8DE1FCD58B91,REQ_90A4E616152A,0,27730.0,v0.1
INS_8DE1FCD58B91,REQ_ECEB0B1438B0,1,26630.0,v0.1
INS_8DE1FCD58B91,REQ_D41663ABDA7E,2,18930.0,v0.1
INS_8DE1FCD58B91,REQ_E74EE37E0E0B,3,13730.0,v0.1
INS_8DE1FCD58B91,REQ_9EF709420473,4,21920.0,v0.1
INS_8DE1FCD58B91,REQ_B7AFBFEAA524,5,25850.0,v0.1
INS_8DE1FCD58B91,REQ_058AB67159C6,6,30000.0,v0.1
INS_8DE1FCD58B91,REQ_F79786BE1AE9,7,30000.0,v0.1
INS_8DE1FCD58B91,REQ_290207E6E90E,8,20590.0,v0.1
INS_8DE1FCD58B91,REQ_EBCCFA1E6A7F,9,17640.0,v0.1
INS_436A280CCD4B,REQ_C743FD875FDE,0,28900.0,v0.1
INS_436A280CCD4B,REQ_B621478EFB7A,1,200.0,v0.1
INS_436A280CCD4B,REQ_D7E388001900,2,28290.0,v0.1
INS_436A280CCD4B,REQ_C0992D66F80D,3,1080.0,v0.1
INS_436A280CCD4B,REQ_F41A7A7CAF63,4,580.0,v0.1
INS_436A280CCD4B,REQ_1D4AC23A8CE1,5,2120.0,v0.1
INS_436A280CCD4B,REQ_3CB05440FB0E,6,15540.0,v0.1
INS_436A280CCD4B,REQ_6D285253A8DD,7,890.0,v0.1
INS_436A280CCD4B,REQ_3C4ABDDAE969,8,4160.0,v0.1
INS_436A280CCD4B,REQ_C5871E25A270,9,150.0,v0.1
INS_436A280CCD4B,REQ_4E777567CD0E,10,1390.0,v0.1
INS_436A280CCD4B,REQ_255BABEE1A4D,11,9710.0,v0.1
INS_BE85914EFB4C,REQ_7A6F4F60B924,0,10320.0,v0.1
INS_BE85914EFB4C,REQ_9EB1BC3989BC,1,10810.0,v0.1
INS_BE85914EFB4C,REQ_993BAD625138,2,710.0,v0.1
INS_BE85914EFB4C,REQ_47E3CCBB1963,3,30000.0,v0.1
INS_BE85914EFB4C,REQ_4E9A39121325,4,28620.0,v0.1
INS_BE85914EFB4C,REQ_205BE3BFA89E,5,2450.0,v0.1
INS_BE85914EFB4C,REQ_B3539E5BEDAB,6,580.0,v0.1
INS_BE85914EFB4C,REQ_87B0157E006C,7,30000.0,v0.1
INS_BE85914EFB4C,REQ_BC5B138DA298,8,14810.0,v0.1
INS_BE85914EFB4C,REQ_29176F9FE197,9,1670.0,v0.1
INS_BE85914EFB4C,REQ_5EA7A43F24E7,10,6150.0,v0.1
INS_BE85914EFB4C,REQ_934908A85ADE,11,400.0,v0.1
INS_BE85914EFB4C,REQ_512152AD94D1,12,30000.0,v0.1
INS_BE85914EFB4C,REQ_6B03D6F790F3,13,22050.0,v0.1
INS_BE85914EFB4C,REQ_DEBD4D758FFA,14,3370.0000000000005,v0.1
INS_BE85914EFB4C,REQ_5F2F382CB5D3,15,10160.0,v0.1
INS_BE85914EFB4C,REQ_F609B6B1151D,16,110.0,v0.1
INS_BE85914EFB4C,REQ_A845DC87CC71,17,3370.0,v0.1
INS_BE85914EFB4C,REQ_195BA700C959,18,1660.0,v0.1
INS_BE85914EFB4C,REQ_2FA3A9F7E405,19,30000.0,v0.1
INS_BE85914EFB4C,REQ_B2D787E67032,20,8820.0,v0.1
INS_BE85914EFB4C,REQ_C2F6C440C8E0,21,100.0,v0.1
INS_BE85914EFB4C,REQ_F9C097874F6B,22,9730.0,v0.1
INS_BE85914EFB4C,REQ_0DAEC81252E1,23,28850.0,v0.1
INS_BE85914EFB4C,REQ_16021E5E0D24,24,4250.0,v0.1
INS_BE85914EFB4C,REQ_37B4CAF47951,25,550.0,v0.1
INS_BE85914EFB4C,REQ_3DBB691E310E,26,2230.0,v0.1
INS_BE85914EFB4C,REQ_E686AB51D113,27,30000.0,v0.1
INS_BE85914EFB4C,REQ_E06963FE57D2,28,2620.0,v0.1
INS_BE85914EFB4C,REQ_72B3D7B442BC,29,550.0,v0.1
INS_BE85914EFB4C,REQ_1712BDF98E57,30,9560.0,v0.1
INS_BE85914EFB4C,REQ_1D006D474625,31,1220.0,v0.1
INS_BE85914EFB4C,REQ_3B4C2639B85C,32,4470.0,v0.1
INS_BE85914EFB4C,REQ_8ABCCE748A12,33,22650.0,v0.1
INS_BE85914EFB4C,REQ_C6237F2ABE0E,34,7140.0,v0.1
INS_BE85914EFB4C,REQ_6D778E4A562E,35,2930.0,v0.1
INS_BE85914EFB4C,REQ_D0B0B489F69B,36,9300.0,v0.1
INS_BE85914EFB4C,REQ_717F3C7391B3,37,240.0,v0.1
INS_BE85914EFB4C,REQ_44804A2EA7BC,38,29570.0,v0.1
INS_BE85914EFB4C,REQ_C7E1AAC93852,39,250.0,v0.1
INS_BE85914EFB4C,REQ_BF1C4CA37892,40,3360.0,v0.1
INS_BE85914EFB4C,REQ_59C29140276B,41,8140.0,v0.1
INS_BE85914EFB4C,REQ_46A63542D290,42,2930.0,v0.1
INS_BE85914EFB4C,REQ_6353542C3F0A,43,3800.0,v0.1
INS_BE85914EFB4C,REQ_53D7E66CCFBB,44,360.0,v0.1
INS_89786EF6B97B,REQ_B815BDFE5C08,0,560.0,v0.1
INS_89786EF6B97B,REQ_F3DD28C45357,1,3820.0,v0.1
INS_89786EF6B97B,REQ_5EC106A80691,2,29690.0,v0.1
INS_89786EF6B97B,REQ_2E5CE27C3D31,3,6840.0,v0.1
INS_89786EF6B97B,REQ_CE45D382E088,4,30000.0,v0.1
INS_89786EF6B97B,REQ_962396A4175C,5,1480.0,v0.1
INS_89786EF6B97B,REQ_0EB3D16341F0,6,1140.0,v0.1
INS_89786EF6B97B,REQ_5E8FF134A4FA,7,2039.9999999999998,v0.1
INS_89786EF6B97B,REQ_9540388588A7,8,1400.0,v0.1
INS_89786EF6B97B,REQ_F641058F0F75,9,13030.0,v0.1
INS_89786EF6B97B,REQ_35B960A56F84,10,4250.0,v0.1
INS_89786EF6B97B,REQ_448746C26A18,11,650.0,v0.1
INS_89786EF6B97B,REQ_548ED3E32649,12,1760.0000000000002,v0.1
INS_89786EF6B97B,REQ_240EB6D22DCD,13,2680.0,v0.1
INS_89786EF6B97B,REQ_3C56BC341A79,14,4620.0,v0.1
INS_89786EF6B97B,REQ_6FB92004BA08,15,30000.0,v0.1
INS_89786EF6B97B,REQ_E38183CC9521,16,3970.0000000000005,v0.1
INS_89786EF6B97B,REQ_49DD3FFFEBD1,17,3870.0000000000005,v0.1
INS_89786EF6B97B,REQ_A8C157EE5BFA,18,6400.0,v0.1
INS_89786EF6B97B,REQ_12FB74EB3C8D,19,30000.0,v0.1
INS_89786EF6B97B,REQ_48B6C66A3944,20,30000.0,v0.1
INS_89786EF6B97B,REQ_C7D375FD6824,21,30000.0,v0.1
INS_89786EF6B97B,REQ_72D9687ED2FB,22,3420.0,v0.1
INS_89786EF6B97B,REQ_1B425B2E096D,23,5770.0,v0.1
INS_89786EF6B97B,REQ_0EAF6A1D46D6,24,26210.000000000004,v0.1
INS_89786EF6B97B,REQ_BAE5DAAE1FB5,25,30000.0,v0.1
INS_89786EF6B97B,REQ_FA3711095829,26,1250.0,v0.1
INS_89786EF6B97B,REQ_B6DFDCB288A8,27,7090.0,v0.1
INS_89786EF6B97B,REQ_46E66B65360D,28,6260.0,v0.1
INS_89786EF6B97B,REQ_ECE62279429A,29,1700.0,v0.1
INS_89786EF6B97B,REQ_1A1385922354,30,160.0,v0.1
INS_89786EF6B97B,REQ_82B216BD1BB1,31,5720.0,v0.1
INS_89786EF6B97B,REQ_A111B984FAA3,32,6830.0,v0.1
INS_89786EF6B97B,REQ_55FED03D2CCB,33,30000.0,v0.1
INS_89786EF6B97B,REQ_DF6A4210A229,34,9160.0,v0.1
INS_89786EF6B97B,REQ_BBF57B0458A6,35,1050.0,v0.1
INS_89786EF6B97B,REQ_D4F28EE1A08D,36,670.0,v0.1
INS_89786EF6B97B,REQ_299C59096FD7,37,350.0,v0.1
INS_89786EF6B97B,REQ_660D99EE07F5,38,650.0,v0.1
INS_89786EF6B97B,REQ_16517A2B2FC3,39,5560.0,v0.1
INS_89786EF6B97B,REQ_C73459155D74,40,4240.0,v0.1
INS_89786EF6B97B,REQ_004AF15E60E3,41,30000.0,v0.1
INS_89786EF6B97B,REQ_8900EAE1CA62,42,1250.0,v0.1
INS_89786EF6B97B,REQ_3F2AC957EF66,43,5130.0,v0.1
INS_89786EF6B97B,REQ_EE9EF02672C0,44,30000.0,v0.1
INS_89786EF6B97B,REQ_A5FD3930E188,45,8480.0,v0.1
INS_89786EF6B97B,REQ_5E97860FF6E1,46,6609.999999999999,v0.1
INS_89786EF6B97B,REQ_DB7AECE75440,47,7420.0,v0.1
INS_89786EF6B97B,REQ_922F56D63FC4,48,1560.0,v0.1
INS_89786EF6B97B,REQ_3CE61511D751,49,2120.0,v0.1
INS_89786EF6B97B,REQ_C7FA607C4CBD,50,30000.0,v0.1
INS_89786EF6B97B,REQ_CEEBA57EC93D,51,2780.0,v0.1
INS_89786EF6B97B,REQ_998E722FB33E,52,30000.0,v0.1
INS_89786EF6B97B,REQ_3B24B4DD95C0,53,30000.0,v0.1
INS_89786EF6B97B,REQ_FED0525171EE,54,1450.0,v0.1
INS_F2B0550E5CF8,REQ_F67CDC463918,0,1800.0,v0.1
INS_F2B0550E5CF8,REQ_2156E18E882A,1,3170.0,v0.1
INS_F2B0550E5CF8,REQ_6B2840F0F86D,2,650.0,v0.1
INS_F2B0550E5CF8,REQ_5D7C07E678AE,3,5150.0,v0.1
INS_F2B0550E5CF8,REQ_5C6503BA166E,4,1340.0,v0.1
INS_F2B0550E5CF8,REQ_D59CDE1A2AC0,5,200.0,v0.1
INS_F2B0550E5CF8,REQ_626A3353BEBA,6,3110.0,v0.1
INS_F2B0550E5CF8,REQ_B5CFD4955A9B,7,12425.0,v0.1
INS_F2B0550E5CF8,REQ_B551DB58B631,8,3160.0,v0.1
INS_F2B0550E5CF8,REQ_1F5D56214BCC,9,800.0,v0.1
INS_F2B0550E5CF8,REQ_39D42F7A7788,10,2360.0,v0.1
INS_F2B0550E5CF8,REQ_6686B73FEA0E,11,1390.0,v0.1
INS_2D0D2B18F7B6,REQ_4AD35C76BCA6,0,7400.0,v0.1
INS_2D0D2B18F7B6,REQ_98C3C94FBF39,1,12580.0,v0.1
INS_2D0D2B18F7B6,REQ_B8BC7A88DD3F,2,3340.0,v0.1
INS_2D0D2B18F7B6,REQ_05DD965B3498,3,100.0,v0.1
INS_2D0D2B18F7B6,REQ_ECA3480848AE,4,3880.0,v0.1
INS_2D0D2B18F7B6,REQ_646C40127093,5,4520.0,v0.1
INS_2D0D2B18F7B6,REQ_C241B50D74CB,6,7380.0,v0.1
INS_2D0D2B18F7B6,REQ_6AB9739A608E,7,30000.0,v0.1
INS_89A82017578C,REQ_423063F459B2,0,1400.0,v0.1
INS_89A82017578C,REQ_6B4C8C72B9A8,1,9040.0,v0.1
INS_89A82017578C,REQ_7899C9D75D55,2,430.0,v0.1
INS_89A82017578C,REQ_CAB6B0F3D4C8,3,700.0,v0.1
INS_89A82017578C,REQ_60646E2AF258,4,860.0,v0.1
INS_89A82017578C,REQ_2D7259019F44,5,640.0,v0.1
INS_89A82017578C,REQ_92DB6AEA59DE,6,26850.0,v0.1
INS_89A82017578C,REQ_1DC74487E6E3,7,6680.0,v0.1
INS_89A82017578C,REQ_943DA25C6885,8,6780.0,v0.1
INS_89A82017578C,REQ_FD59E788D819,9,19000.0,v0.1
INS_89A82017578C,REQ_EEC235C3AE6F,10,2200.0,v0.1
INS_89A82017578C,REQ_998C4F28C0EE,11,2700.0,v0.1
INS_89A82017578C,REQ_C1FF0A56E783,12,30000.0,v0.1
INS_89A82017578C,REQ_9EC23CC4FAC4,13,2300.0,v0.1
INS_89A82017578C,REQ_A884253EBCFD,14,30000.0,v0.1
INS_89A82017578C,REQ_7A7A3DF0C7A4,15,2120.0,v0.1
INS_89A82017578C,REQ_4659D0684F96,16,1510.0,v0.1
INS_89A82017578C,REQ_FEAE417025F5,17,30000.0,v0.1
INS_89A82017578C,REQ_7C4E4DDFBB90,18,7230.0,v0.1
INS_89A82017578C,REQ_62230C9A36D1,19,720.0,v0.1
INS_89A82017578C,REQ_81BF70DED950,20,1350.0,v0.1
INS_89A82017578C,REQ_92CDFCFEE2D5,21,420.0,v0.1
INS_89A82017578C,REQ_77027B8F9A40,22,30000.0,v0.1
INS_9C3D4F780E9A,REQ_7C94B21AD1E4,0,30000.0,v0.1
INS_9C3D4F780E9A,REQ_50A2F45747C0,1,9160.0,v0.1
INS_9C3D4F780E9A,REQ_C4C88F09234B,2,15140.0,v0.1
INS_9C3D4F780E9A,REQ_7868BDF12EC9,3,3560.0,v0.1
INS_9C3D4F780E9A,REQ_23597F191A8D,4,11100.0,v0.1
INS_9C3D4F780E9A,REQ_53FCCA9803C4,5,11710.0,v0.1
INS_9C3D4F780E9A,REQ_BC4F48241900,6,30000.0,v0.1
INS_9C3D4F780E9A,REQ_9BEEBE911F18,7,26490.0,v0.1
INS_9C3D4F780E9A,REQ_7F35A3B51B46,8,14420.0,v0.1
INS_9C3D4F780E9A,REQ_DBA4E7252854,9,9400.0,v0.1
INS_1607B83CDDE2,REQ_43EE6B2DECEF,0,400.0,v0.1
INS_1607B83CDDE2,REQ_B71498FF9855,1,7900.0,v0.1
INS_1607B83CDDE2,REQ_0DE4D0A0B5D9,2,2120.0,v0.1
INS_1607B83CDDE2,REQ_3E097BE273EA,3,20090.0,v0.1
INS_1607B83CDDE2,REQ_18F429A29A96,4,9500.0,v0.1
INS_1607B83CDDE2,REQ_73177B16179D,5,17860.0,v0.1
INS_1607B83CDDE2,REQ_31D06A361ECC,6,700.0,v0.1
INS_1607B83CDDE2,REQ_BFD5F4F6527C,7,25500.0,v0.1
INS_1607B83CDDE2,REQ_B5EA5DFD20AC,8,30000.0,v0.1
INS_1607B83CDDE2,REQ_A321471981CC,9,20490.0,v0.1
INS_1607B83CDDE2,REQ_F5A58A4D98B0,10,250.0,v0.1
INS_1607B83CDDE2,REQ_50DED2C7878A,11,300.0,v0.1
INS_1607B83CDDE2,REQ_E67C0942089D,12,3170.0,v0.1
INS_D48F70CC416C,REQ_4C5E899F963C,0,30000.0,v0.1
INS_D48F70CC416C,REQ_B683305872D9,1,30000.0,v0.1
INS_D48F70CC416C,REQ_458DA6FE9FA5,2,5350.0,v0.1
INS_D48F70CC416C,REQ_C1FAEEE89C0A,3,229.99999999999997,v0.1
INS_D48F70CC416C,REQ_79AA1B381532,4,600.0,v0.1
INS_D48F70CC416C,REQ_402F9DDB0334,5,80.0,v0.1
INS_D48F70CC416C,REQ_9BBC801F24E2,6,30000.0,v0.1
INS_D48F70CC416C,REQ_7F588BC0DD0B,7,1350.0,v0.1
INS_D48F70CC416C,REQ_AFF78B918754,8,819.9999999999999,v0.1
INS_D48F70CC416C,REQ_CAE9987DAB74,9,1350.0,v0.1
INS_D48F70CC416C,REQ_E90BD4D17008,10,640.0,v0.1
INS_D48F70CC416C,REQ_45E7B9893AE5,11,3800.0,v0.1
INS_D48F70CC416C,REQ_394BCB575663,12,11250.0,v0.1
INS_D48F70CC416C,REQ_AC5FF48E0210,13,1150.0,v0.1
INS_D48F70CC416C,REQ_F892BFE7042B,14,5730.0,v0.1
INS_D48F70CC416C,REQ_47D14D487203,15,27530.0,v0.1
INS_D48F70CC416C,REQ_5660B862180A,16,350.0,v0.1
INS_D48F70CC416C,REQ_2413AF71136B,17,6210.0,v0.1
INS_D48F70CC416C,REQ_116A3670A40A,18,18810.0,v0.1
INS_D48F70CC416C,REQ_15FE39B7FAD0,19,1850.0,v0.1
INS_D48F70CC416C,REQ_6E626F17B980,20,990.0,v0.1
INS_D48F70CC416C,REQ_974A58B637C2,21,3680.0,v0.1
INS_8679D41A24BC,REQ_2A92DFD89864,0,17760.0,v0.1
INS_8679D41A24BC,REQ_89498E831993,1,30000.0,v0.1
INS_8679D41A24BC,REQ_788FAF911A5E,2,550.0,v0.1
INS_8679D41A24BC,REQ_0CC67604B2B7,3,24350.0,v0.1
INS_8679D41A24BC,REQ_43CCF80E4E99,4,30000.0,v0.1
INS_8679D41A24BC,REQ_919DD27012C6,5,30000.0,v0.1
INS_8679D41A24BC,REQ_AF8CDDA4D5E0,6,30000.0,v0.1
INS_8679D41A24BC,REQ_48C9BCADCABD,7,30000.0,v0.1
INS_8679D41A24BC,REQ_8F909F86C457,8,17800.0,v0.1
INS_8679D41A24BC,REQ_BC1B952684D8,9,30000.0,v0.1
INS_8679D41A24BC,REQ_895E7DF735BD,10,14200.0,v0.1
INS_8679D41A24BC,REQ_CECF7A168639,11,30000.0,v0.1
INS_8679D41A24BC,REQ_16000AC93CBF,12,17000.0,v0.1
INS_8679D41A24BC,REQ_C21D9002E4B1,13,22540.0,v0.1
INS_8679D41A24BC,REQ_9137C155DD72,14,13460.0,v0.1
INS_8679D41A24BC,REQ_6C087EA6F86F,15,30000.0,v0.1
INS_8679D41A24BC,REQ_A673DE68CE58,16,26980.0,v0.1
INS_8679D41A24BC,REQ_4CC2DA46AECF,17,30000.0,v0.1
INS_8679D41A24BC,REQ_754815DAB900,18,30000.0,v0.1
INS_8679D41A24BC,REQ_25F94CE4E455,19,30000.0,v0.1
INS_8679D41A24BC,REQ_75AB6204EF53,20,390.0,v0.1
INS_8679D41A24BC,REQ_CB81322F5C84,21,6800.0,v0.1
INS_8679D41A24BC,REQ_AA4AFAE13C6E,22,9800.0,v0.1
INS_8679D41A24BC,REQ_D7C981DEE0E7,23,7309.999999999999,v0.1
INS_8679D41A24BC,REQ_BA4765F3E68D,24,30000.0,v0.1
INS_8679D41A24BC,REQ_0C29D1C7632C,25,30000.0,v0.1
INS_8679D41A24BC,REQ_B928B17119AE,26,6080.0,v0.1
INS_8679D41A24BC,REQ_B884FFFCE234,27,30000.0,v0.1
INS_8679D41A24BC,REQ_8BEBDFC315FC,28,15350.0,v0.1
INS_8679D41A24BC,REQ_05AC31DD7CD8,29,9310.0,v0.1
INS_915DF9457276,REQ_8EF4A8FCC5BB,0,6940.000000000001,v0.1
INS_915DF9457276,REQ_5671CF58E5F3,1,2820.0,v0.1
INS_915DF9457276,REQ_8C49A4D1CFD7,2,430.0,v0.1
INS_915DF9457276,REQ_40A0A8AF9503,3,5520.0,v0.1
INS_915DF9457276,REQ_EB2D2EC71D5E,4,30000.0,v0.1
INS_915DF9457276,REQ_E9E613E819B4,5,1260.0,v0.1
INS_915DF9457276,REQ_B8DC9E7A3A33,6,130.0,v0.1
INS_915DF9457276,REQ_88078A9079D9,7,1200.0,v0.1
INS_915DF9457276,REQ_7C86D569F5D1,8,80.0,v0.1
INS_915DF9457276,REQ_F6E2CD384A9B,9,950.0,v0.1
INS_915DF9457276,REQ_FDEE7EE21D1F,10,1490.0,v0.1
INS_915DF9457276,REQ_11EC411C7377,11,4740.0,v0.1
INS_915DF9457276,REQ_8ADD6DAADFCA,12,3150.0,v0.1
INS_915DF9457276,REQ_9CDE143EBAEA,13,6030.0,v0.1
INS_915DF9457276,REQ_B38FEA968306,14,509.99999999999994,v0.1
INS_915DF9457276,REQ_AAC946A1244E,15,20410.0,v0.1
INS_915DF9457276,REQ_315C01CF1815,16,20190.0,v0.1
INS_915DF9457276,REQ_D683E8FD4741,17,26470.0,v0.1
INS_915DF9457276,REQ_C090F100B2D0,18,30000.0,v0.1
INS_915DF9457276,REQ_2EB8E4563957,19,1250.0,v0.1
INS_915DF9457276,REQ_D1078C07F0FD,20,8510.0,v0.1
INS_915DF9457276,REQ_FA84C9B0D95A,21,1100.0,v0.1
INS_915DF9457276,REQ_21703F2A3521,22,20110.0,v0.1
INS_915DF9457276,REQ_DD5B21FCE5DD,23,310.0,v0.1
INS_915DF9457276,REQ_42F1E80FFEC7,24,310.0,v0.1
INS_915DF9457276,REQ_8781EC39AF40,25,4890.0,v0.1
INS_72D4A2C523C7,REQ_0EA00B4D2AC0,0,17600.0,v0.1
INS_72D4A2C523C7,REQ_66D0C1980DD4,1,1250.0,v0.1
INS_72D4A2C523C7,REQ_9A04F434BEBC,2,350.0,v0.1
INS_72D4A2C523C7,REQ_FA6B2DBF5AFB,3,180.0,v0.1
INS_72D4A2C523C7,REQ_EB5AD490941D,4,400.0,v0.1
INS_72D4A2C523C7,REQ_96D25564980C,5,5330.0,v0.1
INS_72D4A2C523C7,REQ_AFF5DBE6478D,6,8050.000000000001,v0.1
INS_72D4A2C523C7,REQ_E07A0B8E6982,7,400.0,v0.1
INS_72D4A2C523C7,REQ_959A4D2FEE07,8,10640.0,v0.1
INS_72D4A2C523C7,REQ_2CDBC4DB0329,9,5190.0,v0.1
INS_72D4A2C523C7,REQ_4209C315811A,10,250.0,v0.1
INS_72D4A2C523C7,REQ_8E0790AFDC28,11,130.0,v0.1
INS_72D4A2C523C7,REQ_AAF9E4D718C2,12,1650.0,v0.1
INS_72D4A2C523C7,REQ_8061C6F88F7B,13,1000.0,v0.1
INS_72D4A2C523C7,REQ_F6BA413F4334,14,910.0,v0.1
INS_72D4A2C523C7,REQ_13BCC2772879,15,1670.0,v0.1
INS_72D4A2C523C7,REQ_BCFA7A6F34C3,16,250.0,v0.1
INS_72D4A2C523C7,REQ_2BFD3722DA71,17,2200.0,v0.1
INS_72D4A2C523C7,REQ_34935A24AE85,18,17800.0,v0.1
INS_72D4A2C523C7,REQ_CE2B495917DD,19,200.0,v0.1
INS_72D4A2C523C7,REQ_7F44F81315C9,20,1050.0,v0.1
INS_72D4A2C523C7,REQ_D0B86E2A901A,21,2250.0,v0.1
INS_72D4A2C523C7,REQ_EA1CBA0BCFBF,22,30000.0,v0.1
INS_72D4A2C523C7,REQ_57CC5E51EC0E,23,6870.0,v0.1
INS_72D4A2C523C7,REQ_C8F0145054CE,24,210.0,v0.1
INS_72D4A2C523C7,REQ_2B05F113B40B,25,30000.0,v0.1
INS_72D4A2C523C7,REQ_2A99F7A3039B,26,640.0,v0.1
INS_725C87EC0B68,REQ_3064060B9402,0,5630.0,v0.1
INS_725C87EC0B68,REQ_4D189F99CCA3,1,430.0,v0.1
INS_725C87EC0B68,REQ_2535CDBFC29C,2,2420.0,v0.1
INS_725C87EC0B68,REQ_B9D82CEE954C,3,4700.0,v0.1
INS_725C87EC0B68,REQ_C743F614E98F,4,870.0,v0.1
INS_725C87EC0B68,REQ_4148EA6E8219,5,250.0,v0.1
INS_725C87EC0B68,REQ_239582C07640,6,520.0,v0.1
INS_725C87EC0B68,REQ_728FF110D226,7,1100.0,v0.1
INS_725C87EC0B68,REQ_BB71A744DFCA,8,5900.0,v0.1
INS_725C87EC0B68,REQ_2C94A23922DB,9,630.0,v0.1
INS_725C87EC0B68,REQ_B2F794267268,10,1200.0,v0.1
INS_725C87EC0B68,REQ_EFCEB9BD078B,11,450.0,v0.1
INS_725C87EC0B68,REQ_DC4408A4654A,12,170.0,v0.1
INS_725C87EC0B68,REQ_236297E70874,13,8200.0,v0.1
INS_725C87EC0B68,REQ_C41B2D319BE0,14,30000.0,v0.1
INS_725C87EC0B68,REQ_0A3C5A95467A,15,4760.0,v0.1
INS_725C87EC0B68,REQ_6C7C706FBA77,16,950.0,v0.1
INS_725C87EC0B68,REQ_D9D96E7A6578,17,330.0,v0.1
INS_725C87EC0B68,REQ_49F086B40766,18,450.0,v0.1
INS_725C87EC0B68,REQ_A2D5BCAFE134,19,500.0,v0.1
INS_430D9A20D6CF,REQ_334EE502C525,0,820.0,v0.1
INS_430D9A20D6CF,REQ_49B4B41E1CC8,1,330.0,v0.1
INS_430D9A20D6CF,REQ_C6DE767A77A2,2,6350.0,v0.1
INS_430D9A20D6CF,REQ_7416697D8DE2,3,30000.0,v0.1
INS_430D9A20D6CF,REQ_0B915180F5B4,4,550.0,v0.1
INS_430D9A20D6CF,REQ_E2243EA20648,5,900.0,v0.1
INS_430D9A20D6CF,REQ_86A7FFC1860D,6,7500.0,v0.1
INS_430D9A20D6CF,REQ_5616D8F7F091,7,950.0,v0.1
INS_430D9A20D6CF,REQ_0E97BAA62BE5,8,30000.0,v0.1
INS_430D9A20D6CF,REQ_DEC4B76C9F8E,9,650.0,v0.1
INS_430D9A20D6CF,REQ_EBF2026A9EBF,10,1200.0,v0.1
INS_430D9A20D6CF,REQ_D5817FEB36F4,11,13320.0,v0.1
INS_430D9A20D6CF,REQ_93058019137E,12,340.0,v0.1
INS_430D9A20D6CF,REQ_784547CF0591,13,700.0,v0.1
INS_430D9A20D6CF,REQ_B9B0FD7600C8,14,570.0,v0.1
INS_430D9A20D6CF,REQ_DA8E7711BD8D,15,15060.0,v0.1
INS_430D9A20D6CF,REQ_8D7AD8A97548,16,1270.0,v0.1
INS_430D9A20D6CF,REQ_B717A70BDAE0,17,5640.0,v0.1
INS_430D9A20D6CF,REQ_7A284DD217A7,18,1040.0,v0.1
INS_430D9A20D6CF,REQ_6B94341088CE,19,3350.0,v0.1
INS_430D9A20D6CF,REQ_347C368081A2,20,1300.0,v0.1
INS_430D9A20D6CF,REQ_F82411CC8F94,21,16280.0,v0.1
INS_430D9A20D6CF,REQ_A52A63507798,22,14169.999999999998,v0.1
INS_430D9A20D6CF,REQ_B83872CB8E9E,23,3200.0,v0.1
INS_430D9A20D6CF,REQ_5B4A42F2E5B1,24,280.0,v0.1
INS_430D9A20D6CF,REQ_F4C4763D02EB,25,409.99999999999994,v0.1
INS_430D9A20D6CF,REQ_A0CD8CC8BF0D,26,660.0,v0.1
INS_430D9A20D6CF,REQ_D91287D92D62,27,3979.9999999999995,v0.1
INS_430D9A20D6CF,REQ_6C41F3518C23,28,360.0,v0.1
INS_430D9A20D6CF,REQ_0279376200D4,29,360.0,v0.1
INS_430D9A20D6CF,REQ_A0FB6A129698,30,730.0,v0.1
INS_430D9A20D6CF,REQ_79F973AE9912,31,1040.0,v0.1
INS_430D9A20D6CF,REQ_A6DF18A72A58,32,3940.0,v0.1
INS_430D9A20D6CF,REQ_10D45FF78EF0,33,170.0,v0.1
INS_430D9A20D6CF,REQ_6E1D469B1BBD,34,570.0,v0.1
INS_430D9A20D6CF,REQ_08731FD13BC2,35,9900.0,v0.1
INS_430D9A20D6CF,REQ_3AC2DD82E1B0,36,1600.0,v0.1
INS_430D9A20D6CF,REQ_CAC1EC056EE7,37,22250.0,v0.1
INS_430D9A20D6CF,REQ_9549F2A621F7,38,8030.0,v0.1
INS_430D9A20D6CF,REQ_24E6A31CE150,39,22170.0,v0.1
INS_430D9A20D6CF,REQ_4EA908B53671,40,440.0,v0.1
INS_430D9A20D6CF,REQ_852B74375A9F,41,30000.0,v0.1
INS_430D9A20D6CF,REQ_EF330410B77D,42,240.0,v0.1
INS_9F5F7E79AB95,REQ_BDCE5E07FA92,0,1590.0,v0.1
INS_9F5F7E79AB95,REQ_FFD4369FB5CE,1,350.0,v0.1
INS_9F5F7E79AB95,REQ_41A6E756A9C7,2,229.99999999999997,v0.1
INS_9F5F7E79AB95,REQ_DEAD0B16A178,3,760.0,v0.1
INS_9F5F7E79AB95,REQ_8CBB5AEA4771,4,430.0,v0.1
INS_9F5F7E79AB95,REQ_4DC6C29A29E3,5,21490.0,v0.1
INS_9F5F7E79AB95,REQ_4A78CF12D72B,6,1060.0,v0.1
INS_9F5F7E79AB95,REQ_84137D8168FB,7,30000.0,v0.1
INS_9F5F7E79AB95,REQ_F873778396A8,8,250.0,v0.1
INS_9F5F7E79AB95,REQ_BA026F4D36B2,9,9600.0,v0.1
INS_9F5F7E79AB95,REQ_605FDD5664E9,10,30000.0,v0.1
INS_9F5F7E79AB95,REQ_B556FA0B9CEB,11,4250.0,v0.1
INS_9F5F7E79AB95,REQ_7EFCAF9C7DB0,12,30000.0,v0.1
INS_9F5F7E79AB95,REQ_E0A70A80DC3A,13,30000.0,v0.1
INS_8E1F99159970,REQ_DB9F739E997C,0,2620.0,v0.1
INS_8E1F99159970,REQ_8CBD357ED03A,1,17230.0,v0.1
INS_8E1F99159970,REQ_A0FB6A129698,2,730.0,v0.1
INS_8E1F99159970,REQ_F74760C272CC,3,30000.0,v0.1
INS_8E1F99159970,REQ_590357C9F2CA,4,27670.0,v0.1
INS_8E1F99159970,REQ_86A7FFC1860D,5,7500.0,v0.1
INS_8E1F99159970,REQ_5B4A42F2E5B1,6,280.0,v0.1
INS_8E1F99159970,REQ_914338094BBF,7,1000.0,v0.1
INS_8E1F99159970,REQ_A615966B445A,8,1889.9999999999998,v0.1
INS_8E1F99159970,REQ_E225AC61396D,9,11580.0,v0.1
INS_CD78370ED8B4,REQ_D4932DD5368D,0,2280.0,v0.1
INS_CD78370ED8B4,REQ_741CC85809BC,1,24590.0,v0.1
INS_CD78370ED8B4,REQ_BADA8DE13865,2,20670.0,v0.1
INS_CD78370ED8B4,REQ_CB7D1A64A1D0,3,30000.0,v0.1
INS_CD78370ED8B4,REQ_4B28389D8C08,4,5900.0,v0.1
INS_CD78370ED8B4,REQ_AE89430573AC,5,30000.0,v0.1
INS_CD78370ED8B4,REQ_C494655EDC92,6,30000.0,v0.1
INS_CD78370ED8B4,REQ_2A6A8365D475,7,2790.0,v0.1
INS_CD78370ED8B4,REQ_D62795A96C40,8,30000.0,v0.1
INS_CD78370ED8B4,REQ_9F7846E4B91B,9,30000.0,v0.1
INS_CD78370ED8B4,REQ_618D8D9D7218,10,1110.0,v0.1
INS_CD78370ED8B4,REQ_62E1E506E48D,11,30000.0,v0.1
INS_CD78370ED8B4,REQ_68A05259AB87,12,30000.0,v0.1
INS_CD78370ED8B4,REQ_F15035B559D5,13,30000.0,v0.1
INS_684F0DADA037,REQ_09C6EE095614,0,30000.0,v0.1
INS_684F0DADA037,REQ_A24C0669E19F,1,3629.9999999999995,v0.1
INS_684F0DADA037,REQ_A16DC7436FE2,2,23820.0,v0.1
INS_684F0DADA037,REQ_4BF631B824D2,3,29940.0,v0.1
INS_684F0DADA037,REQ_906A836B7B3A,4,100.0,v0.1
INS_684F0DADA037,REQ_470F8E0B8C83,5,100.0,v0.1
INS_684F0DADA037,REQ_B01A6DE75CB4,6,20040.0,v0.1
INS_684F0DADA037,REQ_F9D3CF0FE6B8,7,2020.0,v0.1
INS_684F0DADA037,REQ_EFDA1856BD7E,8,2100.0,v0.1
INS_684F0DADA037,REQ_DFD7578E426A,9,1000.0,v0.1
INS_684F0DADA037,REQ_029A435DDE93,10,26890.0,v0.1
INS_684F0DADA037,REQ_30476E6A7AC6,11,2370.0,v0.1
INS_684F0DADA037,REQ_D094D76BE4BD,12,1260.0,v0.1
INS_531EEEE08422,REQ_CFCB418FB1B4,0,30000.0,v0.1
INS_531EEEE08422,REQ_0B9FFD6545E3,1,18720.0,v0.1
INS_531EEEE08422,REQ_C6251C50FCA6,2,30000.0,v0.1
INS_531EEEE08422,REQ_DED8AA21E0B6,3,29790.0,v0.1
INS_531EEEE08422,REQ_8B90D2883DEA,4,30000.0,v0.1
INS_531EEEE08422,REQ_2BEAC4526E54,5,30000.0,v0.1
INS_531EEEE08422,REQ_C86DE41EA334,6,29460.0,v0.1
INS_531EEEE08422,REQ_948820C577EE,7,30000.0,v0.1
INS_531EEEE08422,REQ_F6D705542F1C,8,13680.0,v0.1
INS_531EEEE08422,REQ_C86E98612EAD,9,30000.0,v0.1
INS_531EEEE08422,REQ_0391EBB527B6,10,30000.0,v0.1
INS_531EEEE08422,REQ_299A9F4AA5CE,11,30000.0,v0.1
INS_531EEEE08422,REQ_C467DA777186,12,26070.0,v0.1
INS_531EEEE08422,REQ_3A14AA639842,13,30000.0,v0.1
INS_531EEEE08422,REQ_E50524A96B19,14,20540.0,v0.1
INS_531EEEE08422,REQ_2D6D358E8DCC,15,30000.0,v0.1
INS_531EEEE08422,REQ_74A931FA1079,16,18820.0,v0.1
INS_531EEEE08422,REQ_BD3278D236A9,17,12460.0,v0.1
INS_531EEEE08422,REQ_75F10E935EE1,18,30000.0,v0.1
INS_531EEEE08422,REQ_337340C30D2E,19,13080.0,v0.1
INS_531EEEE08422,REQ_587E1EA10952,20,30000.0,v0.1
INS_531EEEE08422,REQ_D11FE85E3355,21,30000.0,v0.1
INS_531EEEE08422,REQ_5128C36DC078,22,17060.0,v0.1
INS_54DE13976F4C,REQ_0F676B0DC6C8,0,30000.0,v0.1
INS_54DE13976F4C,REQ_8264B93D1673,1,2330.0,v0.1
INS_54DE13976F4C,REQ_6E3E6D74C967,2,4650.0,v0.1
INS_54DE13976F4C,REQ_D38282A402ED,3,1260.0,v0.1
INS_54DE13976F4C,REQ_A667913A890E,4,15030.000000000002,v0.1
INS_54DE13976F4C,REQ_5FA64F55EE1C,5,240.0,v0.1
INS_54DE13976F4C,REQ_9C2D76F0815A,6,1440.0,v0.1
INS_54DE13976F4C,REQ_5E559E182C3F,7,1620.0,v0.1
INS_54DE13976F4C,REQ_0C26780F24D7,8,450.0,v0.1
INS_54DE13976F4C,REQ_D472D3C6098F,9,680.0,v0.1
INS_54DE13976F4C,REQ_CC59B3D828F7,10,2350.0,v0.1
INS_54DE13976F4C,REQ_D8CD508A858E,11,10200.0,v0.1
INS_54DE13976F4C,REQ_A2F7C4ED0808,12,960.0,v0.1
INS_54DE13976F4C,REQ_BFAD0F4F2054,13,7350.0,v0.1
INS_FDBCF377AE8B,REQ_1D6DE31C4900,0,1500.0,v0.1
INS_FDBCF377AE8B,REQ_72E5F0CE71E5,1,800.0,v0.1
INS_FDBCF377AE8B,REQ_67167A83D399,2,22210.0,v0.1
INS_FDBCF377AE8B,REQ_5F0D87CA5156,3,1000.0,v0.1
INS_FDBCF377AE8B,REQ_C6D6CEC69512,4,1400.0,v0.1
INS_FDBCF377AE8B,REQ_6530B92E5390,5,760.0,v0.1
INS_FDBCF377AE8B,REQ_818FD0CBA59F,6,9340.0,v0.1
INS_FDBCF377AE8B,REQ_50CADED07465,7,10040.0,v0.1
INS_FDBCF377AE8B,REQ_9BF16612D6DD,8,30000.0,v0.1
INS_FDBCF377AE8B,REQ_139A280A861D,9,12650.0,v0.1
INS_FDBCF377AE8B,REQ_8E6023862630,10,1019.9999999999999,v0.1
INS_FDBCF377AE8B,REQ_EFCC5E33D5AF,11,1350.0,v0.1
INS_FDBCF377AE8B,REQ_A3570400DDC6,12,11270.0,v0.1
INS_5C936916EA9F,REQ_F328D4110CD7,0,11540.0,v0.1
INS_5C936916EA9F,REQ_361EEF369117,1,15360.0,v0.1
INS_5C936916EA9F,REQ_3683EA4A9778,2,30000.0,v0.1
INS_5C936916EA9F,REQ_BF534381D87B,3,26440.0,v0.1
INS_5C936916EA9F,REQ_C23599EBE003,4,80.0,v0.1
INS_5C936916EA9F,REQ_249F7AA4AFD5,5,260.0,v0.1
INS_5C936916EA9F,REQ_6E0599BA8E2A,6,1019.9999999999999,v0.1
INS_5C936916EA9F,REQ_87E11C77002B,7,1160.0,v0.1
INS_5C936916EA9F,REQ_7B060F16563D,8,21840.0,v0.1
INS_5C936916EA9F,REQ_95705959FB4C,9,660.0,v0.1
INS_5C936916EA9F,REQ_70C2290B00D7,10,700.0,v0.1
INS_5C936916EA9F,REQ_EEAD77B781F1,11,30000.0,v0.1
INS_5C936916EA9F,REQ_765EA4533B55,12,3020.0,v0.1
INS_5C936916EA9F,REQ_E3E4A29AAB45,13,30000.0,v0.1
INS_5C936916EA9F,REQ_55FBE03A6F0A,14,2160.0,v0.1
INS_5C936916EA9F,REQ_3D7B9BC9849A,15,22740.0,v0.1
INS_5C936916EA9F,REQ_88DCFAEA98E4,16,30000.0,v0.1
INS_5C936916EA9F,REQ_3FBC1F75DA2C,17,200.0,v0.1
INS_5C936916EA9F,REQ_77FC90F024B5,18,30000.0,v0.1
INS_5C936916EA9F,REQ_5EFD2D8C82E0,19,1300.0,v0.1
INS_5C936916EA9F,REQ_3ED63173690E,20,30000.0,v0.1
INS_5C936916EA9F,REQ_7E016E5750F9,21,7180.0,v0.1
INS_5C936916EA9F,REQ_AE24A3C9CE7F,22,7159.999999999999,v0.1
INS_5C936916EA9F,REQ_C2FF191415EA,23,19260.0,v0.1
INS_5C936916EA9F,REQ_170A1EC5D3CE,24,300.0,v0.1
INS_3C99A6F53DBA,REQ_B484458C3B06,0,30000.0,v0.1
INS_3C99A6F53DBA,REQ_82229E51F722,1,280.0,v0.1
INS_3C99A6F53DBA,REQ_6AB9739A608E,2,30000.0,v0.1
INS_3C99A6F53DBA,REQ_F0BE63F95380,3,4390.0,v0.1
INS_3C99A6F53DBA,REQ_EA4C7592BC5B,4,12240.0,v0.1
INS_3C99A6F53DBA,REQ_278A14F146EA,5,390.0,v0.1
INS_3C99A6F53DBA,REQ_57A441F5A092,6,30000.0,v0.1
INS_3C99A6F53DBA,REQ_62F7D31C3A9B,7,10130.0,v0.1
INS_3C99A6F53DBA,REQ_4AD35C76BCA6,8,7400.0,v0.1
INS_3C99A6F53DBA,REQ_5ADE234F250B,9,150.0,v0.1
INS_3C99A6F53DBA,REQ_7973ADD2994E,10,320.0,v0.1
INS_3C99A6F53DBA,REQ_9992BE8B594D,11,100.0,v0.1
INS_3C99A6F53DBA,REQ_646C40127093,12,4520.0,v0.1
INS_3C99A6F53DBA,REQ_8B58A6ED8196,13,430.0,v0.1
INS_3C99A6F53DBA,REQ_BBF2A3F38F9B,14,410.0,v0.1
INS_3C99A6F53DBA,REQ_A7A8415D7938,15,30000.0,v0.1
INS_3C99A6F53DBA,REQ_4A46C627B068,16,30000.0,v0.1
INS_3C99A6F53DBA,REQ_D8BE48ED7FDE,17,3080.0,v0.1
INS_3C99A6F53DBA,REQ_21C768BD8F3A,18,310.0,v0.1
INS_3C99A6F53DBA,REQ_3D27752AA263,19,30000.0,v0.1
INS_3C99A6F53DBA,REQ_24ACF5DD0CD8,20,7550.0,v0.1
INS_3C99A6F53DBA,REQ_5D2A5C5631EA,21,5270.0,v0.1
INS_3C99A6F53DBA,REQ_03BB0869FE97,22,13930.0,v0.1
INS_3C99A6F53DBA,REQ_B07B6770A8AF,23,90.0,v0.1
INS_3C99A6F53DBA,REQ_9A8B3F974AA1,24,21770.0,v0.1
INS_18DCE4FFE6C6,REQ_B2BFA0071457,0,1180.0,v0.1
INS_18DCE4FFE6C6,REQ_E4400C321994,1,12810.0,v0.1
INS_18DCE4FFE6C6,REQ_C7CCB1079C8A,2,920.0,v0.1
INS_18DCE4FFE6C6,REQ_2918109073A1,3,150.0,v0.1
INS_18DCE4FFE6C6,REQ_A3BA574AD3D5,4,31080.0,v0.1
INS_18DCE4FFE6C6,REQ_B503F6C6024F,5,23640.0,v0.1
INS_18DCE4FFE6C6,REQ_94EEEFB187B1,6,920.0,v0.1
INS_18DCE4FFE6C6,REQ_6A7D2965453F,7,320.0,v0.1
INS_18DCE4FFE6C6,REQ_FFD42CB3C94D,8,440.0,v0.1
INS_18DCE4FFE6C6,REQ_50339901A49C,9,30000.0,v0.1
INS_18DCE4FFE6C6,REQ_B5B4E68C1ABC,10,450.0,v0.1
INS_18DCE4FFE6C6,REQ_0324BE6ABFD8,11,9270.0,v0.1
INS_18DCE4FFE6C6,REQ_189A45856D76,12,950.0,v0.1
INS_18DCE4FFE6C6,REQ_B9A2BCDCDC7B,13,310.0,v0.1
INS_18DCE4FFE6C6,REQ_A13CDE8DD45A,14,240.0,v0.1
INS_18DCE4FFE6C6,REQ_DCA05B9CC796,15,2510.0,v0.1
INS_18DCE4FFE6C6,REQ_7AF975463275,16,8000.0,v0.1
INS_18DCE4FFE6C6,REQ_ACB368D6E2F1,17,5510.0,v0.1
INS_18DCE4FFE6C6,REQ_04A9B2D1ED2B,18,80.0,v0.1
INS_18DCE4FFE6C6,REQ_CF517F12DF2F,19,30000.0,v0.1
INS_18DCE4FFE6C6,REQ_8589EFE08C6C,20,17090.0,v0.1
INS_18DCE4FFE6C6,REQ_1009E32B05C4,21,3490.0,v0.1
INS_18DCE4FFE6C6,REQ_64022CADBB20,22,14119.999999999998,v0.1
INS_18DCE4FFE6C6,REQ_C3BFB99F3940,23,23940.0,v0.1
INS_18DCE4FFE6C6,REQ_A908C5E01850,24,450.0,v0.1
INS_08928C1C8C2B,REQ_0391EBB527B6,0,30000.0,v0.1
INS_08928C1C8C2B,REQ_CFCB418FB1B4,1,30000.0,v0.1
INS_08928C1C8C2B,REQ_D11FE85E3355,2,30000.0,v0.1
INS_08928C1C8C2B,REQ_2D6D358E8DCC,3,30000.0,v0.1
INS_08928C1C8C2B,REQ_3A14AA639842,4,30000.0,v0.1
INS_08928C1C8C2B,REQ_75F10E935EE1,5,30000.0,v0.1
INS_08928C1C8C2B,REQ_DED8AA21E0B6,6,29790.0,v0.1
INS_08928C1C8C2B,REQ_337340C30D2E,7,13080.0,v0.1
INS_08928C1C8C2B,REQ_587E1EA10952,8,30000.0,v0.1
INS_08928C1C8C2B,REQ_F6D705542F1C,9,13680.0,v0.1
INS_08928C1C8C2B,REQ_0B9FFD6545E3,10,18720.0,v0.1
INS_08928C1C8C2B,REQ_BD3278D236A9,11,12460.0,v0.1
INS_08928C1C8C2B,REQ_E50524A96B19,12,20540.0,v0.1
INS_08928C1C8C2B,REQ_74A931FA1079,13,18820.0,v0.1
INS_08928C1C8C2B,REQ_948820C577EE,14,30000.0,v0.1
INS_08928C1C8C2B,REQ_C86E98612EAD,15,30000.0,v0.1
INS_08928C1C8C2B,REQ_5128C36DC078,16,17060.0,v0.1
INS_08928C1C8C2B,REQ_8B90D2883DEA,17,30000.0,v0.1
INS_08928C1C8C2B,REQ_C86DE41EA334,18,29460.0,v0.1
INS_08928C1C8C2B,REQ_C6251C50FCA6,19,30000.0,v0.1
INS_56E0C02F4358,REQ_8BEBDFC315FC,0,15350.0,v0.1
INS_56E0C02F4358,REQ_B928B17119AE,1,6080.0,v0.1
INS_56E0C02F4358,REQ_0C29D1C7632C,2,30000.0,v0.1
INS_56E0C02F4358,REQ_CB81322F5C84,3,6800.0,v0.1
INS_56E0C02F4358,REQ_6C087EA6F86F,4,30000.0,v0.1
INS_56E0C02F4358,REQ_16000AC93CBF,5,17000.0,v0.1
INS_56E0C02F4358,REQ_BA4765F3E68D,6,30000.0,v0.1
INS_56E0C02F4358,REQ_8F909F86C457,7,17800.0,v0.1
INS_56E0C02F4358,REQ_75AB6204EF53,8,390.0,v0.1
INS_F16AB170424D,REQ_2FDF400E8823,0,180.0,v0.1
INS_F16AB170424D,REQ_EAE9005FF15D,1,30000.0,v0.1
INS_F16AB170424D,REQ_CB8870481A81,2,200.0,v0.1
INS_F16AB170424D,REQ_E758C6761242,3,2470.0,v0.1
INS_F16AB170424D,REQ_A908C5E01850,4,450.0,v0.1
INS_F16AB170424D,REQ_E4400C321994,5,12810.0,v0.1
INS_F16AB170424D,REQ_4431D64ECECA,6,1100.0,v0.1
INS_F16AB170424D,REQ_9F053670CD6D,7,30000.0,v0.1
INS_F16AB170424D,REQ_892BB82FB06C,8,90.0,v0.1
INS_F16AB170424D,REQ_0A02FB8B58FB,9,100.0,v0.1
INS_F16AB170424D,REQ_C6925C9AB5D0,10,140.0,v0.1
INS_F16AB170424D,REQ_C3BFB99F3940,11,23940.0,v0.1
INS_F16AB170424D,REQ_0324BE6ABFD8,12,9270.0,v0.1
INS_F16AB170424D,REQ_38E5F7F81A4F,13,30000.0,v0.1
INS_F16AB170424D,REQ_3CFBF1D6195C,14,350.0,v0.1
INS_F16AB170424D,REQ_4FA750C3EB42,15,30000.0,v0.1
INS_F16AB170424D,REQ_3F34BB2C8792,16,260.0,v0.1
INS_F16AB170424D,REQ_BECC0F673CF0,17,30000.0,v0.1
INS_F16AB170424D,REQ_4FB20A7D8C33,18,1030.0,v0.1
INS_F16AB170424D,REQ_A147145290E4,19,23590.0,v0.1
INS_F16AB170424D,REQ_1FA8341375CB,20,20750.0,v0.1
INS_F16AB170424D,REQ_3925F4DD08D0,21,350.0,v0.1
INS_F16AB170424D,REQ_4F3AE303FA7E,22,12500.0,v0.1
INS_F16AB170424D,REQ_7E92BEF65FB0,23,1670.0,v0.1
INS_F16AB170424D,REQ_B9CA0C45C5AC,24,600.0,v0.1
INS_F16AB170424D,REQ_A2C99B411D9B,25,17310.0,v0.1
INS_BEE3EE85279E,REQ_8694747D0481,0,19350.0,v0.1
INS_BEE3EE85279E,REQ_AAD38A9E239B,1,13719.999999999998,v0.1
INS_BEE3EE85279E,REQ_FD774F9E998C,2,30000.0,v0.1
INS_BEE3EE85279E,REQ_10F9F137725F,3,6900.0,v0.1
INS_BEE3EE85279E,REQ_D9E1E8D69ED7,4,1600.0,v0.1
INS_BEE3EE85279E,REQ_E12F4CEF655C,5,16660.0,v0.1
INS_BEE3EE85279E,REQ_CC4F72F2DC6D,6,12210.0,v0.1
INS_BEE3EE85279E,REQ_63390805A4CB,7,30000.0,v0.1
INS_BEE3EE85279E,REQ_82B6B3C3D714,8,30000.0,v0.1
INS_BEE3EE85279E,REQ_B22E7027066D,9,22760.0,v0.1
INS_BEE3EE85279E,REQ_5E9D3F1F2F70,10,7550.0,v0.1
INS_BEE3EE85279E,REQ_AB76EA88470A,11,1530.0,v0.1
INS_BEE3EE85279E,REQ_7CB59BFE5CA9,12,31370.0,v0.1
INS_BEE3EE85279E,REQ_5F057D5FCC98,13,30000.0,v0.1
INS_BEE3EE85279E,REQ_FF3A4F60DBC1,14,29320.0,v0.1
INS_BEE3EE85279E,REQ_94A0AB31C762,15,30000.0,v0.1
INS_BEE3EE85279E,REQ_7524D66E546D,16,12900.0,v0.1
INS_BEE3EE85279E,REQ_951114B8F62D,17,30000.0,v0.1
INS_BEE3EE85279E,REQ_E7FDFEC089D6,18,360.0,v0.1
INS_BEE3EE85279E,REQ_3D7BC6898E20,19,680.0,v0.1
INS_BEE3EE85279E,REQ_19D1EBA48A1F,20,8620.0,v0.1
INS_BEE3EE85279E,REQ_037C5789DFAD,21,1780.0,v0.1
INS_BEE3EE85279E,REQ_ACB73E463071,22,5560.0,v0.1
INS_BEE3EE85279E,REQ_1122E372081D,23,18830.0,v0.1
INS_BEE3EE85279E,REQ_74BD644895D5,24,16840.0,v0.1
INS_BEE3EE85279E,REQ_F5EEF0156560,25,410.0,v0.1
INS_BEE3EE85279E,REQ_5B4C04E85685,26,6200.0,v0.1
INS_BEE3EE85279E,REQ_1516B5B055CD,27,700.0,v0.1
INS_BEE3EE85279E,REQ_C5D62981500E,28,290.0,v0.1
INS_BEE3EE85279E,REQ_4A21D6558B6F,29,880.0,v0.1
INS_A4BF2A87CAB6,REQ_F0ED1C921036,0,2130.0,v0.1
INS_A4BF2A87CAB6,REQ_27D1877F5B18,1,2720.0,v0.1
INS_A4BF2A87CAB6,REQ_B62D3B8F79F4,2,5440.0,v0.1
INS_A4BF2A87CAB6,REQ_E116E8ACE2DE,3,30000.0,v0.1
INS_A4BF2A87CAB6,REQ_C2D201E8BAB9,4,150.0,v0.1
INS_A4BF2A87CAB6,REQ_34CE9711FE96,5,4890.0,v0.1
INS_A4BF2A87CAB6,REQ_F476903E0D9C,6,100.0,v0.1
INS_A4BF2A87CAB6,REQ_D7CF40306E75,7,2130.0,v0.1
INS_A4BF2A87CAB6,REQ_6293BC6255FA,8,100.0,v0.1
INS_A4BF2A87CAB6,REQ_1215583FA507,9,170.0,v0.1
INS_A4BF2A87CAB6,REQ_25C197F0CBB4,10,440.00000000000006,v0.1
INS_A4BF2A87CAB6,REQ_1A8458E3CCE8,11,3150.0,v0.1
INS_A4BF2A87CAB6,REQ_B4C959BA6628,12,920.0,v0.1
INS_A4BF2A87CAB6,REQ_21C6E187A6DB,13,30000.0,v0.1
INS_A4BF2A87CAB6,REQ_2C33E9123960,14,8475.0,v0.1
INS_A4BF2A87CAB6,REQ_F4E7F321DD0A,15,2920.0,v0.1
INS_A4BF2A87CAB6,REQ_60928DD4F1F4,16,11500.0,v0.1
INS_A4BF2A87CAB6,REQ_E7570921FD30,17,3850.0,v0.1
INS_A4BF2A87CAB6,REQ_43A65EA30756,18,420.0,v0.1
INS_A4BF2A87CAB6,REQ_6719A6D54561,19,30000.0,v0.1
INS_A4BF2A87CAB6,REQ_C080163111F8,20,4980.0,v0.1
INS_A4BF2A87CAB6,REQ_76B0CCD4A93E,21,300.0,v0.1
INS_A4BF2A87CAB6,REQ_D2500AC89062,22,13519.999999999998,v0.1
INS_A4BF2A87CAB6,REQ_D7BE53C7F6BD,23,11790.0,v0.1
INS_A4BF2A87CAB6,REQ_7E2802EB586A,24,2900.0,v0.1
INS_0B71F2C89AE7,REQ_619657029237,0,1370.0,v0.1
INS_0B71F2C89AE7,REQ_7F066032E05A,1,250.0,v0.1
INS_0B71F2C89AE7,REQ_7F98C384175D,2,600.0,v0.1
INS_0B71F2C89AE7,REQ_81407F2332FD,3,6409.999999999999,v0.1
INS_0B71F2C89AE7,REQ_B2CF259F3F0C,4,21750.0,v0.1
INS_0B71F2C89AE7,REQ_0CCAF14C6D8A,5,11250.0,v0.1
INS_0B71F2C89AE7,REQ_BDA1738A00B3,6,4540.0,v0.1
INS_0B71F2C89AE7,REQ_1116CD53EF67,7,1180.0,v0.1
INS_0B71F2C89AE7,REQ_715FA26815A3,8,3390.0,v0.1
INS_0B71F2C89AE7,REQ_65C274D77008,9,3490.0,v0.1
INS_0B71F2C89AE7,REQ_00AA1C4C92E4,10,7140.000000000001,v0.1
INS_0B71F2C89AE7,REQ_50CA21A9568E,11,6800.0,v0.1
INS_0B71F2C89AE7,REQ_08209EDBE027,12,13010.0,v0.1
INS_0B71F2C89AE7,REQ_CB94E1645CA1,13,15210.0,v0.1
INS_0B71F2C89AE7,REQ_0CA61DDB27A2,14,2760.0,v0.1
INS_0B71F2C89AE7,REQ_A349129BE780,15,2650.0,v0.1
INS_0B71F2C89AE7,REQ_0FB44AABE7CC,16,1870.0,v0.1
INS_0B71F2C89AE7,REQ_D61264269A81,17,1060.0,v0.1
INS_0B71F2C89AE7,REQ_1C4FAE42C22B,18,480.0,v0.1
INS_0B71F2C89AE7,REQ_FF220CE71746,19,8750.0,v0.1
INS_0B71F2C89AE7,REQ_2D96322F2022,20,550.0,v0.1
INS_0B71F2C89AE7,REQ_9DC7FB938194,21,30000.0,v0.1
INS_0B71F2C89AE7,REQ_2BA351440185,22,390.0,v0.1
INS_0B71F2C89AE7,REQ_92BD5019B39D,23,1630.0,v0.1
INS_5B18BFD746E4,REQ_750065B02800,0,2750.0,v0.1
INS_5B18BFD746E4,REQ_5567A18342A2,1,1710.0000000000002,v0.1
INS_5B18BFD746E4,REQ_842F38FFD81E,2,7375.0,v0.1
INS_5B18BFD746E4,REQ_DF54D746A290,3,869.9999999999999,v0.1
INS_5B18BFD746E4,REQ_45729E572A21,4,30000.0,v0.1
INS_5B18BFD746E4,REQ_72E5F0CE71E5,5,800.0,v0.1
INS_5B18BFD746E4,REQ_13BDBA9175C3,6,640.0,v0.1
INS_5B18BFD746E4,REQ_1DD69C79F5E0,7,770.0,v0.1
INS_5B18BFD746E4,REQ_35CB9B1D3E5F,8,9250.0,v0.1
INS_5B18BFD746E4,REQ_B8179C27E32A,9,560.0,v0.1
INS_5B18BFD746E4,REQ_DE83B3B496B2,10,920.0,v0.1
INS_5B18BFD746E4,REQ_7BDBB0A041CE,11,5860.0,v0.1
INS_5B18BFD746E4,REQ_89C16D0F1CFF,12,7090.0,v0.1
INS_5B18BFD746E4,REQ_91E6D7CB0C7C,13,7350.0,v0.1
INS_5B18BFD746E4,REQ_32502C5D3E7A,14,30000.0,v0.1
INS_5B18BFD746E4,REQ_CB18AC6582DA,15,30000.0,v0.1
INS_5B18BFD746E4,REQ_99AC92F8B63E,16,500.0,v0.1
INS_5B18BFD746E4,REQ_BBF95E3F94BE,17,2750.0,v0.1
INS_5B18BFD746E4,REQ_AE4F0E83B1D6,18,840.0,v0.1
INS_5B18BFD746E4,REQ_48BEA987F6DF,19,30000.0,v0.1
INS_5B18BFD746E4,REQ_A74659D86559,20,11660.0,v0.1
INS_5B18BFD746E4,REQ_2E5F6EF68497,21,1140.0,v0.1
INS_5B18BFD746E4,REQ_E99CB9947FB6,22,30000.0,v0.1
INS_5B18BFD746E4,REQ_FEE84138734E,23,15780.0,v0.1
INS_5B18BFD746E4,REQ_1D6DE31C4900,24,1500.0,v0.1
INS_5B18BFD746E4,REQ_86BC52D1B816,25,1400.0,v0.1
INS_5B18BFD746E4,REQ_00B35B5760B9,26,970.0,v0.1
INS_5B18BFD746E4,REQ_6BCED045453C,27,610.0,v0.1
INS_C0A408FED652,REQ_48D36A98A645,0,5450.0,v0.1
INS_C0A408FED652,REQ_DABAFADA37E2,1,30000.0,v0.1
INS_C0A408FED652,REQ_8694747D0481,2,19350.0,v0.1
INS_C0A408FED652,REQ_AE7F81461CD1,3,1580.0,v0.1
INS_C0A408FED652,REQ_CC4F72F2DC6D,4,12210.0,v0.1
INS_C0A408FED652,REQ_0CDBBDB67F44,5,370.0,v0.1
INS_C0A408FED652,REQ_4F801F8FFBC3,6,3130.0,v0.1
INS_C0A408FED652,REQ_D06620737C2B,7,1230.0,v0.1
INS_C0A408FED652,REQ_E92CFDA34037,8,7740.0,v0.1
INS_C0A408FED652,REQ_061D6AE8E285,9,26910.0,v0.1
INS_C0A408FED652,REQ_4756961CD89C,10,3720.0,v0.1
INS_C0A408FED652,REQ_58D58A84B7D0,11,1000.0,v0.1
INS_95586B28A270,REQ_14E063528AE3,0,710.0,v0.1
INS_95586B28A270,REQ_A1F0A335C16F,1,250.0,v0.1
INS_95586B28A270,REQ_95E89AF71DC6,2,4330.0,v0.1
INS_95586B28A270,REQ_B076459D712B,3,10230.0,v0.1
INS_95586B28A270,REQ_526D97DC8A8F,4,1070.0,v0.1
INS_95586B28A270,REQ_388E5CA480ED,5,500.0,v0.1
INS_95586B28A270,REQ_E31ED0B7D168,6,30000.0,v0.1
INS_95586B28A270,REQ_3B9B50B19166,7,650.0,v0.1
INS_95586B28A270,REQ_50C65247F294,8,5000.0,v0.1
INS_95586B28A270,REQ_870767C84CB9,9,15880.0,v0.1
INS_95586B28A270,REQ_41B94C1B4E55,10,2570.0,v0.1
INS_95586B28A270,REQ_D8DDC334D0CB,11,2810.0,v0.1
INS_95586B28A270,REQ_5FE1A6FBD00E,12,680.0,v0.1
INS_95586B28A270,REQ_833D1232F3AF,13,2280.0,v0.1
INS_95586B28A270,REQ_F84D0FE78115,14,3950.0,v0.1
INS_95586B28A270,REQ_61F0983241B1,15,800.0,v0.1
INS_95586B28A270,REQ_9A7158469A13,16,24220.0,v0.1
INS_95586B28A270,REQ_8DC528316C6A,17,730.0,v0.1
INS_95586B28A270,REQ_07284F4FF882,18,1120.0,v0.1
INS_95586B28A270,REQ_312B0F75977C,19,4840.0,v0.1
INS_95586B28A270,REQ_06D62A1B88FC,20,30000.0,v0.1
INS_95586B28A270,REQ_A4C32F94783D,21,20640.0,v0.1
INS_95586B28A270,REQ_90841A5B84FF,22,1030.0,v0.1
INS_95586B28A270,REQ_951D9E0F2428,23,1760.0000000000002,v0.1
INS_95586B28A270,REQ_892F6088E645,24,4520.0,v0.1
INS_95586B28A270,REQ_72CF52DCDD57,25,30000.0,v0.1
INS_95586B28A270,REQ_524EBDB31180,26,21070.0,v0.1
INS_95586B28A270,REQ_42E828F86B01,27,940.0,v0.1
INS_95586B28A270,REQ_D2B51CFB2F49,28,1150.0,v0.1
INS_345A5F05A2F8,REQ_52A2A08C1116,0,30000.0,v0.1
INS_345A5F05A2F8,REQ_46FF1F34EAA0,1,2050.0,v0.1
INS_345A5F05A2F8,REQ_B246229BAAA2,2,1580.0,v0.1
INS_345A5F05A2F8,REQ_1E070D148353,3,80.0,v0.1
INS_345A5F05A2F8,REQ_CE5174FD8DEF,4,4300.0,v0.1
INS_345A5F05A2F8,REQ_E2659A5F5FE7,5,5560.0,v0.1
INS_345A5F05A2F8,REQ_135004795F75,6,30000.0,v0.1
INS_345A5F05A2F8,REQ_869068042822,7,19170.0,v0.1
INS_345A5F05A2F8,REQ_C7FD898818DA,8,30000.0,v0.1
INS_345A5F05A2F8,REQ_ED8CD4ABEFBD,9,30000.0,v0.1
INS_345A5F05A2F8,REQ_6BDE3C7DAAD9,10,3620.0,v0.1
INS_345A5F05A2F8,REQ_9082831C7F44,11,150.0,v0.1
INS_345A5F05A2F8,REQ_E7A1EB08E39D,12,6370.0,v0.1
INS_345A5F05A2F8,REQ_A444BF07C848,13,4910.0,v0.1
INS_345A5F05A2F8,REQ_E1964CAA21FA,14,2500.0,v0.1
INS_345A5F05A2F8,REQ_5851684E5324,15,4380.0,v0.1
INS_345A5F05A2F8,REQ_26F8AE3E4B0C,16,540.0,v0.1
INS_345A5F05A2F8,REQ_58B00192079D,17,20270.0,v0.1
INS_345A5F05A2F8,REQ_226EA42169C3,18,2360.0,v0.1
INS_345A5F05A2F8,REQ_CB6D1A3F54BB,19,1020.0,v0.1
INS_345A5F05A2F8,REQ_0EAA8A6A19B0,20,110.0,v0.1
INS_345A5F05A2F8,REQ_9DE4A63C592B,21,2600.0,v0.1
INS_345A5F05A2F8,REQ_7C5B315437FD,22,30000.0,v0.1
INS_345A5F05A2F8,REQ_C2989DBF746F,23,2230.0,v0.1
INS_9038FEF41FFB,REQ_A5ECDB6DBDA0,0,600.0,v0.1
INS_9038FEF41FFB,REQ_7719E3246A8A,1,2840.0,v0.1
INS_9038FEF41FFB,REQ_D28417B60E21,2,1000.0,v0.1
INS_9038FEF41FFB,REQ_32627DA53A4B,3,26700.0,v0.1
INS_9038FEF41FFB,REQ_04A75EF23F57,4,6050.0,v0.1
INS_9038FEF41FFB,REQ_6826F597E26C,5,900.0,v0.1
INS_9038FEF41FFB,REQ_B909B2BD355C,6,30000.0,v0.1
INS_9038FEF41FFB,REQ_36EF0C25A53B,7,20200.0,v0.1
INS_9038FEF41FFB,REQ_6D5EA328E1AC,8,1700.0,v0.1
INS_9038FEF41FFB,REQ_CE0488467E7E,9,300.0,v0.1
INS_9038FEF41FFB,REQ_39A99B3597CE,10,1100.0,v0.1
INS_9038FEF41FFB,REQ_42572774EF72,11,15860.0,v0.1
INS_9038FEF41FFB,REQ_E840E368F0F8,12,30000.0,v0.1
INS_9038FEF41FFB,REQ_BC08AAF124D3,13,550.0,v0.1
INS_9038FEF41FFB,REQ_E21CB6300AE6,14,400.0,v0.1
INS_9038FEF41FFB,REQ_E58DDB94A3D9,15,30000.0,v0.1
INS_9038FEF41FFB,REQ_82ACD3C124F3,16,30000.0,v0.1
INS_9038FEF41FFB,REQ_31E483310672,17,4680.0,v0.1
INS_9038FEF41FFB,REQ_25321A5124C7,18,12140.0,v0.1
INS_9038FEF41FFB,REQ_60B83172E469,19,13900.0,v0.1
INS_9038FEF41FFB,REQ_129ED3D58661,20,30000.0,v0.1
INS_9038FEF41FFB,REQ_8B1BBC66EC53,21,800.0,v0.1
INS_9038FEF41FFB,REQ_AC5BA126695F,22,740.0,v0.1
INS_9038FEF41FFB,REQ_FA38A998EF62,23,300.0,v0.1
INS_9038FEF41FFB,REQ_59466EF8A148,24,850.0,v0.1
INS_9038FEF41FFB,REQ_CF44081C9C9C,25,9600.0,v0.1
INS_9038FEF41FFB,REQ_1057B027ADAC,26,280.0,v0.1
INS_9038FEF41FFB,REQ_47E08230C586,27,30000.0,v0.1
INS_9038FEF41FFB,REQ_439CE7A5C3A3,28,2030.0,v0.1
INS_9038FEF41FFB,REQ_9C59ECC99046,29,950.0,v0.1
INS_9038FEF41FFB,REQ_418EF76CCD93,30,980.0000000000001,v0.1
INS_9038FEF41FFB,REQ_99A6021106C6,31,650.0,v0.1
INS_9038FEF41FFB,REQ_0AE39EB5ADD0,32,550.0,v0.1
INS_9038FEF41FFB,REQ_1F4D70946248,33,1270.0,v0.1
INS_9038FEF41FFB,REQ_8691C039EAE8,34,11000.0,v0.1
INS_9038FEF41FFB,REQ_D37EB237DE4D,35,2690.0,v0.1
INS_9038FEF41FFB,REQ_1A5E67173C23,36,610.0,v0.1
INS_9038FEF41FFB,REQ_A5D4386B47AB,37,180.0,v0.1
INS_9038FEF41FFB,REQ_81F482E0353B,38,1100.0,v0.1
INS_9038FEF41FFB,REQ_A229F61BBA14,39,10870.0,v0.1
INS_9038FEF41FFB,REQ_F74A16FBD130,40,30000.0,v0.1
INS_9038FEF41FFB,REQ_3A0869572F47,41,30000.0,v0.1
INS_9038FEF41FFB,REQ_616C351C4772,42,670.0,v0.1
INS_9038FEF41FFB,REQ_07C33BAA7EBE,43,1220.0,v0.1
INS_9038FEF41FFB,REQ_E0CAFDD396FA,44,5910.0,v0.1
INS_9038FEF41FFB,REQ_03D08502C980,45,7420.0,v0.1
INS_9038FEF41FFB,REQ_0329B11D7EAE,46,620.0,v0.1
INS_9038FEF41FFB,REQ_0C70C80A9D13,47,6020.0,v0.1
INS_9038FEF41FFB,REQ_B677A82B5439,48,1350.0,v0.1
INS_B84E11DBB780,REQ_88463CE54A9C,0,24000.0,v0.1
INS_B84E11DBB780,REQ_D1721A4DBEB1,1,30000.0,v0.1
INS_B84E11DBB780,REQ_D1B919E5E93E,2,6100.0,v0.1
INS_B84E11DBB780,REQ_C157987871E0,3,300.0,v0.1
INS_B84E11DBB780,REQ_737D3B3EEC27,4,390.0,v0.1
INS_B84E11DBB780,REQ_084C8A4384D4,5,840.0,v0.1
INS_B84E11DBB780,REQ_A1BD05000F1E,6,30000.0,v0.1
INS_B84E11DBB780,REQ_1FD9FE65DC9D,7,850.0,v0.1
INS_B84E11DBB780,REQ_4B6E6A766020,8,460.0,v0.1
INS_B84E11DBB780,REQ_5AA67018D727,9,2110.0,v0.1
INS_B84E11DBB780,REQ_1DAD579352A1,10,6790.0,v0.1
INS_B84E11DBB780,REQ_C86870892B8C,11,100.0,v0.1
INS_B84E11DBB780,REQ_97A96275FA06,12,10690.0,v0.1
INS_B84E11DBB780,REQ_7F588BC0DD0B,13,1350.0,v0.1
INS_B84E11DBB780,REQ_B8ECAAA05B67,14,30000.0,v0.1
INS_B84E11DBB780,REQ_B6C7019C0BD6,15,1490.0,v0.1
INS_B84E11DBB780,REQ_AC5FF48E0210,16,1150.0,v0.1
INS_B84E11DBB780,REQ_89C1289FB6B6,17,710.0,v0.1
INS_B84E11DBB780,REQ_A680411DCE60,18,2220.0,v0.1
INS_B84E11DBB780,REQ_F5A0A452AB8C,19,2040.0,v0.1
INS_B84E11DBB780,REQ_89A1D77F8BDC,20,250.0,v0.1
INS_B84E11DBB780,REQ_FC4847B4FE2C,21,819.9999999999999,v0.1
INS_B84E11DBB780,REQ_568E45AC81B1,22,1050.0,v0.1
INS_B84E11DBB780,REQ_81C9D404FBE0,23,900.0,v0.1
INS_B84E11DBB780,REQ_B4FCACC48C64,24,450.0,v0.1
INS_B84E11DBB780,REQ_15D9A616478F,25,550.0,v0.1
INS_B84E11DBB780,REQ_4A1F338AF0A8,26,1220.0,v0.1
INS_B84E11DBB780,REQ_057C4AF67732,27,1060.0,v0.1
INS_B84E11DBB780,REQ_C7DAAEA11E7A,28,23610.0,v0.1
INS_B84E11DBB780,REQ_71E9ECB6D99B,29,24650.0,v0.1
INS_21D1B6AE4932,REQ_84D041AE2264,0,650.0,v0.1
INS_21D1B6AE4932,REQ_F91B88272DE3,1,90.0,v0.1
INS_21D1B6AE4932,REQ_FDC95B9A664E,2,730.0,v0.1
INS_21D1B6AE4932,REQ_45067B37061F,3,17270.0,v0.1
INS_21D1B6AE4932,REQ_E6CE8DB9C99F,4,980.0000000000001,v0.1
INS_21D1B6AE4932,REQ_E3E4A29AAB45,5,30000.0,v0.1
INS_21D1B6AE4932,REQ_A71482EDF58D,6,550.0,v0.1
INS_21D1B6AE4932,REQ_3D7B9BC9849A,7,22740.0,v0.1
INS_21D1B6AE4932,REQ_E3AAFE0EC04A,8,1019.9999999999999,v0.1
INS_21D1B6AE4932,REQ_8C7568C59D23,9,13400.0,v0.1
INS_21D1B6AE4932,REQ_B4D82BDD46F5,10,14040.0,v0.1
INS_21D1B6AE4932,REQ_5EFD2D8C82E0,11,1300.0,v0.1
INS_21D1B6AE4932,REQ_3AB74080E616,12,30000.0,v0.1
INS_AF37AB6269A5,REQ_A4836FBE6535,0,19300.0,v0.1
INS_AF37AB6269A5,REQ_FA6FC109BFD9,1,430.0,v0.1
INS_AF37AB6269A5,REQ_7BF70712243B,2,30000.0,v0.1
INS_AF37AB6269A5,REQ_EA082279FF08,3,450.0,v0.1
INS_AF37AB6269A5,REQ_1C8BE40ECB55,4,4950.0,v0.1
INS_AF37AB6269A5,REQ_982BC1FF2915,5,5900.0,v0.1
INS_AF37AB6269A5,REQ_C698D3B77143,6,2430.0,v0.1
INS_AF37AB6269A5,REQ_815D52847B7D,7,2200.0,v0.1
INS_AF37AB6269A5,REQ_858A3D612A19,8,730.0,v0.1
INS_AF37AB6269A5,REQ_FFD532B57ADE,9,1450.0,v0.1
INS_F035D0DF7A5E,REQ_E74EE37E0E0B,0,13730.0,v0.1
INS_F035D0DF7A5E,REQ_ECEB0B1438B0,1,26630.0,v0.1
INS_F035D0DF7A5E,REQ_A3B267051658,2,22480.0,v0.1
INS_F035D0DF7A5E,REQ_058AB67159C6,3,30000.0,v0.1
INS_F035D0DF7A5E,REQ_EBCCFA1E6A7F,4,17640.0,v0.1
INS_F035D0DF7A5E,REQ_44AC8A2E9FF7,5,19500.0,v0.1
INS_F035D0DF7A5E,REQ_456881F0BC67,6,30000.0,v0.1
INS_F035D0DF7A5E,REQ_290207E6E90E,7,20590.0,v0.1
INS_F035D0DF7A5E,REQ_D41663ABDA7E,8,18930.0,v0.1
INS_F035D0DF7A5E,REQ_1FBD7665CEF8,9,30000.0,v0.1
INS_F035D0DF7A5E,REQ_F79786BE1AE9,10,30000.0,v0.1
INS_F035D0DF7A5E,REQ_9EF709420473,11,21920.0,v0.1
INS_F035D0DF7A5E,REQ_90A4E616152A,12,27730.0,v0.1
INS_F035D0DF7A5E,REQ_F7DCAD255861,13,28220.0,v0.1
INS_F035D0DF7A5E,REQ_7316E36FB9C5,14,12310.0,v0.1
INS_F035D0DF7A5E,REQ_0305DEE325F4,15,27480.0,v0.1
INS_F035D0DF7A5E,REQ_5CB3314F49C3,16,30000.0,v0.1
INS_F035D0DF7A5E,REQ_7601CFF91624,17,30000.0,v0.1
INS_F035D0DF7A5E,REQ_8495F52429CF,18,30000.0,v0.1
INS_5A0D7877D038,REQ_28850EC37A99,0,130.0,v0.1
INS_5A0D7877D038,REQ_98CDF735F436,1,30000.0,v0.1
INS_5A0D7877D038,REQ_408F9B4D63E9,2,370.0,v0.1
INS_5A0D7877D038,REQ_2DA272E90233,3,11820.0,v0.1
INS_5A0D7877D038,REQ_821200C8364B,4,30000.0,v0.1
INS_5A0D7877D038,REQ_77FC90F024B5,5,30000.0,v0.1
INS_5A0D7877D038,REQ_7F8D02C0C992,6,450.0,v0.1
INS_5A0D7877D038,REQ_C8566D2715CA,7,30000.0,v0.1
INS_5A0D7877D038,REQ_44B8BA92CB44,8,30000.0,v0.1
INS_5A0D7877D038,REQ_BF534381D87B,9,26440.0,v0.1
INS_5A0D7877D038,REQ_DDA49ED3F456,10,14970.0,v0.1
INS_5A0D7877D038,REQ_5481EE723E0B,11,600.0,v0.1
INS_5A0D7877D038,REQ_8EA71DC3FF29,12,17000.0,v0.1
INS_5A0D7877D038,REQ_02C5C352A695,13,9850.0,v0.1
INS_519674D79C8A,REQ_D11FE85E3355,0,30000.0,v0.1
INS_519674D79C8A,REQ_C86E98612EAD,1,30000.0,v0.1
INS_519674D79C8A,REQ_C6251C50FCA6,2,30000.0,v0.1
INS_519674D79C8A,REQ_0391EBB527B6,3,30000.0,v0.1
INS_519674D79C8A,REQ_587E1EA10952,4,30000.0,v0.1
INS_519674D79C8A,REQ_DED8AA21E0B6,5,29790.0,v0.1
INS_519674D79C8A,REQ_F6D705542F1C,6,13680.0,v0.1
INS_519674D79C8A,REQ_E50524A96B19,7,20540.0,v0.1
INS_519674D79C8A,REQ_C86DE41EA334,8,29460.0,v0.1
INS_519674D79C8A,REQ_3A14AA639842,9,30000.0,v0.1
INS_519674D79C8A,REQ_2D6D358E8DCC,10,30000.0,v0.1
INS_519674D79C8A,REQ_0B9FFD6545E3,11,18720.0,v0.1
INS_10BC9F68A023,REQ_DB7E73456889,0,30000.0,v0.1
INS_10BC9F68A023,REQ_F98863CD39A8,1,10120.0,v0.1
INS_10BC9F68A023,REQ_96B37560E83B,2,30000.0,v0.1
INS_10BC9F68A023,REQ_3D845892AB12,3,1190.0,v0.1
INS_10BC9F68A023,REQ_CA49EDDCCC5F,4,3780.0,v0.1
INS_10BC9F68A023,REQ_07663977B686,5,5420.0,v0.1
INS_10BC9F68A023,REQ_3EF9610E9B43,6,1900.0,v0.1
INS_10BC9F68A023,REQ_53695D038824,7,10980.0,v0.1
INS_10BC9F68A023,REQ_71ED0AAC616B,8,1000.0,v0.1
INS_10BC9F68A023,REQ_2723819D1D39,9,30000.0,v0.1
INS_10BC9F68A023,REQ_9B7BC1BAEE0B,10,16150.0,v0.1
INS_10BC9F68A023,REQ_5369A007113B,11,600.0,v0.1
INS_10BC9F68A023,REQ_1F8D54632BFA,12,850.0,v0.1
INS_10BC9F68A023,REQ_F89C9F3153F3,13,24020.0,v0.1
INS_10BC9F68A023,REQ_274CE0597EB2,14,4990.0,v0.1
INS_10BC9F68A023,REQ_9517729DC6F5,15,30000.0,v0.1
INS_10BC9F68A023,REQ_2692E2E62F4C,16,22050.0,v0.1
INS_10BC9F68A023,REQ_5A6381B1F361,17,490.0,v0.1
INS_10BC9F68A023,REQ_8B79AC60A90E,18,8220.0,v0.1
INS_10BC9F68A023,REQ_C51BF3D5F2D0,19,9310.0,v0.1
INS_10BC9F68A023,REQ_811BD6B8BA47,20,30000.0,v0.1
INS_10BC9F68A023,REQ_86A3B794C3D2,21,30000.0,v0.1
INS_10BC9F68A023,REQ_DAD67EDB4ED4,22,30290.0,v0.1
INS_10BC9F68A023,REQ_8857FA779BEE,23,6150.0,v0.1
INS_10BC9F68A023,REQ_7B231D12DC47,24,11850.0,v0.1
INS_10BC9F68A023,REQ_6231A76A78E9,25,30000.0,v0.1
INS_10BC9F68A023,REQ_ED474C2FC439,26,11430.0,v0.1
INS_10BC9F68A023,REQ_35A7E7DFFE25,27,1019.9999999999999,v0.1
INS_10BC9F68A023,REQ_A75E42111AF2,28,30000.0,v0.1
INS_10BC9F68A023,REQ_A0F535A64FEC,29,1610.0000000000002,v0.1
INS_10BC9F68A023,REQ_59ED2270B5E4,30,30000.0,v0.1
INS_10BC9F68A023,REQ_0E8C3D792A58,31,2960.0,v0.1
INS_10BC9F68A023,REQ_2D1A7DD29A84,32,1410.0,v0.1
INS_10BC9F68A023,REQ_3D0675C1D7B6,33,3060.0,v0.1
INS_10BC9F68A023,REQ_1C47352DFE0D,34,80.0,v0.1
INS_10BC9F68A023,REQ_72A02A99C902,35,1990.0,v0.1
INS_10BC9F68A023,REQ_CF7546D61E6C,36,700.0,v0.1
INS_10BC9F68A023,REQ_5DD276FC241B,37,1910.0000000000002,v0.1
INS_10BC9F68A023,REQ_B61153844BFD,38,29730.0,v0.1
INS_10BC9F68A023,REQ_41D7C6A4691D,39,1150.0,v0.1
INS_10BC9F68A023,REQ_7212F864A0BE,40,150.0,v0.1
INS_10BC9F68A023,REQ_034AF4D09D59,41,720.0,v0.1
INS_10BC9F68A023,REQ_CFD64183A215,42,4550.0,v0.1
INS_10BC9F68A023,REQ_6EB3330560DA,43,28790.0,v0.1
INS_10BC9F68A023,REQ_C67C55FFCF62,44,7880.0,v0.1
INS_7C8A856CC25E,REQ_46BED6AC0C1B,0,30000.0,v0.1
INS_7C8A856CC25E,REQ_AB0D1ABAAF69,1,390.0,v0.1
INS_7C8A856CC25E,REQ_92706BC882D8,2,490.00000000000006,v0.1
INS_7C8A856CC25E,REQ_0C450B617CF7,3,1150.0,v0.1
INS_7C8A856CC25E,REQ_1D804F22D71B,4,30000.0,v0.1
INS_7C8A856CC25E,REQ_A7978C9312CB,5,6630.0,v0.1
INS_7C8A856CC25E,REQ_797938F7139F,6,780.0,v0.1
INS_7C8A856CC25E,REQ_1B37AAC1740A,7,8170.0,v0.1
INS_7C8A856CC25E,REQ_BF48C34F6F45,8,1600.0,v0.1
INS_7C8A856CC25E,REQ_B20938BCFB82,9,400.0,v0.1
INS_7C8A856CC25E,REQ_08C8851B5DA3,10,4480.0,v0.1
INS_7C8A856CC25E,REQ_CD143F188619,11,1320.0,v0.1
INS_24E76CFD50A7,REQ_ED558EDFB2BF,0,1100.0,v0.1
INS_24E76CFD50A7,REQ_C47304DA83ED,1,4230.0,v0.1
INS_24E76CFD50A7,REQ_2C9E7B9F2AAB,2,17660.0,v0.1
INS_24E76CFD50A7,REQ_F951C5741B0F,3,3700.0,v0.1
INS_24E76CFD50A7,REQ_6D67C3D0E8BE,4,5630.0,v0.1
INS_24E76CFD50A7,REQ_9FA72F909B2F,5,5290.0,v0.1
INS_24E76CFD50A7,REQ_B0DB739B1B2C,6,10070.0,v0.1
INS_24E76CFD50A7,REQ_69F750777645,7,300.0,v0.1
INS_8C23ED1C7FA0,REQ_A438155C4282,0,1050.0,v0.1
INS_8C23ED1C7FA0,REQ_A31FBDF1252A,1,17220.0,v0.1
INS_8C23ED1C7FA0,REQ_3C2FC766D1CB,2,14670.0,v0.1
INS_8C23ED1C7FA0,REQ_B9681039FC4B,3,2060.0,v0.1
INS_8C23ED1C7FA0,REQ_E9D5418C39E1,4,2920.0,v0.1
INS_8C23ED1C7FA0,REQ_F025D8671263,5,2330.0,v0.1
INS_8C23ED1C7FA0,REQ_4BCB9BD8B793,6,2330.0,v0.1
INS_8C23ED1C7FA0,REQ_F7587BAE7ED7,7,330.0,v0.1
INS_8C23ED1C7FA0,REQ_3AC3465B18E1,8,2370.0,v0.1
INS_8C23ED1C7FA0,REQ_1F070E5FE9B3,9,2940.0,v0.1
INS_8C23ED1C7FA0,REQ_280683F50CF3,10,1630.0,v0.1
INS_8C23ED1C7FA0,REQ_6589D7539281,11,1520.0,v0.1
INS_8C23ED1C7FA0,REQ_A602D32D935A,12,22680.0,v0.1
INS_8C23ED1C7FA0,REQ_2741E3BC401F,13,15640.0,v0.1
INS_8C23ED1C7FA0,REQ_BE125481E9D7,14,12570.0,v0.1
INS_8C23ED1C7FA0,REQ_671B0EFD8E07,15,100.0,v0.1
INS_8C23ED1C7FA0,REQ_0BDAA8E0B86B,16,21550.0,v0.1
INS_8C23ED1C7FA0,REQ_EA9EB4892D49,17,1270.0,v0.1
INS_8C23ED1C7FA0,REQ_91A4A5D603B8,18,220.00000000000003,v0.1
INS_8C23ED1C7FA0,REQ_655D47944819,19,11980.0,v0.1
INS_8C23ED1C7FA0,REQ_F94888CE344C,20,2390.0,v0.1
INS_8C23ED1C7FA0,REQ_65BF42398F8D,21,5550.0,v0.1
INS_8C23ED1C7FA0,REQ_2D3D3D86C1EE,22,450.0,v0.1
INS_8C23ED1C7FA0,REQ_B3F0F9243848,23,530.0,v0.1
INS_8C23ED1C7FA0,REQ_302C05D78031,24,3500.0,v0.1
INS_8C23ED1C7FA0,REQ_22CC6341FEB2,25,950.0,v0.1
INS_8C23ED1C7FA0,REQ_F353A5EDDF4C,26,30000.0,v0.1
INS_8C23ED1C7FA0,REQ_9A93FD1BCF68,27,620.0,v0.1
INS_8C23ED1C7FA0,REQ_9AE806AC1AAF,28,1150.0,v0.1
INS_8C23ED1C7FA0,REQ_847F0B82C374,29,20470.0,v0.1
INS_8C23ED1C7FA0,REQ_C8D46885311A,30,15070.0,v0.1
INS_8C23ED1C7FA0,REQ_20D0B21DFC7F,31,9430.0,v0.1
INS_4D938A39AB2E,REQ_C297D82226B5,0,350.0,v0.1
INS_4D938A39AB2E,REQ_E81CD13A29CF,1,28460.0,v0.1
INS_4D938A39AB2E,REQ_D43CEBCC2554,2,25470.0,v0.1
INS_4D938A39AB2E,REQ_62471CDC1B44,3,13710.0,v0.1
INS_4D938A39AB2E,REQ_8AE6AFEE8FF6,4,760.0,v0.1
INS_4D938A39AB2E,REQ_31BCEF52F8DC,5,940.0,v0.1
INS_4D938A39AB2E,REQ_B1DE6C44D033,6,29240.0,v0.1
INS_4D938A39AB2E,REQ_181277DEDB26,7,10570.0,v0.1
INS_4D938A39AB2E,REQ_EB6E83594F68,8,30000.0,v0.1
INS_4D938A39AB2E,REQ_D3FD53F3EA57,9,2440.0,v0.1
INS_4D938A39AB2E,REQ_33C2131616E0,10,740.0,v0.1
INS_4D938A39AB2E,REQ_5726615C6FA0,11,1190.0,v0.1
INS_4D938A39AB2E,REQ_8D13E89CE80E,12,13380.000000000002,v0.1
INS_4D938A39AB2E,REQ_13AB4E50A776,13,990.0,v0.1
INS_4D938A39AB2E,REQ_1ACEB1ED52AC,14,6230.0,v0.1
INS_4D938A39AB2E,REQ_0DBE7D5E84D5,15,1200.0,v0.1
INS_4D938A39AB2E,REQ_9D8035B8CAFA,16,12400.0,v0.1
INS_4D938A39AB2E,REQ_E489E1C59498,17,12090.0,v0.1
INS_4D938A39AB2E,REQ_49075A4F332E,18,820.0,v0.1
INS_4D938A39AB2E,REQ_C2575FF9196A,19,30000.0,v0.1
INS_36A614D07F0F,REQ_75AB6204EF53,0,390.0,v0.1
INS_36A614D07F0F,REQ_0CC67604B2B7,1,24350.0,v0.1
INS_36A614D07F0F,REQ_9137C155DD72,2,13460.0,v0.1
INS_36A614D07F0F,REQ_CECF7A168639,3,30000.0,v0.1
INS_36A614D07F0F,REQ_BA4765F3E68D,4,30000.0,v0.1
INS_36A614D07F0F,REQ_788FAF911A5E,5,550.0,v0.1
INS_36A614D07F0F,REQ_48C9BCADCABD,6,30000.0,v0.1
INS_36A614D07F0F,REQ_919DD27012C6,7,30000.0,v0.1
INS_36A614D07F0F,REQ_8BEBDFC315FC,8,15350.0,v0.1
INS_36A614D07F0F,REQ_25F94CE4E455,9,30000.0,v0.1
INS_36A614D07F0F,REQ_0C29D1C7632C,10,30000.0,v0.1
INS_36A614D07F0F,REQ_43CCF80E4E99,11,30000.0,v0.1
INS_36A614D07F0F,REQ_4CC2DA46AECF,12,30000.0,v0.1
INS_36A614D07F0F,REQ_AF8CDDA4D5E0,13,30000.0,v0.1
INS_36A614D07F0F,REQ_89498E831993,14,30000.0,v0.1
INS_36A614D07F0F,REQ_895E7DF735BD,15,14200.0,v0.1
INS_36A614D07F0F,REQ_B884FFFCE234,16,30000.0,v0.1
INS_36A614D07F0F,REQ_AA4AFAE13C6E,17,9800.0,v0.1
INS_36A614D07F0F,REQ_754815DAB900,18,30000.0,v0.1
INS_36A614D07F0F,REQ_16000AC93CBF,19,17000.0,v0.1
INS_36A614D07F0F,REQ_2A92DFD89864,20,17760.0,v0.1
INS_36A614D07F0F,REQ_BC1B952684D8,21,30000.0,v0.1
INS_36A614D07F0F,REQ_8F909F86C457,22,17800.0,v0.1
INS_36A614D07F0F,REQ_6C087EA6F86F,23,30000.0,v0.1
INS_36A614D07F0F,REQ_B928B17119AE,24,6080.0,v0.1
INS_36A614D07F0F,REQ_D7C981DEE0E7,25,7309.999999999999,v0.1
INS_36A614D07F0F,REQ_05AC31DD7CD8,26,9310.0,v0.1
INS_36A614D07F0F,REQ_C21D9002E4B1,27,22540.0,v0.1
INS_36A614D07F0F,REQ_CB81322F5C84,28,6800.0,v0.1
INS_36A614D07F0F,REQ_A673DE68CE58,29,26980.0,v0.1
INS_F3D55F8BFCBB,REQ_47CA6BE9F763,0,30000.0,v0.1
INS_F3D55F8BFCBB,REQ_F18E1E97D071,1,680.0,v0.1
INS_F3D55F8BFCBB,REQ_D94FDB223C4D,2,430.0,v0.1
INS_F3D55F8BFCBB,REQ_FF2B3556392C,3,1150.0,v0.1
INS_F3D55F8BFCBB,REQ_424B572528AD,4,2900.0,v0.1
INS_F3D55F8BFCBB,REQ_33080409776B,5,700.0,v0.1
INS_F3D55F8BFCBB,REQ_62CF9AE66ECB,6,7309.999999999999,v0.1
INS_F3D55F8BFCBB,REQ_7BD3CBE9B0F0,7,1630.0,v0.1
INS_F3D55F8BFCBB,REQ_5869345103E4,8,390.0,v0.1
INS_F3D55F8BFCBB,REQ_8BC13649431D,9,30000.0,v0.1
INS_B2487196D688,REQ_524831C82482,0,27750.0,v0.1
INS_B2487196D688,REQ_46804F936A09,1,2600.0,v0.1
INS_B2487196D688,REQ_6D5676E0FC3A,2,12475.0,v0.1
INS_B2487196D688,REQ_43A6F3167848,3,30000.0,v0.1
INS_B2487196D688,REQ_5B0DB25AEC6B,4,14530.0,v0.1
INS_B2487196D688,REQ_B1E6B5D8A19A,5,1280.0,v0.1
INS_B2487196D688,REQ_D77E14BDF039,6,21510.0,v0.1
INS_B2487196D688,REQ_2B6D8AC09656,7,880.0,v0.1
INS_B2487196D688,REQ_447EB998833A,8,1280.0,v0.1
INS_B2487196D688,REQ_4AC1CB2A8CDA,9,1360.0,v0.1
INS_B2487196D688,REQ_BDE5534B8D8E,10,1700.0,v0.1
INS_B2487196D688,REQ_30D5468DDF0D,11,16770.0,v0.1
INS_412EF1FAFE11,REQ_884E6279848C,0,19400.0,v0.1
INS_412EF1FAFE11,REQ_B5AA40D3AF23,1,30000.0,v0.1
INS_412EF1FAFE11,REQ_E7AAA68503E8,2,21800.0,v0.1
INS_412EF1FAFE11,REQ_954A75AB5024,3,24600.0,v0.1
INS_412EF1FAFE11,REQ_2BBA66DEAE13,4,120.0,v0.1
INS_412EF1FAFE11,REQ_FCD15A3EAE14,5,250.0,v0.1
INS_412EF1FAFE11,REQ_BEDE67F642C7,6,12090.0,v0.1
INS_412EF1FAFE11,REQ_311E35A2A52B,7,1500.0,v0.1
INS_412EF1FAFE11,REQ_DBC250EDB4DE,8,1010.0,v0.1
INS_412EF1FAFE11,REQ_5B72B41591F1,9,13690.0,v0.1
INS_412EF1FAFE11,REQ_E564558F1AC3,10,30000.0,v0.1
INS_412EF1FAFE11,REQ_B0B841E26C3F,11,30000.0,v0.1
INS_412EF1FAFE11,REQ_4E3E62F8B00C,12,300.0,v0.1
INS_412EF1FAFE11,REQ_2DBD4D3D8D6C,13,920.0,v0.1
INS_412EF1FAFE11,REQ_B07B05BE08EF,14,3390.0,v0.1
INS_412EF1FAFE11,REQ_95B1CCA08152,15,29390.0,v0.1
INS_412EF1FAFE11,REQ_52726326E205,16,30000.0,v0.1
INS_412EF1FAFE11,REQ_E6A5E432A9CE,17,11610.0,v0.1
INS_412EF1FAFE11,REQ_C42BA79C108A,18,30000.0,v0.1
INS_412EF1FAFE11,REQ_80688281C832,19,20940.0,v0.1
INS_412EF1FAFE11,REQ_CB17B3603761,20,800.0,v0.1
INS_412EF1FAFE11,REQ_69D56BBCF26F,21,6030.0,v0.1
INS_412EF1FAFE11,REQ_A49711B59DEA,22,28560.0,v0.1
INS_9283EF49CAD5,REQ_7ECC00431EF5,0,730.0,v0.1
INS_9283EF49CAD5,REQ_13AA8BB4C725,1,700.0,v0.1
INS_9283EF49CAD5,REQ_6BA5203CAE0F,2,250.0,v0.1
INS_9283EF49CAD5,REQ_B73C3EE0150A,3,15980.0,v0.1
INS_9283EF49CAD5,REQ_C299343B809A,4,1700.0,v0.1
INS_9283EF49CAD5,REQ_F41994A3B5C0,5,550.0,v0.1
INS_9283EF49CAD5,REQ_4FD8E04D12C6,6,30000.0,v0.1
INS_9283EF49CAD5,REQ_52E956DD30AB,7,11040.0,v0.1
INS_0868EB7B8AF4,REQ_B002EB99BBAD,0,1230.0,v0.1
INS_0868EB7B8AF4,REQ_EA1CBA0BCFBF,1,30000.0,v0.1
INS_0868EB7B8AF4,REQ_349488A3DE17,2,1590.0,v0.1
INS_0868EB7B8AF4,REQ_30D2E10C503C,3,830.0,v0.1
INS_0868EB7B8AF4,REQ_7F10F7079F66,4,16790.0,v0.1
INS_0868EB7B8AF4,REQ_798F5049BD59,5,360.0,v0.1
INS_0868EB7B8AF4,REQ_17F8A27FFFBB,6,17700.0,v0.1
INS_0868EB7B8AF4,REQ_29D12DCAF42F,7,400.0,v0.1
INS_0868EB7B8AF4,REQ_CA5A6C68D153,8,30000.0,v0.1
INS_F3FDAD5659B0,REQ_6968E667AC9A,0,30000.0,v0.1
INS_F3FDAD5659B0,REQ_CBDBD2F15E9B,1,2520.0,v0.1
INS_F3FDAD5659B0,REQ_8637059E5BE3,2,700.0,v0.1
INS_F3FDAD5659B0,REQ_8A3DCF3FF661,3,30000.0,v0.1
INS_F3FDAD5659B0,REQ_A3005318176C,4,800.0,v0.1
INS_F3FDAD5659B0,REQ_9AAB9312845B,5,30000.0,v0.1
INS_F3FDAD5659B0,REQ_C54A99A364B1,6,15610.0,v0.1
INS_F3FDAD5659B0,REQ_942685006168,7,1970.0,v0.1
INS_F3FDAD5659B0,REQ_95EB49B29771,8,30000.0,v0.1
INS_F3FDAD5659B0,REQ_D5C4F9338D84,9,11700.0,v0.1
INS_F3FDAD5659B0,REQ_D6FCDABA16C2,10,2030.0,v0.1
INS_F3FDAD5659B0,REQ_7853C4E7098C,11,1660.0,v0.1
INS_F3FDAD5659B0,REQ_47CC7E0B55E7,12,840.0,v0.1
INS_F3FDAD5659B0,REQ_EDAAD4BDB0A3,13,30000.0,v0.1
INS_F3FDAD5659B0,REQ_A1F61775D811,14,20490.0,v0.1
INS_F3FDAD5659B0,REQ_BAC7AC0AF5EB,15,17010.0,v0.1
INS_F3FDAD5659B0,REQ_4EF17689986F,16,6800.0,v0.1
INS_F3FDAD5659B0,REQ_908CB7D54068,17,30000.0,v0.1
INS_F3FDAD5659B0,REQ_BE1E319A7FD6,18,480.0,v0.1
INS_F3FDAD5659B0,REQ_D6FC86ABFC09,19,10900.0,v0.1
INS_F3FDAD5659B0,REQ_B32472D7B43B,20,30000.0,v0.1
INS_F3FDAD5659B0,REQ_F0A10F651168,21,30000.0,v0.1
INS_F3FDAD5659B0,REQ_6A2299D9F99C,22,30000.0,v0.1
INS_F3FDAD5659B0,REQ_3849E9FE1B27,23,830.0000000000001,v0.1
INS_F3FDAD5659B0,REQ_000067DE0D65,24,30000.0,v0.1
INS_F3FDAD5659B0,REQ_AE5DC7C678B9,25,3600.0,v0.1
INS_F3FDAD5659B0,REQ_8F055F4FB06B,26,5760.0,v0.1
INS_F3FDAD5659B0,REQ_85F9351ABB24,27,1190.0,v0.1
INS_F3FDAD5659B0,REQ_78876BD220E7,28,11210.0,v0.1
INS_F3FDAD5659B0,REQ_BF291B5B70AA,29,3480.0,v0.1
INS_F3FDAD5659B0,REQ_45D633EFD289,30,1780.0,v0.1
INS_F3FDAD5659B0,REQ_15CE59A382EE,31,30000.0,v0.1
INS_F3FDAD5659B0,REQ_1A3F74AF5D5B,32,30000.0,v0.1
INS_F3FDAD5659B0,REQ_5380AAB8698A,33,5090.0,v0.1
INS_F3FDAD5659B0,REQ_8276FF2639DC,34,1850.0,v0.1
INS_F3FDAD5659B0,REQ_6F5CF943F3DA,35,5800.0,v0.1
INS_F3FDAD5659B0,REQ_1B118BFC769A,36,30000.0,v0.1
INS_F3FDAD5659B0,REQ_357C0EBB7C55,37,3110.0,v0.1
INS_F3FDAD5659B0,REQ_DA9EDADB48C5,38,30000.0,v0.1
INS_F3FDAD5659B0,REQ_4BBFAA568258,39,30000.0,v0.1
INS_F3FDAD5659B0,REQ_8DCA56023301,40,700.0,v0.1
INS_F3FDAD5659B0,REQ_BEE986DE2DBD,41,30000.0,v0.1
INS_F3FDAD5659B0,REQ_424D99D9EF3C,42,30000.0,v0.1
INS_F3FDAD5659B0,REQ_20CE31F328F4,43,5330.0,v0.1
INS_F3FDAD5659B0,REQ_7A49574E69C8,44,30000.0,v0.1
INS_F3FDAD5659B0,REQ_9DD5773541AB,45,30000.0,v0.1
INS_F3FDAD5659B0,REQ_59991129D8DE,46,9050.0,v0.1
INS_F3FDAD5659B0,REQ_1C10948595C5,47,220.0,v0.1
INS_F3FDAD5659B0,REQ_EDD88DB464D3,48,30000.0,v0.1
INS_F3FDAD5659B0,REQ_713E9C4B03C3,49,30000.0,v0.1
INS_F3FDAD5659B0,REQ_C119F03EB0CD,50,30000.0,v0.1
INS_F3FDAD5659B0,REQ_BBC711A36519,51,30000.0,v0.1
INS_F3FDAD5659B0,REQ_959024D1CA05,52,30000.0,v0.1
INS_F3FDAD5659B0,REQ_009B913D2268,53,2690.0,v0.1
INS_F3FDAD5659B0,REQ_1B9A75FF5727,54,30000.0,v0.1
INS_F3FDAD5659B0,REQ_D4D0B2FA3545,55,630.0,v0.1
INS_F3FDAD5659B0,REQ_043454D02EE0,56,14270.0,v0.1
INS_39CE29616395,REQ_E7E565FDEBC7,0,2760.0,v0.1
INS_39CE29616395,REQ_7896D0BACB80,1,30000.0,v0.1
INS_39CE29616395,REQ_CB265DD2DC5F,2,510.0,v0.1
INS_39CE29616395,REQ_7ABA9DD9083D,3,210.0,v0.1
INS_39CE29616395,REQ_98D2C3537D2B,4,6590.0,v0.1
INS_39CE29616395,REQ_66690A219E45,5,10450.0,v0.1
INS_39CE29616395,REQ_76386113DB71,6,22890.0,v0.1
INS_39CE29616395,REQ_9F7A732FF711,7,6500.0,v0.1
INS_39CE29616395,REQ_9281CA778048,8,16140.0,v0.1
INS_39CE29616395,REQ_9327C879F9BD,9,30000.0,v0.1
INS_39CE29616395,REQ_0665D7E29952,10,500.0,v0.1
INS_39CE29616395,REQ_0F18C4A9F759,11,30000.0,v0.1
INS_39CE29616395,REQ_4123B98D4D9C,12,800.0,v0.1
INS_39CE29616395,REQ_D6DEB66CB312,13,1230.0,v0.1
INS_39CE29616395,REQ_2916B1BF0C17,14,250.0,v0.1
INS_39CE29616395,REQ_AF766983FFB2,15,30000.0,v0.1
INS_39CE29616395,REQ_8402CF25BA3F,16,25560.0,v0.1
INS_11BA4AD8A9E0,REQ_08C034F7C1B9,0,23250.0,v0.1
INS_11BA4AD8A9E0,REQ_744C83A963CB,1,13340.0,v0.1
INS_11BA4AD8A9E0,REQ_D4ACB143B2D2,2,1780.0,v0.1
INS_11BA4AD8A9E0,REQ_9CADA706A9D0,3,10040.0,v0.1
INS_11BA4AD8A9E0,REQ_B0E3CA64DDFC,4,990.0,v0.1
INS_11BA4AD8A9E0,REQ_F120BDA3DAC4,5,1280.0,v0.1
INS_11BA4AD8A9E0,REQ_97F5C3AE2253,6,670.0,v0.1
INS_11BA4AD8A9E0,REQ_4E274493C87E,7,2130.0,v0.1
INS_11BA4AD8A9E0,REQ_450B9225D375,8,8450.0,v0.1
INS_11BA4AD8A9E0,REQ_57A87FCD429F,9,30000.0,v0.1
INS_11BA4AD8A9E0,REQ_CA52B27B636C,10,840.0,v0.1
INS_11BA4AD8A9E0,REQ_132458C37869,11,1520.0,v0.1
INS_11BA4AD8A9E0,REQ_A3B55CC64558,12,150.0,v0.1
INS_11BA4AD8A9E0,REQ_8128A1C18604,13,4820.0,v0.1
INS_11BA4AD8A9E0,REQ_92177B2E5404,14,1000.0,v0.1
INS_11BA4AD8A9E0,REQ_368CC65B56E5,15,3600.0,v0.1
INS_11BA4AD8A9E0,REQ_34996B70E7F4,16,4550.0,v0.1
INS_11BA4AD8A9E0,REQ_2F21277950CD,17,26990.0,v0.1
INS_11BA4AD8A9E0,REQ_7D35EFB9F6C7,18,290.0,v0.1
INS_11BA4AD8A9E0,REQ_1F7E512C7469,19,1520.0,v0.1
INS_11BA4AD8A9E0,REQ_63F96710DA1F,20,16970.0,v0.1
INS_11BA4AD8A9E0,REQ_5989B0CC8C80,21,150.0,v0.1
INS_11BA4AD8A9E0,REQ_9FA96F59246C,22,2650.0,v0.1
INS_11BA4AD8A9E0,REQ_681793120DA7,23,459.99999999999994,v0.1
INS_11BA4AD8A9E0,REQ_7EDC69512880,24,27110.000000000004,v0.1
INS_11BA4AD8A9E0,REQ_32FA3F4858B1,25,5670.0,v0.1
INS_11BA4AD8A9E0,REQ_2E5D9BA1873D,26,4830.0,v0.1
INS_F1A441C5ED5D,REQ_2CCDF194B4DF,0,140.0,v0.1
INS_F1A441C5ED5D,REQ_36B1EF4EF7AD,1,30000.0,v0.1
INS_F1A441C5ED5D,REQ_6A9672AD7F71,2,640.0,v0.1
INS_F1A441C5ED5D,REQ_3A1039C4A0F6,3,11340.0,v0.1
INS_F1A441C5ED5D,REQ_2CA191175619,4,190.0,v0.1
INS_F1A441C5ED5D,REQ_44D8764223AA,5,30000.0,v0.1
INS_F1A441C5ED5D,REQ_1E2C04032055,6,30000.0,v0.1
INS_F1A441C5ED5D,REQ_3A0EAE16218A,7,5330.0,v0.1
INS_F1A441C5ED5D,REQ_A122C226913E,8,7150.0,v0.1
INS_F1A441C5ED5D,REQ_17843B9165BA,9,650.0,v0.1
INS_F1A441C5ED5D,REQ_642E228A08E4,10,13230.0,v0.1
INS_F1A441C5ED5D,REQ_1A93E68A553A,11,24980.0,v0.1
INS_F1A441C5ED5D,REQ_8616D1DFCF12,12,2070.0,v0.1
INS_F1A441C5ED5D,REQ_DA9001594022,13,160.0,v0.1
INS_F1A441C5ED5D,REQ_0D93DDAA6874,14,10050.0,v0.1
INS_F1A441C5ED5D,REQ_2467C338C29D,15,28310.0,v0.1
INS_F1A441C5ED5D,REQ_0C8AD2C458A4,16,30000.0,v0.1
INS_F1A441C5ED5D,REQ_49313FAA0FFE,17,600.0,v0.1
INS_F1A441C5ED5D,REQ_56F0D2E58964,18,1690.0,v0.1
INS_F1A441C5ED5D,REQ_DFEB8E8F40AA,19,250.0,v0.1
INS_F1A441C5ED5D,REQ_1172EDCCA1D6,20,30000.0,v0.1
INS_F1A441C5ED5D,REQ_4E5ABD635F30,21,30000.0,v0.1
INS_F1A441C5ED5D,REQ_322DC5B84E72,22,30000.0,v0.1
INS_F1A441C5ED5D,REQ_673F34C40032,23,30000.0,v0.1
INS_F1A441C5ED5D,REQ_9679C7F2CD61,24,8850.0,v0.1
INS_F1A441C5ED5D,REQ_029084C94DC0,25,570.0,v0.1
INS_F1A441C5ED5D,REQ_1822E21DD462,26,400.0,v0.1
INS_F1A441C5ED5D,REQ_871A4E888BC0,27,23260.0,v0.1
INS_F1A441C5ED5D,REQ_24E03D06BF1E,28,1630.0,v0.1
INS_F1A441C5ED5D,REQ_B22EBEE6526B,29,30000.0,v0.1
INS_F1A441C5ED5D,REQ_3168DE636FD0,30,25500.0,v0.1
INS_F1A441C5ED5D,REQ_9996C632F0DB,31,18940.0,v0.1
INS_6D0C9F27D9CC,REQ_47A644D06013,0,2090.0,v0.1
INS_6D0C9F27D9CC,REQ_2C9E7B9F2AAB,1,17660.0,v0.1
INS_6D0C9F27D9CC,REQ_36D7A4399338,2,10960.0,v0.1
INS_6D0C9F27D9CC,REQ_E1D2884790D8,3,2870.0,v0.1
INS_6D0C9F27D9CC,REQ_6F4E27F639CC,4,850.0,v0.1
INS_6D0C9F27D9CC,REQ_950D78BE3864,5,30000.0,v0.1
INS_6D0C9F27D9CC,REQ_5ED604578578,6,4750.0,v0.1
INS_6D0C9F27D9CC,REQ_0D4EF68F5D54,7,1000.0,v0.1
INS_6D0C9F27D9CC,REQ_1374821FA509,8,30000.0,v0.1
INS_6D0C9F27D9CC,REQ_9FA72F909B2F,9,5290.0,v0.1
INS_6D0C9F27D9CC,REQ_FC70BE40DEFB,10,22760.0,v0.1
INS_6D0C9F27D9CC,REQ_422E490E2ED3,11,10310.0,v0.1
INS_6D0C9F27D9CC,REQ_399FC1A7EDAB,12,30000.0,v0.1
INS_6D0C9F27D9CC,REQ_F6C928A98FD1,13,6150.0,v0.1
INS_6D0C9F27D9CC,REQ_F951C5741B0F,14,3700.0,v0.1
INS_6D0C9F27D9CC,REQ_F202C19A7399,15,30000.0,v0.1
INS_6D0C9F27D9CC,REQ_BD578A953F1E,16,23410.0,v0.1
INS_6D0C9F27D9CC,REQ_6A538F6C3B60,17,16129.999999999998,v0.1
INS_548648A278E1,REQ_0913FCEDDA24,0,14775.0,v0.1
INS_548648A278E1,REQ_18B866FBF44B,1,459.99999999999994,v0.1
INS_548648A278E1,REQ_CAE950E3A8FC,2,550.0,v0.1
INS_548648A278E1,REQ_8263B4A4B739,3,11300.0,v0.1
INS_548648A278E1,REQ_44D2EE82B5A1,4,300.0,v0.1
INS_548648A278E1,REQ_4D88E0F2AC71,5,790.0,v0.1
INS_548648A278E1,REQ_E54F9339AAB1,6,16780.0,v0.1
INS_548648A278E1,REQ_5F94C6003F18,7,910.0,v0.1
INS_548648A278E1,REQ_BD91442AFE5A,8,13900.0,v0.1
INS_548648A278E1,REQ_98241D9AC674,9,160.0,v0.1
INS_548648A278E1,REQ_6DB69A374334,10,409.99999999999994,v0.1
INS_548648A278E1,REQ_B39D4D862475,11,5750.0,v0.1
INS_548648A278E1,REQ_73596CEC27DE,12,2680.0,v0.1
INS_548648A278E1,REQ_BD2FA1DB2D44,13,700.0,v0.1
INS_548648A278E1,REQ_70709016507D,14,2350.0,v0.1
INS_548648A278E1,REQ_F5211DD53E77,15,30000.0,v0.1
INS_548648A278E1,REQ_CA8068DFB484,16,1350.0,v0.1
INS_548648A278E1,REQ_B11157F9C9DA,17,710.0,v0.1
INS_548648A278E1,REQ_30B16FF731FD,18,1000.0,v0.1
INS_548648A278E1,REQ_CBF29F46C66D,19,30000.0,v0.1
INS_548648A278E1,REQ_7F923AAF09F6,20,860.0,v0.1
INS_548648A278E1,REQ_E96ACD3B735F,21,509.99999999999994,v0.1
INS_548648A278E1,REQ_D90088171858,22,540.0,v0.1
INS_548648A278E1,REQ_90E3F3C5AAEB,23,2800.0,v0.1
INS_548648A278E1,REQ_771BCE229FB7,24,4470.0,v0.1
INS_548648A278E1,REQ_41853FE39954,25,16320.0,v0.1
INS_3B0D40A441CD,REQ_A1BDA79B57AF,0,2250.0,v0.1
INS_3B0D40A441CD,REQ_33080409776B,1,700.0,v0.1
INS_3B0D40A441CD,REQ_2A18E606D91D,2,509.99999999999994,v0.1
INS_3B0D40A441CD,REQ_05052F2F6DD9,3,4860.0,v0.1
INS_3B0D40A441CD,REQ_0927EEA0986E,4,11920.0,v0.1
INS_3B0D40A441CD,REQ_7F5420A085DF,5,3940.0,v0.1
INS_3B0D40A441CD,REQ_B6835A88EBC2,6,2190.0,v0.1
INS_3B0D40A441CD,REQ_96ADEB5A0723,7,1880.0,v0.1
INS_3B0D40A441CD,REQ_B93E23263AB8,8,2420.0,v0.1
INS_3B0D40A441CD,REQ_241C1F39E3A1,9,850.0,v0.1
INS_3B0D40A441CD,REQ_D16FCB8A6CE4,10,1580.0,v0.1
INS_3B0D40A441CD,REQ_6DF030D00482,11,4420.0,v0.1
INS_3B0D40A441CD,REQ_721A3E45ED94,12,1980.0,v0.1
INS_3B0D40A441CD,REQ_30C34EDF231C,13,700.0,v0.1
INS_3B0D40A441CD,REQ_8D26F3CA3722,14,370.0,v0.1
INS_3B0D40A441CD,REQ_7A2719CC178D,15,480.0,v0.1
INS_FA5BD1E1474D,REQ_9AE7FD0C12A4,0,420.0,v0.1
INS_FA5BD1E1474D,REQ_F98D43DCE127,1,1900.0,v0.1
INS_FA5BD1E1474D,REQ_5FA334A7023A,2,1330.0,v0.1
INS_FA5BD1E1474D,REQ_7CB4335A054D,3,2150.0,v0.1
INS_FA5BD1E1474D,REQ_2FD20CED6F16,4,30000.0,v0.1
INS_FA5BD1E1474D,REQ_B2616FCCFD75,5,31140.0,v0.1
INS_FA5BD1E1474D,REQ_89477ED66E8B,6,2200.0,v0.1
INS_FA5BD1E1474D,REQ_DDAACD217D12,7,22100.0,v0.1
INS_FA5BD1E1474D,REQ_57682FB49F9C,8,500.0,v0.1
INS_FA5BD1E1474D,REQ_1E9904C09E37,9,1260.0,v0.1
INS_FA5BD1E1474D,REQ_C1B66310F357,10,680.0,v0.1
INS_FA5BD1E1474D,REQ_561CE8974E1D,11,30000.0,v0.1
INS_FA5BD1E1474D,REQ_D8464A87EC30,12,360.0,v0.1
INS_FA5BD1E1474D,REQ_D8F277FF5A9E,13,480.0,v0.1
INS_FA5BD1E1474D,REQ_884E6279848C,14,19400.0,v0.1
INS_FA5BD1E1474D,REQ_09426E200DF6,15,30000.0,v0.1
INS_FA5BD1E1474D,REQ_26E71F703D42,16,30000.0,v0.1
INS_FA5BD1E1474D,REQ_9172B9AA895E,17,5440.0,v0.1
INS_FA5BD1E1474D,REQ_35A02644C634,18,20650.0,v0.1
INS_FA5BD1E1474D,REQ_E741384E8C8A,19,450.0,v0.1
INS_20261F647E82,REQ_8F7931882691,0,3160.0,v0.1
INS_20261F647E82,REQ_C3FA8ACE7D4C,1,5560.0,v0.1
INS_20261F647E82,REQ_5E7E3BD4C3AD,2,14880.0,v0.1
INS_20261F647E82,REQ_2F117AA7E076,3,25830.0,v0.1
INS_20261F647E82,REQ_4E9B916D03CE,4,1360.0,v0.1
INS_20261F647E82,REQ_311A5E905A1D,5,14110.0,v0.1
INS_20261F647E82,REQ_1ED9F211CD80,6,960.0,v0.1
INS_20261F647E82,REQ_890EF5D57ECC,7,2770.0,v0.1
INS_20261F647E82,REQ_3B048A4EA9C9,8,180.0,v0.1
INS_20261F647E82,REQ_FC98F4E91084,9,1680.0,v0.1
INS_20261F647E82,REQ_9B974AF2C0FA,10,590.0,v0.1
INS_20261F647E82,REQ_6E75270BA358,11,5970.0,v0.1
INS_20261F647E82,REQ_7BD1AAE7A5F5,12,30000.0,v0.1
INS_20261F647E82,REQ_7B0DD199F18A,13,1420.0,v0.1
INS_20261F647E82,REQ_1E645F55E003,14,30000.0,v0.1
INS_20261F647E82,REQ_6526227B3123,15,4330.0,v0.1
INS_20261F647E82,REQ_8C91A671E2C7,16,1550.0,v0.1
INS_20261F647E82,REQ_0EA8EDE3FEC1,17,1390.0,v0.1
INS_20261F647E82,REQ_EEBD0B3C7E2E,18,31190.0,v0.1
INS_20261F647E82,REQ_47888D8FE99D,19,29875.0,v0.1
INS_20261F647E82,REQ_A5B416B9F5F9,20,21790.0,v0.1
INS_20261F647E82,REQ_3ECA4572E2F8,21,4580.0,v0.1
INS_20261F647E82,REQ_CC2F742C75C5,22,1320.0,v0.1
INS_20261F647E82,REQ_FE62BE30CA90,23,440.0,v0.1
INS_20261F647E82,REQ_C96746BB71F3,24,1620.0,v0.1
INS_20261F647E82,REQ_E9D0D3B778A7,25,10550.0,v0.1
INS_20261F647E82,REQ_DF86241EB7C1,26,650.0,v0.1
INS_20261F647E82,REQ_6BD0A5A0A163,27,30000.0,v0.1
INS_20261F647E82,REQ_14DB7E4EFF6D,28,1180.0,v0.1
INS_20261F647E82,REQ_5705B6D1A130,29,2570.0,v0.1
INS_8E75A208D567,REQ_2FC35EE09243,0,30230.0,v0.1
INS_8E75A208D567,REQ_A987186C18CC,1,14690.0,v0.1
INS_8E75A208D567,REQ_1AE5A76346ED,2,8810.0,v0.1
INS_8E75A208D567,REQ_E8F9B5593C16,3,21120.0,v0.1
INS_8E75A208D567,REQ_F68FE25FFFEA,4,3200.0,v0.1
INS_8E75A208D567,REQ_31D57124716C,5,13210.0,v0.1
INS_8E75A208D567,REQ_02A9EC5E2229,6,30000.0,v0.1
INS_8E75A208D567,REQ_3D3F2AAA5F82,7,30000.0,v0.1
INS_8E75A208D567,REQ_5D623A424068,8,15590.0,v0.1
INS_8E75A208D567,REQ_47F4532C4A96,9,30000.0,v0.1
INS_8E75A208D567,REQ_8348CBE3CB2D,10,790.0,v0.1
INS_8E75A208D567,REQ_5B0DB25AEC6B,11,14530.0,v0.1
INS_8E75A208D567,REQ_D0D8B59AB2D6,12,8900.0,v0.1
INS_8E75A208D567,REQ_A8B3AEBA9B37,13,240.0,v0.1
INS_8E75A208D567,REQ_E6F3A0F33648,14,1900.0,v0.1
INS_8E75A208D567,REQ_B5425FD7D5B7,15,26450.0,v0.1
INS_8E75A208D567,REQ_5A749974A3F7,16,300.0,v0.1
INS_8E75A208D567,REQ_AFAA28F5C767,17,6700.0,v0.1
INS_8E75A208D567,REQ_FF50557F72D9,18,16050.0,v0.1
INS_8E75A208D567,REQ_2A99B08B655F,19,19900.0,v0.1
INS_8E75A208D567,REQ_FCE7B031DA98,20,1210.0,v0.1
INS_8E75A208D567,REQ_7E4EEFE50FCB,21,650.0,v0.1
INS_8E75A208D567,REQ_D09B69B898A0,22,500.0,v0.1
INS_1358D0D48998,REQ_95F830229E50,0,26930.0,v0.1
INS_1358D0D48998,REQ_DB8F0B2CDD74,1,190.0,v0.1
INS_1358D0D48998,REQ_15FC455F2684,2,15610.0,v0.1
INS_1358D0D48998,REQ_3278862F47F6,3,15330.000000000002,v0.1
INS_1358D0D48998,REQ_6777524C5F9E,4,30000.0,v0.1
INS_1358D0D48998,REQ_555EACF480CC,5,1630.0,v0.1
INS_1358D0D48998,REQ_92A7AD8AD44B,6,1830.0,v0.1
INS_1358D0D48998,REQ_800C85EB2F21,7,180.0,v0.1
INS_1358D0D48998,REQ_4971558714ED,8,9840.0,v0.1
INS_1358D0D48998,REQ_775398FB7412,9,200.0,v0.1
INS_1358D0D48998,REQ_0ABE5B983B0A,10,440.00000000000006,v0.1
INS_1358D0D48998,REQ_0AC7CF2336A3,11,950.0,v0.1
INS_1358D0D48998,REQ_90D5E197D92D,12,30000.0,v0.1
INS_1358D0D48998,REQ_C18C8D636523,13,2640.0,v0.1
INS_8E13C9C3D091,REQ_A3C8D6D18CD6,0,400.0,v0.1
INS_8E13C9C3D091,REQ_C05808FA4555,1,14650.0,v0.1
INS_8E13C9C3D091,REQ_B54A3E2E95DD,2,2850.0,v0.1
INS_8E13C9C3D091,REQ_D0E1A6E8E17C,3,110.00000000000001,v0.1
INS_8E13C9C3D091,REQ_D95896038A68,4,4480.0,v0.1
INS_8E13C9C3D091,REQ_26630843A382,5,290.0,v0.1
INS_8E13C9C3D091,REQ_3B33F5B4FDC6,6,1170.0,v0.1
INS_8E13C9C3D091,REQ_84A7E388C443,7,8420.0,v0.1
INS_8E13C9C3D091,REQ_B4C72B9CB9DB,8,4820.0,v0.1
INS_8E13C9C3D091,REQ_EA320EB082BA,9,560.0,v0.1
INS_8E13C9C3D091,REQ_AEB6E1CE270C,10,6910.0,v0.1
INS_8E13C9C3D091,REQ_6FB7977D7D6D,11,30000.0,v0.1
INS_8E13C9C3D091,REQ_EA4BCA0AD60D,12,17900.0,v0.1
INS_6F1F57D0B566,REQ_5616D8F7F091,0,950.0,v0.1
INS_6F1F57D0B566,REQ_A5DE86D3CB9F,1,440.0,v0.1
INS_6F1F57D0B566,REQ_8146F3143B2E,2,13240.0,v0.1
INS_6F1F57D0B566,REQ_1EE9BF66006D,3,23430.0,v0.1
INS_6F1F57D0B566,REQ_F82411CC8F94,4,16280.0,v0.1
INS_6F1F57D0B566,REQ_EB7EACBC5598,5,400.0,v0.1
INS_6F1F57D0B566,REQ_13A2B7C746F6,6,18560.0,v0.1
INS_6F1F57D0B566,REQ_D842DE317F7A,7,1280.0,v0.1
INS_6F1F57D0B566,REQ_9F3E9BCB88B7,8,30000.0,v0.1
INS_6F1F57D0B566,REQ_95484C482C7E,9,1020.0,v0.1
INS_6F1F57D0B566,REQ_A0FB6A129698,10,730.0,v0.1
INS_6F1F57D0B566,REQ_83DB041C41E9,11,480.0,v0.1
INS_6F1F57D0B566,REQ_D9357740C166,12,450.0,v0.1
INS_6F1F57D0B566,REQ_741F4443DB39,13,1100.0,v0.1
INS_6F1F57D0B566,REQ_91E0EEF670A6,14,3600.0,v0.1
INS_6F1F57D0B566,REQ_4B27E5D76803,15,280.0,v0.1
INS_6F1F57D0B566,REQ_4EA908B53671,16,440.0,v0.1
INS_6F1F57D0B566,REQ_4CDC0443EDE7,17,7080.0,v0.1
INS_6F1F57D0B566,REQ_E225AC61396D,18,11580.0,v0.1
INS_6F1F57D0B566,REQ_1415F154523D,19,10830.0,v0.1
INS_6F1F57D0B566,REQ_9A385D448D80,20,30000.0,v0.1
INS_6F1F57D0B566,REQ_1B54720C91B5,21,550.0,v0.1
INS_6F1F57D0B566,REQ_905C89D640CA,22,750.0,v0.1
INS_6F1F57D0B566,REQ_AD26C9612F2A,23,10430.0,v0.1
INS_6F1F57D0B566,REQ_148722E7626A,24,450.0,v0.1
INS_6F1F57D0B566,REQ_08B00E074678,25,10630.0,v0.1
INS_6F1F57D0B566,REQ_F4CA547CD4D2,26,22010.0,v0.1
INS_6F1F57D0B566,REQ_A615966B445A,27,1889.9999999999998,v0.1
INS_6F1F57D0B566,REQ_0E97BAA62BE5,28,30000.0,v0.1
INS_61679D765698,REQ_0807A046CCAE,0,30000.0,v0.1
INS_61679D765698,REQ_2D7234950E98,1,650.0,v0.1
INS_61679D765698,REQ_1AE16A77D5BA,2,2320.0,v0.1
INS_61679D765698,REQ_EEB5D001E7B2,3,2830.0,v0.1
INS_61679D765698,REQ_7A1268B0ECD2,4,6350.0,v0.1
INS_61679D765698,REQ_979ED3AC8A38,5,3760.0,v0.1
INS_61679D765698,REQ_1CEB63C4DDE4,6,700.0,v0.1
INS_61679D765698,REQ_10A461501791,7,250.0,v0.1
INS_61679D765698,REQ_C97A3AEA313D,8,550.0,v0.1
INS_61679D765698,REQ_F21EBED1E854,9,2320.0,v0.1
INS_AF1994A365DE,REQ_0F53DEE2FF6D,0,1010.0,v0.1
INS_AF1994A365DE,REQ_020C5EFB225D,1,14900.0,v0.1
INS_AF1994A365DE,REQ_21BB76636979,2,960.0,v0.1
INS_AF1994A365DE,REQ_EFA0B37D7B2A,3,30000.0,v0.1
INS_AF1994A365DE,REQ_6ED16984A3AB,4,1100.0,v0.1
INS_AF1994A365DE,REQ_BE24569CCEFB,5,1450.0,v0.1
INS_AF1994A365DE,REQ_B5CFD4955A9B,6,12425.0,v0.1
INS_AF1994A365DE,REQ_3BE08DF5243A,7,750.0,v0.1
INS_AF1994A365DE,REQ_17A508BD6E1F,8,1230.0,v0.1
INS_AF1994A365DE,REQ_38D55C44B005,9,1989.9999999999998,v0.1
INS_AF1994A365DE,REQ_F0437239CF01,10,9820.0,v0.1
INS_AF1994A365DE,REQ_5A0964A78327,11,7120.0,v0.1
INS_AF1994A365DE,REQ_F5FCBBC94563,12,30000.0,v0.1
INS_AF1994A365DE,REQ_7EAC8C91C176,13,730.0,v0.1
INS_AF1994A365DE,REQ_2311EB566624,14,120.0,v0.1
INS_AF1994A365DE,REQ_70947BF807A8,15,810.0,v0.1
INS_AF1994A365DE,REQ_0A0FB44CC766,16,9980.0,v0.1
INS_AF1994A365DE,REQ_184C959C0918,17,9450.0,v0.1
INS_AF1994A365DE,REQ_F99C4630470A,18,2200.0,v0.1
INS_DB8A3C8F0CF7,REQ_09B0A4D036D8,0,930.0000000000001,v0.1
INS_DB8A3C8F0CF7,REQ_AD620F4EF90D,1,229.99999999999997,v0.1
INS_DB8A3C8F0CF7,REQ_771E24D607E2,2,130.0,v0.1
INS_DB8A3C8F0CF7,REQ_B556C6722EE1,3,80.0,v0.1
INS_DB8A3C8F0CF7,REQ_797B6AFB0593,4,1280.0,v0.1
INS_DB8A3C8F0CF7,REQ_313A952413E1,5,14240.0,v0.1
INS_DB8A3C8F0CF7,REQ_8B8432E315BF,6,20750.0,v0.1
INS_DB8A3C8F0CF7,REQ_D501732B0D7A,7,150.0,v0.1
INS_DB8A3C8F0CF7,REQ_9F8589B7F1AD,8,370.0,v0.1
INS_DB8A3C8F0CF7,REQ_6384D898B4B9,9,5420.0,v0.1
INS_DB8A3C8F0CF7,REQ_FB71CBC51A8D,10,21830.0,v0.1
INS_0A331FA34DC8,REQ_0A7BA34B8A48,0,350.0,v0.1
INS_0A331FA34DC8,REQ_FBD1A875876E,1,830.0000000000001,v0.1
INS_0A331FA34DC8,REQ_7695B9B87C65,2,6659.999999999999,v0.1
INS_0A331FA34DC8,REQ_DF896554CE9E,3,560.0,v0.1
INS_0A331FA34DC8,REQ_3E6EC78165E0,4,30000.0,v0.1
INS_0A331FA34DC8,REQ_30990E891687,5,830.0,v0.1
INS_0A331FA34DC8,REQ_000FAF83906C,6,2009.9999999999998,v0.1
INS_0A331FA34DC8,REQ_5FA334A7023A,7,1330.0,v0.1
INS_0A331FA34DC8,REQ_634AE78AD775,8,410.0,v0.1
INS_0A331FA34DC8,REQ_670783D91137,9,4450.0,v0.1
INS_0A331FA34DC8,REQ_0977D0DAB197,10,840.0,v0.1
INS_0A331FA34DC8,REQ_704668B07D89,11,21900.0,v0.1
INS_0A331FA34DC8,REQ_2A4818989E49,12,690.0,v0.1
INS_0A331FA34DC8,REQ_4F0721DEE7D6,13,490.0,v0.1
INS_0A331FA34DC8,REQ_D5C6DBBABF56,14,1100.0,v0.1
INS_0A331FA34DC8,REQ_E713D61903DF,15,30000.0,v0.1
INS_0A331FA34DC8,REQ_BEDE67F642C7,16,12090.0,v0.1
INS_0A331FA34DC8,REQ_871FE5E985A5,17,1520.0,v0.1
INS_0A331FA34DC8,REQ_B5AA40D3AF23,18,30000.0,v0.1
INS_0A331FA34DC8,REQ_564EB8A6F276,19,2320.0,v0.1
INS_0A331FA34DC8,REQ_0EF09E09EE8D,20,800.0,v0.1
INS_0A331FA34DC8,REQ_E1761FA1FF11,21,30000.0,v0.1
INS_0A331FA34DC8,REQ_9B77CD1AB8E5,22,459.99999999999994,v0.1
INS_0A331FA34DC8,REQ_DBC250EDB4DE,23,1010.0,v0.1
INS_0A331FA34DC8,REQ_0A7382E15FD3,24,30000.0,v0.1
INS_01B5E6251C76,REQ_DB7AECE75440,0,7420.0,v0.1
INS_01B5E6251C76,REQ_80EA4049A2A6,1,30000.0,v0.1
INS_01B5E6251C76,REQ_EE9EF02672C0,2,30000.0,v0.1
INS_01B5E6251C76,REQ_ECE62279429A,3,1700.0,v0.1
INS_01B5E6251C76,REQ_B69A36A3369E,4,720.0,v0.1
INS_01B5E6251C76,REQ_55FED03D2CCB,5,30000.0,v0.1
INS_01B5E6251C76,REQ_380E2F1F0901,6,409.99999999999994,v0.1
INS_01B5E6251C76,REQ_5D24ED089B8F,7,4190.0,v0.1
INS_01B5E6251C76,REQ_660D99EE07F5,8,650.0,v0.1
INS_01B5E6251C76,REQ_B9DAE34A257C,9,6600.0,v0.1
INS_01B5E6251C76,REQ_004AF15E60E3,10,30000.0,v0.1
INS_01B5E6251C76,REQ_5E7A45C18CCE,11,7990.0,v0.1
INS_01B5E6251C76,REQ_BF1D054EAD1D,12,8060.0,v0.1
INS_01B5E6251C76,REQ_C7D375FD6824,13,30000.0,v0.1
INS_01B5E6251C76,REQ_594C2059DC2E,14,1050.0,v0.1
INS_01B5E6251C76,REQ_B884585FAAF2,15,920.0,v0.1
INS_01B5E6251C76,REQ_957CCCCB0D6A,16,30000.0,v0.1
INS_01B5E6251C76,REQ_C0A34A51D4EE,17,3100.0,v0.1
INS_01B5E6251C76,REQ_962396A4175C,18,1480.0,v0.1
INS_01B5E6251C76,REQ_F6630F709884,19,5460.0,v0.1
INS_01B5E6251C76,REQ_C73459155D74,20,4240.0,v0.1
INS_01B5E6251C76,REQ_0EB3D16341F0,21,1140.0,v0.1
INS_CE5EBA452E90,REQ_78CFFA518527,0,30000.0,v0.1
INS_CE5EBA452E90,REQ_7B8F1E030722,1,900.0,v0.1
INS_CE5EBA452E90,REQ_55E2322832AD,2,1250.0,v0.1
INS_CE5EBA452E90,REQ_8F5978B3DBAC,3,440.0,v0.1
INS_CE5EBA452E90,REQ_CD40FB5E1149,4,1570.0,v0.1
INS_CE5EBA452E90,REQ_CC712B9A83FE,5,10810.0,v0.1
INS_CE5EBA452E90,REQ_0BF74C6B73E9,6,4160.0,v0.1
INS_CE5EBA452E90,REQ_CA8D8D5DD7A5,7,430.0,v0.1
INS_CE5EBA452E90,REQ_F5480E8E9460,8,480.0,v0.1
INS_CE5EBA452E90,REQ_1BDCD5025FD2,9,15120.0,v0.1
INS_CE5EBA452E90,REQ_0B9E3AD3B89E,10,30000.0,v0.1
INS_CE5EBA452E90,REQ_3550710A6407,11,14800.0,v0.1
INS_CE5EBA452E90,REQ_F6BF983281C9,12,25270.0,v0.1
INS_CE5EBA452E90,REQ_1AE16A77D5BA,13,2320.0,v0.1
INS_CE5EBA452E90,REQ_681727E27C44,14,30000.0,v0.1
INS_CE5EBA452E90,REQ_C6182D0DE0EF,15,30000.0,v0.1
INS_CE5EBA452E90,REQ_5CACECF41450,16,9940.0,v0.1
INS_CE5EBA452E90,REQ_F8356410EE1F,17,19410.0,v0.1
INS_CE5EBA452E90,REQ_7D6E224870CD,18,30000.0,v0.1
INS_CE5EBA452E90,REQ_6DBF0DDA9A17,19,4000.0,v0.1
INS_CE5EBA452E90,REQ_5FBF018FC6F6,20,21910.0,v0.1
INS_CE5EBA452E90,REQ_6C12449B393C,21,4560.0,v0.1
INS_CE5EBA452E90,REQ_7CF248B96D26,22,550.0,v0.1
INS_CE5EBA452E90,REQ_010C83519C56,23,1040.0,v0.1
INS_CE5EBA452E90,REQ_3E61BC0B1CC7,24,30000.0,v0.1
INS_CE5EBA452E90,REQ_8DE4D9E0FB27,25,3500.0,v0.1
INS_CE5EBA452E90,REQ_9B9AAC7200B8,26,300.0,v0.1
INS_CE5EBA452E90,REQ_2F57B3D78CD0,27,1789.9999999999998,v0.1
INS_CE5EBA452E90,REQ_30DB7809F4DB,28,30000.0,v0.1
INS_CE5EBA452E90,REQ_DAD8A0AA0749,29,2380.0,v0.1
INS_CE5EBA452E90,REQ_7621D4024BA7,30,1810.0000000000002,v0.1
INS_CE5EBA452E90,REQ_695C1FC87C7D,31,350.0,v0.1
INS_CE5EBA452E90,REQ_5300FF45CEAC,32,750.0,v0.1
INS_CE5EBA452E90,REQ_C662F4421C24,33,900.0,v0.1
INS_CE5EBA452E90,REQ_0A0F85CC4B54,34,30000.0,v0.1
INS_CE5EBA452E90,REQ_B479697DD27A,35,15319.999999999998,v0.1
INS_CE5EBA452E90,REQ_240DE2A4D201,36,30000.0,v0.1
INS_CE5EBA452E90,REQ_257459CB6AC5,37,2720.0,v0.1
INS_CE5EBA452E90,REQ_DCC768237989,38,500.0,v0.1
INS_CE5EBA452E90,REQ_45FE55CA7E08,39,240.0,v0.1
INS_CE5EBA452E90,REQ_06D08A240571,40,930.0000000000001,v0.1
INS_CE5EBA452E90,REQ_10A461501791,41,250.0,v0.1
INS_CE5EBA452E90,REQ_878BEEA1A8E0,42,1950.0,v0.1
INS_CE5EBA452E90,REQ_5BE6A4E6D70C,43,1360.0,v0.1
INS_CE5EBA452E90,REQ_426FC716A38E,44,3740.0,v0.1
INS_CE5EBA452E90,REQ_6C2B9FD83513,45,2800.0,v0.1
INS_CE5EBA452E90,REQ_B06068EED07C,46,450.0,v0.1
INS_CE5EBA452E90,REQ_558D61252F12,47,30000.0,v0.1
INS_CE5EBA452E90,REQ_F68A30F1216F,48,800.0,v0.1
INS_66576EAA9840,REQ_8E3D4F0D5363,0,10830.0,v0.1
INS_66576EAA9840,REQ_71EA7B67D8C7,1,30000.0,v0.1
INS_66576EAA9840,REQ_B1CA0A9C4758,2,509.99999999999994,v0.1
INS_66576EAA9840,REQ_6CAD0FF9972F,3,19950.0,v0.1
INS_66576EAA9840,REQ_549C008D3466,4,7940.0,v0.1
INS_66576EAA9840,REQ_81B83C42F326,5,1270.0,v0.1
INS_66576EAA9840,REQ_E8C8D27FDC36,6,9150.0,v0.1
INS_66576EAA9840,REQ_1536A79B1A40,7,17760.0,v0.1
INS_66576EAA9840,REQ_4405EDEC3837,8,30000.0,v0.1
INS_66576EAA9840,REQ_1FD30B122716,9,30000.0,v0.1
INS_66576EAA9840,REQ_0E81BD04C6DC,10,19240.0,v0.1
INS_5990F02DF092,REQ_CD16D5B8B6AF,0,370.0,v0.1
INS_5990F02DF092,REQ_79A9EB9CB7F0,1,8860.0,v0.1
INS_5990F02DF092,REQ_679BC58331F7,2,30000.0,v0.1
INS_5990F02DF092,REQ_F3A5F55BC7CB,3,3600.0,v0.1
INS_5990F02DF092,REQ_EF8623F815FB,4,750.0,v0.1
INS_5990F02DF092,REQ_3F4DA99AE1AD,5,4530.0,v0.1
INS_5990F02DF092,REQ_A593D5E6E22D,6,1860.0000000000002,v0.1
INS_5990F02DF092,REQ_46BED6AC0C1B,7,30000.0,v0.1
INS_8C3F7B89C18B,REQ_EC2E77B471A2,0,14360.0,v0.1
INS_8C3F7B89C18B,REQ_2658218CD89F,1,780.0,v0.1
INS_8C3F7B89C18B,REQ_DD7715C30243,2,7310.0,v0.1
INS_8C3F7B89C18B,REQ_D8883DD8EF5A,3,860.0,v0.1
INS_8C3F7B89C18B,REQ_333314ECD1F1,4,30000.0,v0.1
INS_8C3F7B89C18B,REQ_2DB4832D7EDD,5,11730.0,v0.1
INS_8C3F7B89C18B,REQ_66E868BAB833,6,6270.0,v0.1
INS_8C3F7B89C18B,REQ_DE8AA58152DC,7,2280.0,v0.1
INS_8C3F7B89C18B,REQ_077614E57E70,8,6930.0,v0.1
INS_8C3F7B89C18B,REQ_B4B8BB780715,9,10680.0,v0.1
INS_95471D28F69A,REQ_DD17D460083B,0,30000.0,v0.1
INS_95471D28F69A,REQ_8C7568C59D23,1,13400.0,v0.1
INS_95471D28F69A,REQ_3742A9F1AD30,2,190.0,v0.1
INS_95471D28F69A,REQ_A3F31D6D1FB0,3,3370.0000000000005,v0.1
INS_95471D28F69A,REQ_6DA1E35BA5C5,4,30000.0,v0.1
INS_95471D28F69A,REQ_287841EE71B1,5,30000.0,v0.1
INS_95471D28F69A,REQ_9A9FA35554B9,6,30000.0,v0.1
INS_95471D28F69A,REQ_2D2E181CFCC3,7,9600.0,v0.1
INS_95471D28F69A,REQ_F562EF78C0B2,8,30000.0,v0.1
INS_95471D28F69A,REQ_53B64B1251B9,9,1540.0,v0.1
INS_95471D28F69A,REQ_361EEF369117,10,15360.0,v0.1
INS_95471D28F69A,REQ_A71482EDF58D,11,550.0,v0.1
INS_95471D28F69A,REQ_F7B279B548DB,12,26610.0,v0.1
INS_95471D28F69A,REQ_5BE5AB3E6FCE,13,830.0000000000001,v0.1
INS_95471D28F69A,REQ_297012753A5B,14,30000.0,v0.1
INS_95471D28F69A,REQ_3D7B9BC9849A,15,22740.0,v0.1
INS_F9FDF8BE4AEA,REQ_434E887A7621,0,9210.0,v0.1
INS_F9FDF8BE4AEA,REQ_73E31FC1B8A2,1,380.0,v0.1
INS_F9FDF8BE4AEA,REQ_FB7AFBF0CAA4,2,30000.0,v0.1
INS_F9FDF8BE4AEA,REQ_94FF5343724E,3,3660.0,v0.1
INS_F9FDF8BE4AEA,REQ_E43316FB7A52,4,4250.0,v0.1
INS_F9FDF8BE4AEA,REQ_7785540792FA,5,30000.0,v0.1
INS_F9FDF8BE4AEA,REQ_B57B6DBE4F79,6,1100.0,v0.1
INS_F9FDF8BE4AEA,REQ_967B118B4319,7,2290.0,v0.1
INS_F9FDF8BE4AEA,REQ_5519BBACC3CF,8,780.0,v0.1
INS_F9FDF8BE4AEA,REQ_E6F06366EA2A,9,850.0,v0.1
INS_F9FDF8BE4AEA,REQ_7ABE8BAA5661,10,210.0,v0.1
INS_F9FDF8BE4AEA,REQ_C89011BB7B30,11,9540.0,v0.1
INS_59A5A697001D,REQ_53CC762482F7,0,8970.0,v0.1
INS_59A5A697001D,REQ_E333BDC39F2D,1,340.0,v0.1
INS_59A5A697001D,REQ_1F750B540DAF,2,6630.0,v0.1
INS_59A5A697001D,REQ_E75956822319,3,30000.0,v0.1
INS_59A5A697001D,REQ_8C6D534284A4,4,19300.0,v0.1
INS_59A5A697001D,REQ_F55F6302B7E3,5,30000.0,v0.1
INS_59A5A697001D,REQ_E8654769B9E7,6,1050.0,v0.1
INS_59A5A697001D,REQ_E9764B8088F2,7,6600.0,v0.1
INS_59A5A697001D,REQ_BFF5741DE4AC,8,30000.0,v0.1
INS_59A5A697001D,REQ_E0832C173CB5,9,30000.0,v0.1
INS_59A5A697001D,REQ_6AE422F7C09B,10,420.0,v0.1
INS_59A5A697001D,REQ_70F393440557,11,7900.0,v0.1
INS_59A5A697001D,REQ_6FFFFBBCD5EE,12,380.0,v0.1
INS_59A5A697001D,REQ_E0B974F66BC3,13,3400.0,v0.1
INS_59A5A697001D,REQ_DD0BA34AE6D3,14,25460.0,v0.1
INS_59A5A697001D,REQ_86737724DA1F,15,850.0,v0.1
INS_59A5A697001D,REQ_1D220766B9EC,16,670.0,v0.1
INS_59A5A697001D,REQ_8DF44DEB8ADD,17,10890.0,v0.1
INS_59A5A697001D,REQ_9B15062A0E3E,18,190.0,v0.1
INS_59A5A697001D,REQ_5882472E6F36,19,30000.0,v0.1
INS_59A5A697001D,REQ_F6B7682E63AB,20,1730.0,v0.1
INS_59A5A697001D,REQ_F00B40ED25F9,21,540.0,v0.1
INS_59A5A697001D,REQ_6481B9A2DC08,22,9130.0,v0.1
INS_59A5A697001D,REQ_FAC95036E55E,23,2010.0,v0.1
INS_237896A65AC6,REQ_EADDE85053E6,0,8560.0,v0.1
INS_237896A65AC6,REQ_DC6183A772D6,1,100.0,v0.1
INS_237896A65AC6,REQ_FF0944D2FF96,2,200.0,v0.1
INS_237896A65AC6,REQ_7167E20702FA,3,1700.0,v0.1
INS_237896A65AC6,REQ_041F9E7CAA2A,4,850.0,v0.1
INS_237896A65AC6,REQ_1F40340B5A9E,5,1390.0,v0.1
INS_237896A65AC6,REQ_0ABF87E15F8B,6,380.0,v0.1
INS_237896A65AC6,REQ_1721E68242FC,7,2560.0,v0.1
INS_237896A65AC6,REQ_29ABA37B70BE,8,130.0,v0.1
INS_3A566BCCB288,REQ_276C4C80BC87,0,229.99999999999997,v0.1
INS_3A566BCCB288,REQ_2FDF400E8823,1,180.0,v0.1
INS_3A566BCCB288,REQ_3CFBF1D6195C,2,350.0,v0.1
INS_3A566BCCB288,REQ_EAE9005FF15D,3,30000.0,v0.1
INS_3A566BCCB288,REQ_9D899B0F8EB1,4,30000.0,v0.1
INS_3A566BCCB288,REQ_7E92BEF65FB0,5,1670.0,v0.1
INS_3A566BCCB288,REQ_CF517F12DF2F,6,30000.0,v0.1
INS_3A566BCCB288,REQ_F7096718A566,7,30000.0,v0.1
INS_3A566BCCB288,REQ_73706963B396,8,13140.0,v0.1
INS_3A566BCCB288,REQ_04A9B2D1ED2B,9,80.0,v0.1
INS_3A566BCCB288,REQ_E4D8046DF96D,10,340.0,v0.1
INS_3A566BCCB288,REQ_171583F180FE,11,14440.0,v0.1
INS_3A566BCCB288,REQ_6517C13C31E9,12,17410.0,v0.1
INS_3A566BCCB288,REQ_9CE228F88D69,13,1080.0,v0.1
INS_3A566BCCB288,REQ_FE1B229AD9D8,14,30000.0,v0.1
INS_3A566BCCB288,REQ_B2104E66F2AC,15,80.0,v0.1
INS_3A566BCCB288,REQ_E8C8180336C1,16,5730.0,v0.1
INS_3A566BCCB288,REQ_07D61D33FD59,17,19060.0,v0.1
INS_3A566BCCB288,REQ_6DF94FA95041,18,11200.0,v0.1
INS_3A566BCCB288,REQ_4431D64ECECA,19,1100.0,v0.1
INS_3A566BCCB288,REQ_8589EFE08C6C,20,17090.0,v0.1
INS_3A566BCCB288,REQ_6A7D2965453F,21,320.0,v0.1
INS_3A566BCCB288,REQ_DB42944C83C4,22,4930.0,v0.1
INS_3A566BCCB288,REQ_38E5F7F81A4F,23,30000.0,v0.1
INS_3A566BCCB288,REQ_9F053670CD6D,24,30000.0,v0.1
INS_3A566BCCB288,REQ_B1607214C86B,25,25020.0,v0.1
INS_3A566BCCB288,REQ_15385C081DFA,26,30000.0,v0.1
INS_3A566BCCB288,REQ_7E746980A6D3,27,25520.0,v0.1
INS_3A566BCCB288,REQ_A281C8784DB1,28,8310.0,v0.1
INS_3A566BCCB288,REQ_BC3B3C8FDD5D,29,229.99999999999997,v0.1
INS_3A566BCCB288,REQ_ACB368D6E2F1,30,5510.0,v0.1
INS_3A566BCCB288,REQ_BE56207A12D2,31,8850.0,v0.1
INS_3A566BCCB288,REQ_F1785DFEB55A,32,30000.0,v0.1
INS_3A566BCCB288,REQ_64022CADBB20,33,14119.999999999998,v0.1
INS_3A566BCCB288,REQ_6A34CADD70EB,34,840.0,v0.1
INS_3A566BCCB288,REQ_5C84A79929CB,35,4710.0,v0.1
INS_3A566BCCB288,REQ_5AE19FCE4E2E,36,350.0,v0.1
INS_3A566BCCB288,REQ_DCDD433071C9,37,6970.0,v0.1
INS_3A566BCCB288,REQ_F3C210E9B39A,38,440.0,v0.1
INS_3A566BCCB288,REQ_C16D9E2DB7B9,39,130.0,v0.1
INS_3A566BCCB288,REQ_140EDF94C185,40,16090.0,v0.1
INS_3A566BCCB288,REQ_7DFE6F57A7CB,41,360.0,v0.1
INS_3A566BCCB288,REQ_B2BFA0071457,42,1180.0,v0.1
INS_7D363FD6E7D3,REQ_45E2AFB0FCBC,0,7940.0,v0.1
INS_7D363FD6E7D3,REQ_FF02A839E6FF,1,2650.0,v0.1
INS_7D363FD6E7D3,REQ_7B8ED5E4E1BA,2,2000.0,v0.1
INS_7D363FD6E7D3,REQ_9D4E557935C4,3,2260.0,v0.1
INS_7D363FD6E7D3,REQ_BEFB54EBDB85,4,530.0,v0.1
INS_7D363FD6E7D3,REQ_ADE37712F10C,5,30000.0,v0.1
INS_7D363FD6E7D3,REQ_B59F82F14BB3,6,15560.0,v0.1
INS_7D363FD6E7D3,REQ_889AEA051D84,7,17990.0,v0.1
INS_7D363FD6E7D3,REQ_9F8C3522C9B4,8,1320.0,v0.1
INS_7D363FD6E7D3,REQ_78CCAE4D3339,9,30000.0,v0.1
INS_D71DE0A0EE77,REQ_CFCB418FB1B4,0,30000.0,v0.1
INS_D71DE0A0EE77,REQ_299A9F4AA5CE,1,30000.0,v0.1
INS_D71DE0A0EE77,REQ_948820C577EE,2,30000.0,v0.1
INS_D71DE0A0EE77,REQ_2D6D358E8DCC,3,30000.0,v0.1
INS_D71DE0A0EE77,REQ_0B9FFD6545E3,4,18720.0,v0.1
INS_D71DE0A0EE77,REQ_8B90D2883DEA,5,30000.0,v0.1
INS_D71DE0A0EE77,REQ_2BEAC4526E54,6,30000.0,v0.1
INS_D71DE0A0EE77,REQ_D11FE85E3355,7,30000.0,v0.1
INS_D71DE0A0EE77,REQ_F6D705542F1C,8,13680.0,v0.1
INS_D71DE0A0EE77,REQ_C86DE41EA334,9,29460.0,v0.1
INS_D71DE0A0EE77,REQ_0391EBB527B6,10,30000.0,v0.1
INS_D71DE0A0EE77,REQ_587E1EA10952,11,30000.0,v0.1
INS_D71DE0A0EE77,REQ_74A931FA1079,12,18820.0,v0.1
INS_D71DE0A0EE77,REQ_3A14AA639842,13,30000.0,v0.1
INS_D71DE0A0EE77,REQ_5128C36DC078,14,17060.0,v0.1
INS_D71DE0A0EE77,REQ_BD3278D236A9,15,12460.0,v0.1
INS_D71DE0A0EE77,REQ_C467DA777186,16,26070.0,v0.1
INS_D71DE0A0EE77,REQ_C86E98612EAD,17,30000.0,v0.1
INS_D71DE0A0EE77,REQ_C6251C50FCA6,18,30000.0,v0.1
INS_D71DE0A0EE77,REQ_337340C30D2E,19,13080.0,v0.1
INS_D71DE0A0EE77,REQ_75F10E935EE1,20,30000.0,v0.1
INS_D71DE0A0EE77,REQ_DED8AA21E0B6,21,29790.0,v0.1
INS_679525C26643,REQ_DF7E7D072C2A,0,1690.0,v0.1
INS_679525C26643,REQ_B54DC204822A,1,2210.0,v0.1
INS_679525C26643,REQ_B22A3E1AED63,2,30000.0,v0.1
INS_679525C26643,REQ_D03E4CBD7965,3,3850.0,v0.1
INS_679525C26643,REQ_D964563C8282,4,30000.0,v0.1
INS_679525C26643,REQ_5F28BA2DC869,5,190.0,v0.1
INS_679525C26643,REQ_44B84EBFAD83,6,30000.0,v0.1
INS_679525C26643,REQ_384A09579A17,7,15270.0,v0.1
INS_679525C26643,REQ_2D7DF292F6A6,8,5140.0,v0.1
INS_679525C26643,REQ_13ECD68ACBA5,9,550.0,v0.1
INS_679525C26643,REQ_AEC1D6EBA813,10,710.0,v0.1
INS_679525C26643,REQ_B8124B2C971B,11,200.0,v0.1
INS_679525C26643,REQ_D9560C35A024,12,2380.0,v0.1
INS_679525C26643,REQ_7B989D723C97,13,8980.0,v0.1
INS_679525C26643,REQ_AE712D34803D,14,30000.0,v0.1
INS_679525C26643,REQ_03CB04AD80D0,15,12800.0,v0.1
INS_679525C26643,REQ_E185008F332F,16,16160.0,v0.1
INS_679525C26643,REQ_31CD2B273778,17,370.0,v0.1
INS_679525C26643,REQ_16E839822ACE,18,1710.0000000000002,v0.1
INS_679525C26643,REQ_FAC9E53ECFEA,19,450.0,v0.1
INS_679525C26643,REQ_1EBE67EDDEFE,20,390.0,v0.1
INS_679525C26643,REQ_5C582CDE8990,21,4040.0,v0.1
INS_679525C26643,REQ_D670BD2D0CAA,22,4090.0,v0.1
INS_679525C26643,REQ_5A20B74F1CC6,23,11980.0,v0.1
INS_679525C26643,REQ_55917DA2A050,24,30000.0,v0.1
INS_679525C26643,REQ_AEC45C5D6E75,25,1350.0,v0.1
INS_679525C26643,REQ_7129D8CF936B,26,1310.0,v0.1
INS_679525C26643,REQ_EB351B3B4177,27,2460.0,v0.1
INS_679525C26643,REQ_A84E9A6BA66C,28,7340.0,v0.1
INS_679525C26643,REQ_EC5BA3A811DF,29,10970.0,v0.1
INS_679525C26643,REQ_5B87CFE753B5,30,30000.0,v0.1
INS_679525C26643,REQ_87DAC04A19FC,31,540.0,v0.1
INS_679525C26643,REQ_6A60DB1DEDA6,32,30000.0,v0.1
INS_679525C26643,REQ_ADF541D8DBFF,33,840.0,v0.1
INS_679525C26643,REQ_66D14450D01C,34,550.0,v0.1
INS_679525C26643,REQ_7174B55A2E9F,35,7500.0,v0.1
INS_679525C26643,REQ_CDE402CC4E51,36,6170.0,v0.1
INS_679525C26643,REQ_902EA59ADF2F,37,11420.0,v0.1
INS_679525C26643,REQ_4987927250E6,38,2240.0,v0.1
INS_679525C26643,REQ_A00821A56185,39,950.0,v0.1
INS_679525C26643,REQ_519B37D8AAA1,40,5030.0,v0.1
INS_679525C26643,REQ_5A9A9F68104B,41,30000.0,v0.1
INS_679525C26643,REQ_C4F52D7F1DB2,42,15050.0,v0.1
INS_679525C26643,REQ_528658D35786,43,4230.0,v0.1
INS_679525C26643,REQ_0682A92D0ACE,44,8300.0,v0.1
INS_679525C26643,REQ_E04643C940A5,45,8890.0,v0.1
INS_679525C26643,REQ_169449095CD6,46,350.0,v0.1
INS_679525C26643,REQ_4411636DD7EB,47,24250.0,v0.1
INS_679525C26643,REQ_60963E379959,48,2890.0,v0.1
INS_679525C26643,REQ_206EA3FABFA2,49,11600.0,v0.1
INS_679525C26643,REQ_F094F9DCCB9F,50,13360.0,v0.1
INS_679525C26643,REQ_93F25571AFA3,51,740.0,v0.1
INS_A03FA96E02F5,REQ_5742808346BB,0,3920.0,v0.1
INS_A03FA96E02F5,REQ_902EA59ADF2F,1,11420.0,v0.1
INS_A03FA96E02F5,REQ_60963E379959,2,2890.0,v0.1
INS_A03FA96E02F5,REQ_519B37D8AAA1,3,5030.0,v0.1
INS_A03FA96E02F5,REQ_ADF541D8DBFF,4,840.0,v0.1
INS_A03FA96E02F5,REQ_757CABCDC760,5,510.0,v0.1
INS_A03FA96E02F5,REQ_4F1BE0394EA1,6,760.0,v0.1
INS_A03FA96E02F5,REQ_3EE46C85E854,7,350.0,v0.1
INS_A03FA96E02F5,REQ_5B87CFE753B5,8,30000.0,v0.1
INS_A03FA96E02F5,REQ_169449095CD6,9,350.0,v0.1
INS_A03FA96E02F5,REQ_44B84EBFAD83,10,30000.0,v0.1
INS_A03FA96E02F5,REQ_607E7C590B6A,11,3700.0,v0.1
INS_96F63ECC3296,REQ_180AEAD865FD,0,24890.0,v0.1
INS_96F63ECC3296,REQ_50CA21A9568E,1,6800.0,v0.1
INS_96F63ECC3296,REQ_50CFB51888D4,2,4340.0,v0.1
INS_96F63ECC3296,REQ_D61264269A81,3,1060.0,v0.1
INS_96F63ECC3296,REQ_CECE94FFDD8E,4,15580.0,v0.1
INS_96F63ECC3296,REQ_9D7C4F57C9AB,5,30000.0,v0.1
INS_96F63ECC3296,REQ_05376BE53283,6,16680.0,v0.1
INS_96F63ECC3296,REQ_D2C32916739F,7,610.0,v0.1
INS_96F63ECC3296,REQ_DF06A99C976A,8,1840.0,v0.1
INS_96F63ECC3296,REQ_F308308870CC,9,350.0,v0.1
INS_96F63ECC3296,REQ_80877CA14B83,10,370.0,v0.1
INS_96F63ECC3296,REQ_FF220CE71746,11,8750.0,v0.1
INS_96F63ECC3296,REQ_35262BD34430,12,13210.0,v0.1
INS_96F63ECC3296,REQ_F3F85A82467C,13,550.0,v0.1
INS_96F63ECC3296,REQ_C9D520EC9E09,14,10380.0,v0.1
INS_96F63ECC3296,REQ_DB29CB996B3A,15,250.0,v0.1
INS_96F63ECC3296,REQ_020EBAF00BC6,16,30000.0,v0.1
INS_96F63ECC3296,REQ_E75E5DAE27C3,17,1760.0,v0.1
INS_96F63ECC3296,REQ_6B169CE22794,18,490.00000000000006,v0.1
INS_96F63ECC3296,REQ_1496631BA2D3,19,210.0,v0.1
INS_96F63ECC3296,REQ_2BA351440185,20,390.0,v0.1
INS_96F63ECC3296,REQ_E2FF41320A28,21,8170.0,v0.1
INS_96F63ECC3296,REQ_350F6EDC872C,22,300.0,v0.1
INS_96F63ECC3296,REQ_73DE9AABB3A8,23,1760.0,v0.1
INS_96F63ECC3296,REQ_0CCAF14C6D8A,24,11250.0,v0.1
INS_96F63ECC3296,REQ_0EE9A5723A4B,25,4850.0,v0.1
INS_96F63ECC3296,REQ_6F7C2CD4E93E,26,240.0,v0.1
INS_96F63ECC3296,REQ_E3A28FC8105C,27,30000.0,v0.1
INS_D37AC37DF2D5,REQ_74255F699773,0,1780.0,v0.1
INS_D37AC37DF2D5,REQ_BB19A296C38F,1,270.0,v0.1
INS_D37AC37DF2D5,REQ_58E00B5AB3BA,2,30000.0,v0.1
INS_D37AC37DF2D5,REQ_DC574E4DF174,3,2120.0,v0.1
INS_D37AC37DF2D5,REQ_E9E5783D969D,4,2700.0,v0.1
INS_D37AC37DF2D5,REQ_3F1FE8A0841C,5,30000.0,v0.1
INS_D37AC37DF2D5,REQ_92676257512E,6,7100.0,v0.1
INS_D37AC37DF2D5,REQ_C3E6977E3428,7,30000.0,v0.1
INS_D37AC37DF2D5,REQ_A0FA4F1BFC28,8,30000.0,v0.1
INS_D37AC37DF2D5,REQ_6A7AF10347F5,9,25860.0,v0.1
INS_D37AC37DF2D5,REQ_3FE9962303B3,10,960.0,v0.1
INS_D37AC37DF2D5,REQ_6CD49BFFC293,11,14310.0,v0.1
INS_C82547C1C5FA,REQ_84FA4C7A6A1E,0,16239.999999999998,v0.1
INS_C82547C1C5FA,REQ_5EA1C03BF0BD,1,1000.0,v0.1
INS_C82547C1C5FA,REQ_3DB2C510C809,2,1160.0,v0.1
INS_C82547C1C5FA,REQ_4544441B2AF6,3,15100.0,v0.1
INS_C82547C1C5FA,REQ_B8775D0347EE,4,30000.0,v0.1
INS_C82547C1C5FA,REQ_6CC4A63481A3,5,1650.0,v0.1
INS_C82547C1C5FA,REQ_7A8432891A0F,6,23030.0,v0.1
INS_C82547C1C5FA,REQ_2DB52ECE2200,7,13510.0,v0.1
INS_C82547C1C5FA,REQ_DBB0156D252B,8,450.0,v0.1
INS_C82547C1C5FA,REQ_3102746EC6FA,9,30000.0,v0.1
INS_C82547C1C5FA,REQ_D1FC1210C99E,10,1600.0,v0.1
INS_C82547C1C5FA,REQ_052C1DA7016A,11,1250.0,v0.1
INS_C82547C1C5FA,REQ_AAA2D6C41AC0,12,1050.0,v0.1
INS_C82547C1C5FA,REQ_55CAB75C3742,13,1900.0,v0.1
INS_C82547C1C5FA,REQ_E43D76B2F5FD,14,3360.0,v0.1
INS_C82547C1C5FA,REQ_8ACAEAF557AB,15,29120.0,v0.1
INS_C82547C1C5FA,REQ_2E27C3D89D5B,16,850.0,v0.1
INS_17608E57A7D0,REQ_3756806BC8EE,0,969.9999999999999,v0.1
INS_17608E57A7D0,REQ_7C5B315437FD,1,30000.0,v0.1
INS_17608E57A7D0,REQ_2AF12C7444A2,2,880.0000000000001,v0.1
INS_17608E57A7D0,REQ_978B8AF45CA6,3,1480.0,v0.1
INS_17608E57A7D0,REQ_8E5EF9B7D7D3,4,30000.0,v0.1
INS_17608E57A7D0,REQ_889B84B41575,5,1660.0000000000002,v0.1
INS_17608E57A7D0,REQ_A458D62F441D,6,510.0,v0.1
INS_17608E57A7D0,REQ_7AED2FF1242F,7,2380.0,v0.1
INS_17608E57A7D0,REQ_C700E7BA7D7D,8,1910.0000000000002,v0.1
INS_17608E57A7D0,REQ_261F9469E7DB,9,30000.0,v0.1
INS_17608E57A7D0,REQ_0EAA8A6A19B0,10,110.0,v0.1
INS_17608E57A7D0,REQ_66FEDF7300AE,11,150.0,v0.1
INS_17608E57A7D0,REQ_BE4122871636,12,30000.0,v0.1
INS_17608E57A7D0,REQ_23B9E7B2B0FD,13,300.0,v0.1
INS_17608E57A7D0,REQ_C218BDD55ACC,14,1680.0,v0.1
INS_17608E57A7D0,REQ_F650596C3D39,15,470.0,v0.1
INS_17608E57A7D0,REQ_A02BC770100B,16,30000.0,v0.1
INS_B563836A6973,REQ_FDDD8626A5F3,0,960.0,v0.1
INS_B563836A6973,REQ_6870D1AEAE62,1,300.0,v0.1
INS_B563836A6973,REQ_517B95A4690E,2,810.0,v0.1
INS_B563836A6973,REQ_06D8E7A0AA87,3,18400.0,v0.1
INS_B563836A6973,REQ_841DCEFB45D4,4,730.0,v0.1
INS_B563836A6973,REQ_B57B6DBE4F79,5,1100.0,v0.1
INS_B563836A6973,REQ_027D98D52D28,6,6180.0,v0.1
INS_B563836A6973,REQ_7D985712D4CC,7,250.0,v0.1
INS_B563836A6973,REQ_011D1267A054,8,860.0,v0.1
INS_B563836A6973,REQ_10C2C8B63F15,9,2940.0,v0.1
INS_B563836A6973,REQ_8A75EFCAF335,10,4150.0,v0.1
INS_B563836A6973,REQ_ACF65DFBB97B,11,4640.0,v0.1
INS_B563836A6973,REQ_CCD94892FC60,12,30000.0,v0.1
INS_B563836A6973,REQ_4425DEF4FAB3,13,24150.0,v0.1
INS_B563836A6973,REQ_E7DCFD6E89AD,14,25800.0,v0.1
INS_B563836A6973,REQ_D010FE6974C6,15,1110.0,v0.1
INS_B563836A6973,REQ_F8A972D8BD70,16,3350.0,v0.1
INS_B563836A6973,REQ_60AD4587FC19,17,6980.0,v0.1
INS_B563836A6973,REQ_5D1B1698812A,18,30000.0,v0.1
INS_B563836A6973,REQ_EFB94B676B58,19,16580.0,v0.1
INS_B563836A6973,REQ_831BAC02CFE9,20,2200.0,v0.1
INS_B563836A6973,REQ_BD4BF1C20B18,21,100.0,v0.1
INS_B563836A6973,REQ_F5518AB0F222,22,750.0,v0.1
INS_B563836A6973,REQ_206FAFA57FBB,23,2260.0,v0.1
INS_B563836A6973,REQ_164202319EA8,24,1600.0,v0.1
INS_B563836A6973,REQ_E1C0349CC954,25,13250.0,v0.1
INS_B563836A6973,REQ_2D1134CC2B51,26,1530.0,v0.1
INS_B563836A6973,REQ_BF2C2E9F25FD,27,4480.0,v0.1
INS_B563836A6973,REQ_EC3320B25E5C,28,740.0,v0.1
INS_B563836A6973,REQ_C4F508E8A66E,29,26089.999999999996,v0.1
INS_B563836A6973,REQ_C5A4CB19CB3B,30,21950.0,v0.1
INS_B563836A6973,REQ_5519BBACC3CF,31,780.0,v0.1
INS_B563836A6973,REQ_00E661BC95DA,32,30000.0,v0.1
INS_B563836A6973,REQ_D55C8D03BA3A,33,9820.0,v0.1
INS_B563836A6973,REQ_213D5A22466A,34,30000.0,v0.1
INS_B563836A6973,REQ_22256639C8A7,35,3420.0000000000005,v0.1
INS_B563836A6973,REQ_256E134FE119,36,4520.0,v0.1
INS_B563836A6973,REQ_68C0978C2CC4,37,3500.0,v0.1
INS_B563836A6973,REQ_855DBDF05722,38,8700.0,v0.1
INS_B563836A6973,REQ_4D514BBE4F64,39,1080.0,v0.1
INS_B563836A6973,REQ_63A63052AE6B,40,850.0,v0.1
INS_B563836A6973,REQ_4113E784FD60,41,23160.0,v0.1
INS_B563836A6973,REQ_4DA689F77DB9,42,14690.0,v0.1
INS_B563836A6973,REQ_3D412C1884DA,43,4940.0,v0.1
INS_B563836A6973,REQ_C8D14B467F03,44,2890.0,v0.1
INS_B563836A6973,REQ_0A7D61C8441D,45,2500.0,v0.1
INS_8EA26A07B85D,REQ_191A3E03E7DB,0,1800.0,v0.1
INS_8EA26A07B85D,REQ_43BCEA4CB100,1,30000.0,v0.1
INS_8EA26A07B85D,REQ_7191A28F7BB3,2,930.0000000000001,v0.1
INS_8EA26A07B85D,REQ_74D80E6419D3,3,710.0,v0.1
INS_8EA26A07B85D,REQ_5DEC6F33BD84,4,30000.0,v0.1
INS_8EA26A07B85D,REQ_160D9FE554FF,5,30000.0,v0.1
INS_8EA26A07B85D,REQ_0F28E95A8C62,6,2050.0,v0.1
INS_8EA26A07B85D,REQ_E86956A2B884,7,30000.0,v0.1
INS_00387CA7C54C,REQ_D6570FAD07D4,0,1690.0,v0.1
INS_00387CA7C54C,REQ_1B066E1EEF2F,1,800.0,v0.1
INS_00387CA7C54C,REQ_083BD102C718,2,1250.0,v0.1
INS_00387CA7C54C,REQ_863F90FB7593,3,30000.0,v0.1
INS_00387CA7C54C,REQ_89C16D0F1CFF,4,7090.0,v0.1
INS_00387CA7C54C,REQ_9BF16612D6DD,5,30000.0,v0.1
INS_00387CA7C54C,REQ_6472B9E0640A,6,11900.0,v0.1
INS_00387CA7C54C,REQ_69254C3F84BC,7,30000.0,v0.1
INS_00387CA7C54C,REQ_CC163FF1408C,8,30000.0,v0.1
INS_00387CA7C54C,REQ_F7A2DD1AAE7E,9,220.00000000000003,v0.1
INS_00387CA7C54C,REQ_7BDBB0A041CE,10,5860.0,v0.1
INS_00387CA7C54C,REQ_543E603E81C4,11,5270.0,v0.1
INS_00387CA7C54C,REQ_31C2FBBA7592,12,30000.0,v0.1
INS_00387CA7C54C,REQ_A74659D86559,13,11660.0,v0.1
INS_00387CA7C54C,REQ_2E5F6EF68497,14,1140.0,v0.1
INS_00387CA7C54C,REQ_E27399AD72D2,15,869.9999999999999,v0.1
INS_00387CA7C54C,REQ_EB6DC41CE86D,16,880.0000000000001,v0.1
INS_00387CA7C54C,REQ_91E6D7CB0C7C,17,7350.0,v0.1
INS_00387CA7C54C,REQ_18E0E6FAF872,18,30000.0,v0.1
INS_00387CA7C54C,REQ_3F7479831E8B,19,6200.0,v0.1
INS_00387CA7C54C,REQ_FEE84138734E,20,15780.0,v0.1
INS_00387CA7C54C,REQ_B75ACA3576AA,21,1040.0,v0.1
INS_00387CA7C54C,REQ_6530B92E5390,22,760.0,v0.1
INS_00387CA7C54C,REQ_DE83B3B496B2,23,920.0,v0.1
INS_00387CA7C54C,REQ_A5270C992CCF,24,500.0,v0.1
INS_00387CA7C54C,REQ_234088716DE5,25,2050.0,v0.1
INS_00387CA7C54C,REQ_4D0D2EE44151,26,1020.0,v0.1
INS_00387CA7C54C,REQ_5DAA228F14B9,27,1190.0,v0.1
INS_00387CA7C54C,REQ_99AC92F8B63E,28,500.0,v0.1
INS_00387CA7C54C,REQ_CB18AC6582DA,29,30000.0,v0.1
INS_00387CA7C54C,REQ_C4C480D48AF9,30,420.0,v0.1
INS_00387CA7C54C,REQ_1DD18B941C28,31,2650.0,v0.1
INS_00387CA7C54C,REQ_D7EAB87A0D3A,32,30000.0,v0.1
INS_00387CA7C54C,REQ_A854B4689CCB,33,630.0,v0.1
INS_00387CA7C54C,REQ_A05C628031D1,34,1260.0,v0.1
INS_00387CA7C54C,REQ_F78870D23F99,35,30000.0,v0.1
INS_00387CA7C54C,REQ_48BEA987F6DF,36,30000.0,v0.1
INS_00387CA7C54C,REQ_4A87B29F8C57,37,620.0,v0.1
INS_00387CA7C54C,REQ_473DF23E29A0,38,930.0000000000001,v0.1
INS_00387CA7C54C,REQ_16A632F4AF52,39,700.0,v0.1
INS_00387CA7C54C,REQ_CDD0E5EA13C3,40,600.0,v0.1
INS_00387CA7C54C,REQ_04F511B1F2AE,41,1060.0,v0.1
INS_00387CA7C54C,REQ_5F0D87CA5156,42,1000.0,v0.1
INS_00387CA7C54C,REQ_84F56CA5808B,43,30000.0,v0.1
INS_00387CA7C54C,REQ_1D6DE31C4900,44,1500.0,v0.1
INS_00387CA7C54C,REQ_86BC52D1B816,45,1400.0,v0.1
INS_00387CA7C54C,REQ_234D1996E11D,46,9125.0,v0.1
INS_00387CA7C54C,REQ_FB8E8B9E2F47,47,280.0,v0.1
INS_00387CA7C54C,REQ_0DA9A352FC9A,48,750.0,v0.1
INS_00387CA7C54C,REQ_04667EEF443A,49,310.0,v0.1
INS_00387CA7C54C,REQ_D4CE64B69508,50,150.0,v0.1
INS_00387CA7C54C,REQ_D136EC4FFDF8,51,28230.0,v0.1
INS_00387CA7C54C,REQ_ED0CDF63F01C,52,900.0,v0.1
INS_00387CA7C54C,REQ_43D68A722F57,53,17570.0,v0.1
INS_00387CA7C54C,REQ_AAEC66475248,54,440.0,v0.1
INS_00387CA7C54C,REQ_436D591E1E1F,55,450.0,v0.1
INS_128FFE07C98A,REQ_1172EDCCA1D6,0,30000.0,v0.1
INS_128FFE07C98A,REQ_94530EDC1579,1,3600.0,v0.1
INS_128FFE07C98A,REQ_5D050DC776D9,2,3790.0,v0.1
INS_128FFE07C98A,REQ_0C8AD2C458A4,3,30000.0,v0.1
INS_128FFE07C98A,REQ_C612F0691FB0,4,680.0,v0.1
INS_128FFE07C98A,REQ_642E228A08E4,5,13230.0,v0.1
INS_128FFE07C98A,REQ_86E89ECA6A2E,6,280.0,v0.1
INS_128FFE07C98A,REQ_60871B3EF8FD,7,200.0,v0.1
INS_128FFE07C98A,REQ_F57268278C27,8,360.0,v0.1
INS_128FFE07C98A,REQ_79671DD90B7C,9,30000.0,v0.1
INS_128FFE07C98A,REQ_EEA7909842A8,10,400.0,v0.1
INS_128FFE07C98A,REQ_3A0EAE16218A,11,5330.0,v0.1
INS_128FFE07C98A,REQ_E50005BD9BB2,12,80.0,v0.1
INS_128FFE07C98A,REQ_EF7D7694D3CF,13,290.0,v0.1
INS_128FFE07C98A,REQ_25FCA32763F5,14,30000.0,v0.1
INS_128FFE07C98A,REQ_87F60BA022C4,15,280.0,v0.1
INS_128FFE07C98A,REQ_9244511959E9,16,29170.0,v0.1
INS_128FFE07C98A,REQ_E982EDE70AEE,17,370.0,v0.1
INS_128FFE07C98A,REQ_DA9001594022,18,160.0,v0.1
INS_128FFE07C98A,REQ_2467C338C29D,19,28310.0,v0.1
INS_2EC5FA27C727,REQ_BDF37431AAF4,0,450.0,v0.1
INS_2EC5FA27C727,REQ_BADA8DE13865,1,20670.0,v0.1
INS_2EC5FA27C727,REQ_D5C8E9346E39,2,30000.0,v0.1
INS_2EC5FA27C727,REQ_BC17053A0098,3,30000.0,v0.1
INS_2EC5FA27C727,REQ_B62D07E33687,4,750.0,v0.1
INS_2EC5FA27C727,REQ_C494655EDC92,5,30000.0,v0.1
INS_2EC5FA27C727,REQ_C01A4CADDF53,6,2000.0,v0.1
INS_2EC5FA27C727,REQ_1DB96C622F88,7,4920.0,v0.1
INS_2EC5FA27C727,REQ_0F045971067F,8,26890.0,v0.1
INS_2EC5FA27C727,REQ_A922C60B56A4,9,30000.0,v0.1
INS_2EC5FA27C727,REQ_A801A797D3D3,10,1150.0,v0.1
INS_2EC5FA27C727,REQ_BF901C968BF2,11,10650.0,v0.1
INS_2EC5FA27C727,REQ_EB14E042DEE6,12,30000.0,v0.1
INS_2EC5FA27C727,REQ_D99D34F827AD,13,25470.0,v0.1
INS_2EC5FA27C727,REQ_BC25618B89E3,14,30000.0,v0.1
INS_2EC5FA27C727,REQ_CB7D1A64A1D0,15,30000.0,v0.1
INS_2EC5FA27C727,REQ_051CE8E3986E,16,30000.0,v0.1
INS_2EC5FA27C727,REQ_4A6968A7B4B4,17,1030.0,v0.1
INS_2EC5FA27C727,REQ_C8BA1847DF81,18,730.0,v0.1
INS_2EC5FA27C727,REQ_A36074E2F158,19,20460.0,v0.1
INS_6A39F6481D81,REQ_D1103C092ED9,0,30000.0,v0.1
INS_6A39F6481D81,REQ_A8A796745767,1,2340.0,v0.1
INS_6A39F6481D81,REQ_65FBE0283CAF,2,30000.0,v0.1
INS_6A39F6481D81,REQ_A2016CEB1B9A,3,11440.0,v0.1
INS_6A39F6481D81,REQ_86FEEDFC408F,4,21480.0,v0.1
INS_6A39F6481D81,REQ_3EA4A01242E3,5,25200.0,v0.1
INS_6A39F6481D81,REQ_BD50816629D5,6,30000.0,v0.1
INS_6A39F6481D81,REQ_6A9AD04808BF,7,1200.0,v0.1
INS_6A39F6481D81,REQ_5185AB28B1C3,8,25080.0,v0.1
INS_6A39F6481D81,REQ_F7E253D0A958,9,30000.0,v0.1
INS_61B9AD0FFFAE,REQ_B097ED557943,0,16790.0,v0.1
INS_61B9AD0FFFAE,REQ_00D46A83B0BB,1,650.0,v0.1
INS_61B9AD0FFFAE,REQ_2775B34FA673,2,30000.0,v0.1
INS_61B9AD0FFFAE,REQ_FC5672887B99,3,1400.0,v0.1
INS_61B9AD0FFFAE,REQ_D5D48A8BAD84,4,25640.0,v0.1
INS_61B9AD0FFFAE,REQ_62F2A9A5C1E5,5,2500.0,v0.1
INS_61B9AD0FFFAE,REQ_A2DBB746A084,6,1100.0,v0.1
INS_61B9AD0FFFAE,REQ_AE59B50F73FE,7,30000.0,v0.1
INS_61B9AD0FFFAE,REQ_ED7BE70F6C43,8,30000.0,v0.1
INS_61B9AD0FFFAE,REQ_606B2F2168E7,9,7500.0,v0.1
INS_61B9AD0FFFAE,REQ_A5C82EC57249,10,24410.0,v0.1
INS_61B9AD0FFFAE,REQ_2530E74AC24A,11,900.0,v0.1
INS_61B9AD0FFFAE,REQ_90E42D3FBA72,12,30000.0,v0.1
INS_61B9AD0FFFAE,REQ_4FB467E8F30B,13,1320.0,v0.1
INS_61B9AD0FFFAE,REQ_AE2333F644E5,14,30000.0,v0.1
INS_61B9AD0FFFAE,REQ_C6164FC07983,15,10200.0,v0.1
INS_61B9AD0FFFAE,REQ_B174347B404E,16,10500.0,v0.1
INS_61B9AD0FFFAE,REQ_208D910F050E,17,240.0,v0.1
INS_61B9AD0FFFAE,REQ_DC48882C2D74,18,30000.0,v0.1
INS_61B9AD0FFFAE,REQ_72110E88B416,19,30000.0,v0.1
INS_61B9AD0FFFAE,REQ_09BAE6F1E84C,20,2070.0,v0.1
INS_61B9AD0FFFAE,REQ_FFF9338CA3EE,21,22900.0,v0.1
INS_61B9AD0FFFAE,REQ_55E21E7008AB,22,30000.0,v0.1
INS_61B9AD0FFFAE,REQ_09882789478D,23,30000.0,v0.1
INS_61B9AD0FFFAE,REQ_C72781CA2394,24,30000.0,v0.1
INS_61B9AD0FFFAE,REQ_FE3BB5211481,25,27960.0,v0.1
INS_61B9AD0FFFAE,REQ_D92D5B16E5ED,26,6080.0,v0.1
INS_61B9AD0FFFAE,REQ_9328E727F87E,27,13130.0,v0.1
INS_61B9AD0FFFAE,REQ_4CC696488439,28,24810.0,v0.1
INS_BAD603552485,REQ_9D1B3BE0B97B,0,1150.0,v0.1
INS_BAD603552485,REQ_1E1649441192,1,30000.0,v0.1
INS_BAD603552485,REQ_135004795F75,2,30000.0,v0.1
INS_BAD603552485,REQ_3831D9282669,3,900.0,v0.1
INS_BAD603552485,REQ_C9510E2BF6FB,4,240.0,v0.1
INS_BAD603552485,REQ_B264D7056172,5,1070.0,v0.1
INS_BAD603552485,REQ_47B95BD115EA,6,25590.0,v0.1
INS_BAD603552485,REQ_2F0170C26DF0,7,12700.0,v0.1
INS_BAD603552485,REQ_714FB9019218,8,700.0,v0.1
INS_BAD603552485,REQ_B246229BAAA2,9,1580.0,v0.1
INS_BAD603552485,REQ_683B40B98F90,10,11730.0,v0.1
INS_BAD603552485,REQ_CCFF8EA202A2,11,540.0,v0.1
INS_BAD603552485,REQ_42BA3F62E030,12,1000.0,v0.1
INS_BAD603552485,REQ_8E5EF9B7D7D3,13,30000.0,v0.1
INS_BAD603552485,REQ_7EE4CD1EE281,14,30000.0,v0.1
INS_BAD603552485,REQ_059A073CCF36,15,1050.0,v0.1
INS_BAD603552485,REQ_52F02353004E,16,310.0,v0.1
INS_BAD603552485,REQ_8249328CC559,17,4800.0,v0.1
INS_BAD603552485,REQ_C2989DBF746F,18,2230.0,v0.1
INS_BAD603552485,REQ_5B0DA1881337,19,2130.0,v0.1
INS_BAD603552485,REQ_A221E70169D5,20,2370.0,v0.1
INS_BAD603552485,REQ_194B911AD308,21,7450.0,v0.1
INS_BAD603552485,REQ_978B8AF45CA6,22,1480.0,v0.1
INS_E360C04355E0,REQ_228DCCE6A829,0,26070.0,v0.1
INS_E360C04355E0,REQ_697A963AB3AC,1,12650.0,v0.1
INS_E360C04355E0,REQ_30262EAF6179,2,850.0,v0.1
INS_E360C04355E0,REQ_4906FC80D54D,3,9320.0,v0.1
INS_E360C04355E0,REQ_2227361FACDB,4,350.0,v0.1
INS_E360C04355E0,REQ_CB6B4686E195,5,12660.0,v0.1
INS_E360C04355E0,REQ_0D284A4294B3,6,850.0,v0.1
INS_E360C04355E0,REQ_E25F23B26A62,7,18080.0,v0.1
INS_E360C04355E0,REQ_60ECAA0AFCF7,8,30000.0,v0.1
INS_E360C04355E0,REQ_0A3FE09272E4,9,1350.0,v0.1
INS_E360C04355E0,REQ_E3AFAD11B9CE,10,30000.0,v0.1
INS_E360C04355E0,REQ_6762D2EA85F9,11,350.0,v0.1
INS_E360C04355E0,REQ_B708AFE1AFF7,12,600.0,v0.1
INS_E360C04355E0,REQ_7DDB5E6E375A,13,3879.9999999999995,v0.1
INS_E360C04355E0,REQ_0B4389B1765E,14,18290.0,v0.1
INS_E360C04355E0,REQ_B557D014AC5F,15,20210.0,v0.1
INS_54A562526FAB,REQ_B2462766331A,0,12450.0,v0.1
INS_54A562526FAB,REQ_B1A7FBDD17AC,1,2700.0,v0.1
INS_54A562526FAB,REQ_61FB61C3B8D3,2,4300.0,v0.1
INS_54A562526FAB,REQ_DC798C900EFA,3,27420.0,v0.1
INS_54A562526FAB,REQ_31D06A361ECC,4,700.0,v0.1
INS_54A562526FAB,REQ_CDDC31F207B0,5,15770.0,v0.1
INS_54A562526FAB,REQ_83F89A3E50BE,6,600.0,v0.1
INS_54A562526FAB,REQ_EBFCC6F576A0,7,2720.0,v0.1
INS_54A562526FAB,REQ_B24AD4FCAB76,8,8470.0,v0.1
INS_54A562526FAB,REQ_50DED2C7878A,9,300.0,v0.1
INS_54A562526FAB,REQ_75506E6C2CDD,10,6200.0,v0.1
INS_54A562526FAB,REQ_F492AFC52755,11,2100.0,v0.1
INS_54A562526FAB,REQ_5038B05DF01A,12,4910.0,v0.1
INS_54A562526FAB,REQ_59A1F6FAD454,13,2970.0,v0.1
INS_54A562526FAB,REQ_691C1EFB70AA,14,8800.0,v0.1
INS_54A562526FAB,REQ_3440757B6910,15,350.0,v0.1
INS_54A562526FAB,REQ_3C049172A4FB,16,2480.0,v0.1
INS_54A562526FAB,REQ_87B60459FCBA,17,350.0,v0.1
INS_54A562526FAB,REQ_75FC8CE370EF,18,4060.0,v0.1
INS_54A562526FAB,REQ_0122E41287AF,19,450.0,v0.1
INS_54A562526FAB,REQ_7B3BC85A485D,20,30000.0,v0.1
INS_54A562526FAB,REQ_D16B1B62A4D6,21,100.0,v0.1
INS_54A562526FAB,REQ_68170BAEFA2F,22,400.0,v0.1
INS_54A562526FAB,REQ_C22240C2A278,23,200.0,v0.1
INS_54A562526FAB,REQ_A88BABB804D7,24,750.0,v0.1
INS_54A562526FAB,REQ_9F255044D498,25,13900.0,v0.1
INS_54A562526FAB,REQ_365B32EEDD5A,26,4090.0,v0.1
INS_54A562526FAB,REQ_B31EE67E86CF,27,10110.0,v0.1
INS_54A562526FAB,REQ_5B06407F69FD,28,3430.0,v0.1
INS_54A562526FAB,REQ_A0D0C90042B2,29,760.0,v0.1
INS_8F51FF0FD71E,REQ_4E2EF82A2693,0,30000.0,v0.1
INS_8F51FF0FD71E,REQ_F1617BF506B8,1,3660.0,v0.1
INS_8F51FF0FD71E,REQ_18247FFF8DB5,2,22880.0,v0.1
INS_8F51FF0FD71E,REQ_BF534381D87B,3,26440.0,v0.1
INS_8F51FF0FD71E,REQ_3D12E63FF5EC,4,2240.0,v0.1
INS_8F51FF0FD71E,REQ_361EEF369117,5,15360.0,v0.1
INS_8F51FF0FD71E,REQ_70A8700A6E03,6,3090.0,v0.1
INS_8F51FF0FD71E,REQ_F7B279B548DB,7,26610.0,v0.1
INS_8F51FF0FD71E,REQ_4A2560DF8B79,8,520.0,v0.1
INS_8F51FF0FD71E,REQ_249F7AA4AFD5,9,260.0,v0.1
INS_8F51FF0FD71E,REQ_98C7BAA7FCF7,10,470.0,v0.1
INS_C32168C5595C,REQ_D17E2B85595D,0,1100.0,v0.1
INS_C32168C5595C,REQ_CF18424C27C9,1,1750.0,v0.1
INS_C32168C5595C,REQ_BFA0BC58437C,2,2160.0,v0.1
INS_C32168C5595C,REQ_B5D7E030482A,3,18070.0,v0.1
INS_C32168C5595C,REQ_071569E9C6EE,4,500.0,v0.1
INS_C32168C5595C,REQ_ADD8E27CC023,5,480.0,v0.1
INS_C32168C5595C,REQ_9F6B7F211B17,6,15090.0,v0.1
INS_C32168C5595C,REQ_56CAD80E236F,7,5610.0,v0.1
INS_C32168C5595C,REQ_A12B1AF5190E,8,13330.0,v0.1
INS_2FC295332BA9,REQ_5CB3314F49C3,0,30000.0,v0.1
INS_2FC295332BA9,REQ_290207E6E90E,1,20590.0,v0.1
INS_2FC295332BA9,REQ_ECEB0B1438B0,2,26630.0,v0.1
INS_2FC295332BA9,REQ_1FBD7665CEF8,3,30000.0,v0.1
INS_2FC295332BA9,REQ_B7AFBFEAA524,4,25850.0,v0.1
INS_2FC295332BA9,REQ_F79786BE1AE9,5,30000.0,v0.1
INS_2FC295332BA9,REQ_A3B267051658,6,22480.0,v0.1
INS_2FC295332BA9,REQ_456881F0BC67,7,30000.0,v0.1
INS_2FC295332BA9,REQ_44AC8A2E9FF7,8,19500.0,v0.1
INS_2FC295332BA9,REQ_90A4E616152A,9,27730.0,v0.1
INS_2FC295332BA9,REQ_F7DCAD255861,10,28220.0,v0.1
INS_2FC295332BA9,REQ_8495F52429CF,11,30000.0,v0.1
INS_2FC295332BA9,REQ_058AB67159C6,12,30000.0,v0.1
INS_2FC295332BA9,REQ_E74EE37E0E0B,13,13730.0,v0.1
INS_2FC295332BA9,REQ_D41663ABDA7E,14,18930.0,v0.1
INS_2FC295332BA9,REQ_7601CFF91624,15,30000.0,v0.1
INS_2FC295332BA9,REQ_7316E36FB9C5,16,12310.0,v0.1
INS_2FC295332BA9,REQ_EBCCFA1E6A7F,17,17640.0,v0.1
INS_2FC295332BA9,REQ_0305DEE325F4,18,27480.0,v0.1
INS_2FC295332BA9,REQ_9EF709420473,19,21920.0,v0.1
INS_9116E6494166,REQ_A88951DB6769,0,6850.0,v0.1
INS_9116E6494166,REQ_70AB4D192A67,1,30000.0,v0.1
INS_9116E6494166,REQ_95C454D31CF6,2,1270.0,v0.1
INS_9116E6494166,REQ_4E5524FD3E24,3,2350.0,v0.1
INS_9116E6494166,REQ_68CC5161FC94,4,670.0,v0.1
INS_9116E6494166,REQ_84CC175C259F,5,450.0,v0.1
INS_9116E6494166,REQ_69907E4110E6,6,13800.0,v0.1
INS_9116E6494166,REQ_D2403837B8C7,7,30000.0,v0.1
INS_9116E6494166,REQ_76B7EEC0AB2E,8,30000.0,v0.1
INS_9116E6494166,REQ_4402A371019F,9,1290.0,v0.1
INS_9116E6494166,REQ_F4CF554741F8,10,450.0,v0.1
INS_9116E6494166,REQ_223498CF7325,11,590.0,v0.1
INS_9116E6494166,REQ_3810C5E91F22,12,630.0,v0.1
INS_9116E6494166,REQ_EAF4AE0CB4D7,13,900.0,v0.1
INS_9116E6494166,REQ_2884264AC576,14,17420.0,v0.1
INS_9116E6494166,REQ_F126CF5FCB12,15,2130.0,v0.1
INS_9116E6494166,REQ_77B185F6D1CE,16,1150.0,v0.1
INS_9116E6494166,REQ_408CCCFB7DE2,17,2260.0,v0.1
INS_9116E6494166,REQ_61EC2A78DCA0,18,400.0,v0.1
INS_9116E6494166,REQ_FF0845CB39C9,19,620.0,v0.1
INS_9116E6494166,REQ_F969FFBB801A,20,7750.0,v0.1
INS_9116E6494166,REQ_4CAA2CD7C40E,21,10760.0,v0.1
INS_9116E6494166,REQ_FA6C2BC8BA76,22,30000.0,v0.1
INS_9116E6494166,REQ_97F494353323,23,280.0,v0.1
INS_9116E6494166,REQ_193CBC0B9E7E,24,1200.0,v0.1
INS_9116E6494166,REQ_56CAD80E236F,25,5610.0,v0.1
INS_9116E6494166,REQ_E205693C57A0,26,30000.0,v0.1
INS_88700F18E69F,REQ_67228848F4B9,0,2010.0000000000002,v0.1
INS_88700F18E69F,REQ_E2A1FD1B969B,1,1550.0,v0.1
INS_88700F18E69F,REQ_71162935DEE9,2,8630.0,v0.1
INS_88700F18E69F,REQ_E45C860F0B57,3,100.0,v0.1
INS_88700F18E69F,REQ_6827A21767B4,4,1600.0,v0.1
INS_88700F18E69F,REQ_632CD84BF5EF,5,3500.0,v0.1
INS_88700F18E69F,REQ_7015037C2725,6,3750.0,v0.1
INS_88700F18E69F,REQ_FC0125DB853A,7,1800.0,v0.1
INS_88700F18E69F,REQ_B2BA318831AC,8,13730.0,v0.1
INS_88700F18E69F,REQ_F151C7726B1B,9,1600.0,v0.1
INS_88700F18E69F,REQ_FF4E6E704D43,10,90.0,v0.1
INS_88700F18E69F,REQ_182A3EFCFD47,11,5810.0,v0.1
INS_88700F18E69F,REQ_B5C327D4FC88,12,8310.0,v0.1
INS_88700F18E69F,REQ_5F1F2B0B651E,13,770.0,v0.1
INS_88700F18E69F,REQ_7186314A6719,14,1900.0,v0.1
INS_88700F18E69F,REQ_65AB319F726B,15,1510.0,v0.1
INS_88700F18E69F,REQ_46C68A9259B7,16,1080.0,v0.1
INS_88700F18E69F,REQ_E1F0A0A03469,17,850.0,v0.1
INS_88700F18E69F,REQ_E0FABF11750B,18,6300.0,v0.1
INS_88700F18E69F,REQ_CC0C587EC0F4,19,3729.9999999999995,v0.1
INS_88700F18E69F,REQ_5A1D648BECB5,20,1120.0,v0.1
INS_88700F18E69F,REQ_02C430E03EB1,21,8840.0,v0.1
INS_88700F18E69F,REQ_1F10824A262C,22,22410.0,v0.1
INS_88700F18E69F,REQ_80FEEC43B5BE,23,240.0,v0.1
INS_88700F18E69F,REQ_288956639F85,24,880.0,v0.1
INS_88700F18E69F,REQ_249808A94F18,25,3280.0,v0.1
INS_88700F18E69F,REQ_6A3DB72020F7,26,500.0,v0.1
INS_88700F18E69F,REQ_58178F00995C,27,13040.0,v0.1
INS_88700F18E69F,REQ_79423BB29D43,28,1020.0,v0.1
INS_88700F18E69F,REQ_53F2E94E9421,29,680.0,v0.1
INS_FB4E5C914FD8,REQ_B5DF55636BE5,0,11380.0,v0.1
INS_FB4E5C914FD8,REQ_9DCCCDD8F621,1,1850.0,v0.1
INS_FB4E5C914FD8,REQ_5A26611C288D,2,780.0,v0.1
INS_FB4E5C914FD8,REQ_728DDDB512E2,3,15390.0,v0.1
INS_FB4E5C914FD8,REQ_B4A24CC53D96,4,700.0,v0.1
INS_FB4E5C914FD8,REQ_4CDB2E50BE33,5,1150.0,v0.1
INS_FB4E5C914FD8,REQ_1FABAA52BEB3,6,3940.0,v0.1
INS_FB4E5C914FD8,REQ_3C57D958700D,7,30000.0,v0.1
INS_FB4E5C914FD8,REQ_9713BF821640,8,9610.0,v0.1
INS_FB4E5C914FD8,REQ_0E0155C19CC3,9,19980.0,v0.1
INS_FB4E5C914FD8,REQ_72CAA28865E8,10,1610.0,v0.1
INS_FB4E5C914FD8,REQ_BF8630911444,11,2190.0,v0.1
INS_FB4E5C914FD8,REQ_E7F700D0A9D8,12,1130.0,v0.1
INS_FB4E5C914FD8,REQ_2EEC5049312D,13,30000.0,v0.1
INS_CB9412F3B6E6,REQ_5C84A79929CB,0,4710.0,v0.1
INS_CB9412F3B6E6,REQ_75E6B7AF068C,1,7559.999999999999,v0.1
INS_CB9412F3B6E6,REQ_6C4DE4E7D283,2,15790.0,v0.1
INS_CB9412F3B6E6,REQ_7FCC4E0BF2FC,3,15610.0,v0.1
INS_CB9412F3B6E6,REQ_9CCB9790A003,4,3650.0,v0.1
INS_CB9412F3B6E6,REQ_1FFFC69677B6,5,1410.0,v0.1
INS_CB9412F3B6E6,REQ_B2104E66F2AC,6,80.0,v0.1
INS_CB9412F3B6E6,REQ_FE1B229AD9D8,7,30000.0,v0.1
INS_CB9412F3B6E6,REQ_7DFE6F57A7CB,8,360.0,v0.1
INS_CB9412F3B6E6,REQ_D0C666B4243B,9,11400.0,v0.1
INS_CB9412F3B6E6,REQ_B9A2BCDCDC7B,10,310.0,v0.1
INS_CB9412F3B6E6,REQ_2F7B23B9BA13,11,26500.0,v0.1
INS_CB9412F3B6E6,REQ_6A34CADD70EB,12,840.0,v0.1
INS_CB9412F3B6E6,REQ_AF68296A4379,13,270.0,v0.1
INS_CB9412F3B6E6,REQ_D477868F8EA7,14,1390.0,v0.1
INS_CB9412F3B6E6,REQ_8B3F4CDA29CF,15,24420.0,v0.1
INS_CB9412F3B6E6,REQ_D62176546BA9,16,450.0,v0.1
INS_CB9412F3B6E6,REQ_4910AC8F4D2F,17,810.0,v0.1
INS_CB9412F3B6E6,REQ_A2BEDAF47211,18,19100.0,v0.1
INS_CB9412F3B6E6,REQ_F2AFC438D0DB,19,100.0,v0.1
INS_CB9412F3B6E6,REQ_BE56207A12D2,20,8850.0,v0.1
INS_CB9412F3B6E6,REQ_F92C623DB7B3,21,690.0,v0.1
INS_CB9412F3B6E6,REQ_2FDF400E8823,22,180.0,v0.1
INS_CB9412F3B6E6,REQ_0EF3132BFDF7,23,400.0,v0.1
INS_CB9412F3B6E6,REQ_8C15E616A467,24,370.0,v0.1
INS_CB9412F3B6E6,REQ_171583F180FE,25,14440.0,v0.1
INS_1CC90338262C,REQ_754815DAB900,0,30000.0,v0.1
INS_1CC90338262C,REQ_8BEBDFC315FC,1,15350.0,v0.1
INS_1CC90338262C,REQ_4CC2DA46AECF,2,30000.0,v0.1
INS_1CC90338262C,REQ_BA4765F3E68D,3,30000.0,v0.1
INS_1CC90338262C,REQ_05AC31DD7CD8,4,9310.0,v0.1
INS_1CC90338262C,REQ_8F909F86C457,5,17800.0,v0.1
INS_1CC90338262C,REQ_25F94CE4E455,6,30000.0,v0.1
INS_1CC90338262C,REQ_48C9BCADCABD,7,30000.0,v0.1
INS_1CC90338262C,REQ_43CCF80E4E99,8,30000.0,v0.1
INS_1CC90338262C,REQ_B928B17119AE,9,6080.0,v0.1
INS_1CC90338262C,REQ_0C29D1C7632C,10,30000.0,v0.1
INS_1CC90338262C,REQ_16000AC93CBF,11,17000.0,v0.1
INS_1CC90338262C,REQ_788FAF911A5E,12,550.0,v0.1
INS_1CC90338262C,REQ_89498E831993,13,30000.0,v0.1
INS_1CC90338262C,REQ_C21D9002E4B1,14,22540.0,v0.1
INS_64D9571E9773,REQ_C0E13C1300B8,0,5310.0,v0.1
INS_64D9571E9773,REQ_39A7C9F71D97,1,9950.0,v0.1
INS_64D9571E9773,REQ_E420D913E16D,2,30000.0,v0.1
INS_64D9571E9773,REQ_B06EE1FBD790,3,440.0,v0.1
INS_64D9571E9773,REQ_E263BC6E7C9A,4,30000.0,v0.1
INS_64D9571E9773,REQ_3606C5A57A52,5,320.0,v0.1
INS_64D9571E9773,REQ_94B1E3B8E770,6,30000.0,v0.1
INS_64D9571E9773,REQ_3E52F7FF91EF,7,30000.0,v0.1
INS_64D9571E9773,REQ_C298899600A4,8,11490.0,v0.1
INS_64D9571E9773,REQ_94608E003334,9,30000.0,v0.1
INS_64D9571E9773,REQ_361625296175,10,760.0,v0.1
INS_64D9571E9773,REQ_8375EEC9D338,11,30000.0,v0.1
INS_64D9571E9773,REQ_BBB2D0B068CA,12,2800.0,v0.1
INS_64D9571E9773,REQ_A6E56314B16D,13,25730.0,v0.1
INS_64D9571E9773,REQ_B28C9C438DBA,14,21460.0,v0.1
INS_64D9571E9773,REQ_778A17E1EDA1,15,650.0,v0.1
INS_64D9571E9773,REQ_4B31F931F746,16,3020.0,v0.1
INS_64D9571E9773,REQ_6B20DF372E10,17,480.0,v0.1
INS_64D9571E9773,REQ_96CAFFF38343,18,30000.0,v0.1
INS_64D9571E9773,REQ_F77F56A3553A,19,960.0,v0.1
INS_64D9571E9773,REQ_79D9DA8D86B2,20,1190.0,v0.1
INS_64D9571E9773,REQ_27B4C6F471BB,21,30000.0,v0.1
INS_64D9571E9773,REQ_311056F608DA,22,30000.0,v0.1
INS_64D9571E9773,REQ_F24631BB6CBF,23,30000.0,v0.1
INS_64D9571E9773,REQ_37FDAFE257BF,24,1430.0,v0.1
INS_64D9571E9773,REQ_C7FB76A9A779,25,700.0,v0.1
INS_64D9571E9773,REQ_360A8748CB18,26,30000.0,v0.1
INS_64D9571E9773,REQ_2A976635D27D,27,1240.0,v0.1
INS_64D9571E9773,REQ_A294F1D247C6,28,4930.0,v0.1
INS_64D9571E9773,REQ_CD46E38AE293,29,19010.0,v0.1
INS_64D9571E9773,REQ_D921980998A6,30,2820.0,v0.1
INS_64D9571E9773,REQ_F1BCE2171353,31,30000.0,v0.1
INS_64D9571E9773,REQ_FCA27A85AF7E,32,16470.0,v0.1
INS_64D9571E9773,REQ_03F878AF7420,33,30000.0,v0.1
INS_64D9571E9773,REQ_70BB444924A4,34,24690.0,v0.1
INS_64D9571E9773,REQ_231A91044222,35,600.0,v0.1
INS_64D9571E9773,REQ_50C163893990,36,330.0,v0.1
INS_30B902B30ED0,REQ_EE557363A73D,0,920.0,v0.1
INS_30B902B30ED0,REQ_699C051F8398,1,550.0,v0.1
INS_30B902B30ED0,REQ_211CD4F86418,2,1060.0,v0.1
INS_30B902B30ED0,REQ_C0ABAE348393,3,26180.0,v0.1
INS_30B902B30ED0,REQ_5B0A5CCEA574,4,30000.0,v0.1
INS_30B902B30ED0,REQ_04AB108325EC,5,700.0,v0.1
INS_30B902B30ED0,REQ_EBD360DD5B16,6,800.0,v0.1
INS_30B902B30ED0,REQ_3D1211D6D40D,7,620.0,v0.1
INS_30B902B30ED0,REQ_E1DE1558BD46,8,18160.0,v0.1
INS_30B902B30ED0,REQ_90B39E815036,9,20850.0,v0.1
INS_30B902B30ED0,REQ_BD76909C719F,10,30000.0,v0.1
INS_30B902B30ED0,REQ_AD3747E5431B,11,160.0,v0.1
INS_543D45AFB3CF,REQ_95484C482C7E,0,1020.0,v0.1
INS_543D45AFB3CF,REQ_E85FA3486415,1,30000.0,v0.1
INS_543D45AFB3CF,REQ_040FABC7A9E0,2,3940.0,v0.1
INS_543D45AFB3CF,REQ_126BDBA33585,3,600.0,v0.1
INS_543D45AFB3CF,REQ_7CAA9AA22AC6,4,2010.0000000000002,v0.1
INS_543D45AFB3CF,REQ_B9B0FD7600C8,5,570.0,v0.1
INS_543D45AFB3CF,REQ_CAC1EC056EE7,6,22250.0,v0.1
INS_543D45AFB3CF,REQ_7A284DD217A7,7,1040.0,v0.1
INS_543D45AFB3CF,REQ_8D7AD8A97548,8,1270.0,v0.1
INS_543D45AFB3CF,REQ_6A7A23178C66,9,900.0,v0.1
INS_543D45AFB3CF,REQ_CF6AC933C9F2,10,5290.0,v0.1
INS_543D45AFB3CF,REQ_E2C6E77D597D,11,5120.0,v0.1
INS_543D45AFB3CF,REQ_E225AC61396D,12,11580.0,v0.1
INS_543D45AFB3CF,REQ_EB7EACBC5598,13,400.0,v0.1
INS_508FB0E41A2F,REQ_DE9203F1E1E3,0,800.0,v0.1
INS_508FB0E41A2F,REQ_B16ACA10DFB8,1,3230.0,v0.1
INS_508FB0E41A2F,REQ_A7F8BFF04C5A,2,6550.0,v0.1
INS_508FB0E41A2F,REQ_135C5549CC79,3,1170.0,v0.1
INS_508FB0E41A2F,REQ_FE64B0153CFD,4,5500.0,v0.1
INS_508FB0E41A2F,REQ_2910C980B630,5,15650.0,v0.1
INS_508FB0E41A2F,REQ_8843907B9083,6,6280.0,v0.1
INS_508FB0E41A2F,REQ_A0207D7AB877,7,3700.0,v0.1
INS_508FB0E41A2F,REQ_84F106FCB017,8,4830.0,v0.1
INS_508FB0E41A2F,REQ_1B20A1BDDA5B,9,11770.0,v0.1
INS_508FB0E41A2F,REQ_61CA654A5DAC,10,26810.0,v0.1
INS_508FB0E41A2F,REQ_E83731D13E5F,11,22330.0,v0.1
INS_508FB0E41A2F,REQ_11F1740E2593,12,100.0,v0.1
INS_508FB0E41A2F,REQ_57187EA8E02A,13,12070.0,v0.1
INS_508FB0E41A2F,REQ_825C8C82FDB4,14,2200.0,v0.1
INS_508FB0E41A2F,REQ_5508B974400D,15,4450.0,v0.1
INS_508FB0E41A2F,REQ_8799A7D0F109,16,1689.9999999999998,v0.1
INS_508FB0E41A2F,REQ_A4732EC8929B,17,300.0,v0.1
INS_508FB0E41A2F,REQ_A4E7C9F4D6E7,18,11620.0,v0.1
INS_508FB0E41A2F,REQ_1C69077653F0,19,30000.0,v0.1
INS_508FB0E41A2F,REQ_7F57E402D542,20,8440.0,v0.1
INS_508FB0E41A2F,REQ_51807E8F1A70,21,19280.0,v0.1
INS_508FB0E41A2F,REQ_E67AE082EF68,22,180.0,v0.1
INS_508FB0E41A2F,REQ_7E1CE34E5D29,23,20140.0,v0.1
INS_508FB0E41A2F,REQ_30C40B196FF5,24,2740.0,v0.1
INS_508FB0E41A2F,REQ_5B8E166E7369,25,3650.0,v0.1
INS_508FB0E41A2F,REQ_71DC41EF8E15,26,1010.0,v0.1
INS_508FB0E41A2F,REQ_34C73DB34D57,27,30000.0,v0.1
INS_508FB0E41A2F,REQ_FDD4AE206DD5,28,6440.000000000001,v0.1
INS_508FB0E41A2F,REQ_FCFC15985E23,29,1000.0,v0.1
INS_508FB0E41A2F,REQ_00FF8C8E4CC7,30,200.0,v0.1
INS_508FB0E41A2F,REQ_E61FACF1A599,31,10080.0,v0.1
INS_508FB0E41A2F,REQ_A4E12C79F9B1,32,6250.0,v0.1
INS_508FB0E41A2F,REQ_6FFC68CA95B2,33,7730.0,v0.1
INS_508FB0E41A2F,REQ_7068B8D0932F,34,16780.0,v0.1
INS_508FB0E41A2F,REQ_0C0D3F0CB3B6,35,2029.9999999999998,v0.1
INS_508FB0E41A2F,REQ_94769A4ECC0B,36,3380.0,v0.1
INS_508FB0E41A2F,REQ_5704B3F354D5,37,10120.0,v0.1
INS_508FB0E41A2F,REQ_D869284B6A75,38,18020.0,v0.1
INS_508FB0E41A2F,REQ_0E3232667760,39,1000.0,v0.1
INS_508FB0E41A2F,REQ_AA3F197A14B0,40,2150.0,v0.1
INS_508FB0E41A2F,REQ_4F3235F7196A,41,3550.0,v0.1
INS_508FB0E41A2F,REQ_14F9AC136141,42,9930.0,v0.1
INS_508FB0E41A2F,REQ_72F92FBE4F7B,43,950.0,v0.1
INS_508FB0E41A2F,REQ_CC4C7445E9B5,44,2500.0,v0.1
INS_508FB0E41A2F,REQ_A1FF92EC1E47,45,3990.0,v0.1
INS_508FB0E41A2F,REQ_1F56804B86A9,46,4550.0,v0.1
INS_508FB0E41A2F,REQ_A68CC6E21E52,47,30000.0,v0.1
INS_508FB0E41A2F,REQ_62FB16DE0461,48,1839.9999999999998,v0.1
INS_508FB0E41A2F,REQ_538E6311055B,49,30000.0,v0.1
INS_508FB0E41A2F,REQ_EC36C40138C5,50,12000.0,v0.1
INS_508FB0E41A2F,REQ_C52E5503BF54,51,12790.0,v0.1
INS_508FB0E41A2F,REQ_4A5F476A77DC,52,3270.0,v0.1
INS_BAD11B1B688C,REQ_7D4442072398,0,680.0,v0.1
INS_BAD11B1B688C,REQ_B6CCD1BBEE5E,1,640.0,v0.1
INS_BAD11B1B688C,REQ_5063ACA9D0E4,2,2600.0,v0.1
INS_BAD11B1B688C,REQ_22CBD6D56B79,3,250.0,v0.1
INS_BAD11B1B688C,REQ_BBAECC813504,4,4870.0,v0.1
INS_BAD11B1B688C,REQ_A73A97CA28AE,5,18850.0,v0.1
INS_BAD11B1B688C,REQ_90C24A4CE2ED,6,1200.0,v0.1
INS_BAD11B1B688C,REQ_2870C1E89A7C,7,2290.0,v0.1
INS_BAD11B1B688C,REQ_3153503BEE5D,8,1960.0000000000002,v0.1
INS_BAD11B1B688C,REQ_38226CAA5820,9,500.0,v0.1
INS_BAD11B1B688C,REQ_EDCD6CE525E7,10,400.0,v0.1
INS_BAD11B1B688C,REQ_A4E9D352AA82,11,600.0,v0.1
INS_BAD11B1B688C,REQ_57A58981A586,12,3930.0,v0.1
INS_BAD11B1B688C,REQ_504D475441C4,13,9410.0,v0.1
INS_BAD11B1B688C,REQ_9FA0C39E6734,14,1150.0,v0.1
INS_BAD11B1B688C,REQ_520B0A353A53,15,5900.0,v0.1
INS_BAD11B1B688C,REQ_78C983D7B66F,16,4610.0,v0.1
INS_BAD11B1B688C,REQ_755ABEB262E1,17,550.0,v0.1
INS_BAD11B1B688C,REQ_28BB25733EED,18,660.0,v0.1
INS_BAD11B1B688C,REQ_1ECB4E3C1412,19,18510.0,v0.1
INS_BAD11B1B688C,REQ_C40C6F1449D6,20,16380.000000000002,v0.1
INS_FFA66968652A,REQ_9E8EDDFDF3F7,0,8160.0,v0.1
INS_FFA66968652A,REQ_B82F77813B27,1,10700.0,v0.1
INS_FFA66968652A,REQ_33DEAF0E3355,2,2550.0,v0.1
INS_FFA66968652A,REQ_4FEDCFFDAF08,3,150.0,v0.1
INS_FFA66968652A,REQ_7E61D5698435,4,4340.0,v0.1
INS_FFA66968652A,REQ_4734B082572B,5,30000.0,v0.1
INS_FFA66968652A,REQ_301F040F2692,6,30000.0,v0.1
INS_FFA66968652A,REQ_79D40552275A,7,19750.0,v0.1
INS_FFA66968652A,REQ_9E83650C3766,8,3170.0,v0.1
INS_FFA66968652A,REQ_A53547E26186,9,30000.0,v0.1
INS_FFA66968652A,REQ_D41C70A8CCAF,10,1580.0,v0.1
INS_FFA66968652A,REQ_913D7FA92F38,11,2150.0,v0.1
INS_FFA66968652A,REQ_85D3996DD4A7,12,370.0,v0.1
INS_FFA66968652A,REQ_F6C76CDBF6FF,13,24150.0,v0.1
INS_FFA66968652A,REQ_F42826C4342E,14,27560.0,v0.1
INS_FFA66968652A,REQ_906A836B7B3A,15,100.0,v0.1
INS_FFA66968652A,REQ_8B9BBF4FCB52,16,18170.0,v0.1
INS_FFA66968652A,REQ_A16DC7436FE2,17,23820.0,v0.1
INS_FFA66968652A,REQ_5F348F8DE26D,18,18860.0,v0.1
INS_FFA66968652A,REQ_246E5AE90726,19,540.0,v0.1
INS_FFA66968652A,REQ_6473BC31BD5A,20,1970.0,v0.1
INS_FFA66968652A,REQ_3BCCCDACE0F1,21,900.0,v0.1
INS_FFA66968652A,REQ_D4A2097F4E30,22,5240.0,v0.1
INS_F4DAEFE326F3,REQ_E74EE37E0E0B,0,13730.0,v0.1
INS_F4DAEFE326F3,REQ_9EF709420473,1,21920.0,v0.1
INS_F4DAEFE326F3,REQ_F7DCAD255861,2,28220.0,v0.1
INS_F4DAEFE326F3,REQ_1FBD7665CEF8,3,30000.0,v0.1
INS_F4DAEFE326F3,REQ_0305DEE325F4,4,27480.0,v0.1
INS_F4DAEFE326F3,REQ_7316E36FB9C5,5,12310.0,v0.1
INS_F4DAEFE326F3,REQ_A3B267051658,6,22480.0,v0.1
INS_F4DAEFE326F3,REQ_8495F52429CF,7,30000.0,v0.1
INS_F4DAEFE326F3,REQ_D41663ABDA7E,8,18930.0,v0.1
INS_F3C99D189440,REQ_DE018F0B7AE1,0,8710.0,v0.1
INS_F3C99D189440,REQ_748FC4A40031,1,830.0,v0.1
INS_F3C99D189440,REQ_978B8AF45CA6,2,1480.0,v0.1
INS_F3C99D189440,REQ_3F68460A91D4,3,30000.0,v0.1
INS_F3C99D189440,REQ_48A68F6F9737,4,28630.0,v0.1
INS_F3C99D189440,REQ_41DAE2D729B0,5,30000.0,v0.1
INS_F3C99D189440,REQ_CB6D1A3F54BB,6,1020.0,v0.1
INS_F3C99D189440,REQ_C218BDD55ACC,7,1680.0,v0.1
INS_F3C99D189440,REQ_4786EEEE152B,8,280.0,v0.1
INS_F3C99D189440,REQ_1E6E39FD7418,9,21860.0,v0.1
INS_F3C99D189440,REQ_A59AED1AD227,10,1060.0,v0.1
INS_F3C99D189440,REQ_F7047D3E3FDA,11,30000.0,v0.1
INS_2808F55B36FB,REQ_8CF3B14B5020,0,1200.0,v0.1
INS_2808F55B36FB,REQ_556130B054D2,1,5620.0,v0.1
INS_2808F55B36FB,REQ_DDA7268AAA4A,2,5300.0,v0.1
INS_2808F55B36FB,REQ_F63F1A1799ED,3,3950.0,v0.1
INS_2808F55B36FB,REQ_1CD1715C293F,4,30000.0,v0.1
INS_2808F55B36FB,REQ_9F8589B7F1AD,5,370.0,v0.1
INS_2808F55B36FB,REQ_DB594F5C2149,6,850.0,v0.1
INS_2808F55B36FB,REQ_1DB9AD417FBF,7,620.0,v0.1
INS_2808F55B36FB,REQ_24DBAFEB2A60,8,7470.0,v0.1
INS_2808F55B36FB,REQ_A63BE1A89C16,9,6860.0,v0.1
INS_2808F55B36FB,REQ_3B2CEE462043,10,1760.0000000000002,v0.1
INS_2808F55B36FB,REQ_11075F6E529A,11,5110.0,v0.1
INS_2808F55B36FB,REQ_B3928E4BD9B4,12,30000.0,v0.1
INS_8D5D8502542F,REQ_62804A0E3D2E,0,1800.0,v0.1
INS_8D5D8502542F,REQ_8779DF64E5AB,1,24280.0,v0.1
INS_8D5D8502542F,REQ_8CF3A5DC68D4,2,20980.0,v0.1
INS_8D5D8502542F,REQ_23F642F69C67,3,620.0,v0.1
INS_8D5D8502542F,REQ_9C22B50D6BAC,4,11470.0,v0.1
INS_8D5D8502542F,REQ_0A276871A2F5,5,16820.0,v0.1
INS_8D5D8502542F,REQ_6EAAEB7952E5,6,520.0,v0.1
INS_8D5D8502542F,REQ_6E4E29A65BA0,7,26920.0,v0.1
INS_199A9873B137,REQ_EC47B420D09D,0,28680.0,v0.1
INS_199A9873B137,REQ_3018215447D7,1,680.0,v0.1
INS_199A9873B137,REQ_15A5EE6C660D,2,21940.0,v0.1
INS_199A9873B137,REQ_E5DF2F39319E,3,1140.0,v0.1
INS_199A9873B137,REQ_EDB7925E26D5,4,1380.0,v0.1
INS_199A9873B137,REQ_2320C474B88F,5,30000.0,v0.1
INS_199A9873B137,REQ_7514CE6F48A3,6,350.0,v0.1
INS_199A9873B137,REQ_77DCCAB6157B,7,7580.0,v0.1
INS_199A9873B137,REQ_1844B18D00E1,8,1660.0000000000002,v0.1
INS_199A9873B137,REQ_81B83C42F326,9,1270.0,v0.1
INS_199A9873B137,REQ_AB876C096C9E,10,990.0,v0.1
INS_199A9873B137,REQ_1536A79B1A40,11,17760.0,v0.1
INS_199A9873B137,REQ_2AEC55AAF780,12,880.0,v0.1
INS_199A9873B137,REQ_A8106AA4BC2E,13,25000.0,v0.1
INS_199A9873B137,REQ_CC67F1804610,14,1600.0,v0.1
INS_199A9873B137,REQ_549C008D3466,15,7940.0,v0.1
INS_199A9873B137,REQ_407430148980,16,990.0,v0.1
INS_199A9873B137,REQ_597B26ECABD1,17,950.0,v0.1
INS_199A9873B137,REQ_448FAC8A46B4,18,30000.0,v0.1
INS_199A9873B137,REQ_4DEE818A8A19,19,20590.0,v0.1
INS_199A9873B137,REQ_4405EDEC3837,20,30000.0,v0.1
INS_199A9873B137,REQ_4FF9A82F1E2D,21,409.99999999999994,v0.1
INS_199A9873B137,REQ_8E3D4F0D5363,22,10830.0,v0.1
INS_199A9873B137,REQ_DF62D2DB35DC,23,30000.0,v0.1
INS_199A9873B137,REQ_95EF0D729B51,24,7250.0,v0.1
INS_199A9873B137,REQ_93EB95D3BF37,25,19010.0,v0.1
INS_199A9873B137,REQ_5E63F88EB100,26,30000.0,v0.1
INS_199A9873B137,REQ_10EFEE50264D,27,30000.0,v0.1
INS_199A9873B137,REQ_E8C8D27FDC36,28,9150.0,v0.1
INS_199A9873B137,REQ_DDD5F486F9EA,29,25970.0,v0.1
INS_199A9873B137,REQ_D68F4ECC44AD,30,5470.0,v0.1
INS_199A9873B137,REQ_B8B23206C8F3,31,29770.0,v0.1
INS_199A9873B137,REQ_B1CA0A9C4758,32,509.99999999999994,v0.1
INS_199A9873B137,REQ_1E6409D092FB,33,320.0,v0.1
INS_199A9873B137,REQ_1FD30B122716,34,30000.0,v0.1
INS_199A9873B137,REQ_708B5A5D5C22,35,1210.0,v0.1
INS_199A9873B137,REQ_969DD40745D2,36,8840.0,v0.1
INS_199A9873B137,REQ_81F017923849,37,560.0,v0.1
INS_199A9873B137,REQ_AC9172A4F424,38,8750.0,v0.1
INS_199A9873B137,REQ_312D9C63D0E0,39,1060.0,v0.1
INS_199A9873B137,REQ_9D4E183ACF53,40,1450.0,v0.1
INS_199A9873B137,REQ_445D0883A223,41,30000.0,v0.1
INS_199A9873B137,REQ_F60A7CCE4F34,42,9930.0,v0.1
INS_199A9873B137,REQ_D9A0734D29A8,43,9630.0,v0.1
INS_199A9873B137,REQ_65B56FF360B6,44,450.0,v0.1
INS_199A9873B137,REQ_596239391EE5,45,1720.0,v0.1
INS_199A9873B137,REQ_7B6E78055ED3,46,13520.0,v0.1
INS_199A9873B137,REQ_EBB57A372956,47,6980.0,v0.1
INS_199A9873B137,REQ_37247793D955,48,20710.0,v0.1
INS_199A9873B137,REQ_8CF8D3DC5D4F,49,25210.0,v0.1
INS_199A9873B137,REQ_196F5F428592,50,5320.0,v0.1
INS_199A9873B137,REQ_13268E9B1808,51,28590.0,v0.1
INS_135273738C47,REQ_BD3278D236A9,0,12460.0,v0.1
INS_135273738C47,REQ_E50524A96B19,1,20540.0,v0.1
INS_135273738C47,REQ_948820C577EE,2,30000.0,v0.1
INS_135273738C47,REQ_587E1EA10952,3,30000.0,v0.1
INS_135273738C47,REQ_C467DA777186,4,26070.0,v0.1
INS_135273738C47,REQ_D11FE85E3355,5,30000.0,v0.1
INS_135273738C47,REQ_8B90D2883DEA,6,30000.0,v0.1
INS_135273738C47,REQ_C6251C50FCA6,7,30000.0,v0.1
INS_135273738C47,REQ_74A931FA1079,8,18820.0,v0.1
INS_135273738C47,REQ_0391EBB527B6,9,30000.0,v0.1
INS_135273738C47,REQ_DED8AA21E0B6,10,29790.0,v0.1
INS_1024A2A09CC0,REQ_FEE4A225A350,0,570.0,v0.1
INS_1024A2A09CC0,REQ_AA3977B86084,1,9040.0,v0.1
INS_1024A2A09CC0,REQ_D0B8945A9B36,2,20290.0,v0.1
INS_1024A2A09CC0,REQ_CC23D346DFEB,3,720.0,v0.1
INS_1024A2A09CC0,REQ_DD550BDF3F4B,4,850.0,v0.1
INS_1024A2A09CC0,REQ_B27D739DCB80,5,26650.0,v0.1
INS_1024A2A09CC0,REQ_E1533F13F00E,6,1010.0,v0.1
INS_1024A2A09CC0,REQ_179403864327,7,30000.0,v0.1
INS_1024A2A09CC0,REQ_D1F570780BD5,8,250.0,v0.1
INS_1024A2A09CC0,REQ_2455A00D4FB1,9,19410.0,v0.1
INS_1024A2A09CC0,REQ_BEA1DE0E8282,10,20200.0,v0.1
INS_1024A2A09CC0,REQ_542823B12358,11,430.0,v0.1
INS_1024A2A09CC0,REQ_30262EAF6179,12,850.0,v0.1
INS_1024A2A09CC0,REQ_6727C700C8E7,13,14475.0,v0.1
INS_1024A2A09CC0,REQ_7D82C94960B4,14,1100.0,v0.1
INS_1024A2A09CC0,REQ_F5D1D0896DB1,15,30000.0,v0.1
INS_1024A2A09CC0,REQ_721CC092DD23,16,16180.0,v0.1
INS_D746F29770AD,REQ_C5717EA48175,0,1750.0,v0.1
INS_D746F29770AD,REQ_D554903867AF,1,720.0,v0.1
INS_D746F29770AD,REQ_19AFB300FD52,2,30000.0,v0.1
INS_D746F29770AD,REQ_2DB52ECE2200,3,13510.0,v0.1
INS_D746F29770AD,REQ_A63C6850422E,4,11490.0,v0.1
INS_D746F29770AD,REQ_67E9BE82FD7E,5,1820.0,v0.1
INS_D746F29770AD,REQ_7BA730B72B4F,6,30000.0,v0.1
INS_D746F29770AD,REQ_936412FC0D0E,7,2530.0,v0.1
INS_D746F29770AD,REQ_61B7D864120A,8,2510.0,v0.1
INS_1D6E35914E15,REQ_1A018F728DDD,0,23570.0,v0.1
INS_1D6E35914E15,REQ_F661A2A59AB5,1,1630.0,v0.1
INS_1D6E35914E15,REQ_51FC17C4D1E9,2,9960.0,v0.1
INS_1D6E35914E15,REQ_83D300AB74F9,3,30000.0,v0.1
INS_1D6E35914E15,REQ_F088477FB019,4,18200.0,v0.1
INS_1D6E35914E15,REQ_609D7C4EED03,5,3460.0,v0.1
INS_1D6E35914E15,REQ_27E0A190E2BC,6,8020.0,v0.1
INS_1D6E35914E15,REQ_CD0DE7C566DB,7,2400.0,v0.1
INS_1D6E35914E15,REQ_FBDEE5D480EC,8,14580.0,v0.1
INS_1D6E35914E15,REQ_E9B8A48FDDDE,9,23990.0,v0.1
INS_26124F7B26B6,REQ_B252B3190B09,0,250.0,v0.1
INS_26124F7B26B6,REQ_AB5897B13F9E,1,4990.0,v0.1
INS_26124F7B26B6,REQ_F1A9C29E7BDB,2,400.0,v0.1
INS_26124F7B26B6,REQ_A71A11C8874E,3,970.0,v0.1
INS_26124F7B26B6,REQ_C38398D1A72C,4,30000.0,v0.1
INS_26124F7B26B6,REQ_6F0E197812A1,5,9025.0,v0.1
INS_26124F7B26B6,REQ_6DDC5896F409,6,29739.999999999996,v0.1
INS_26124F7B26B6,REQ_2D7D280D6627,7,30000.0,v0.1
INS_26124F7B26B6,REQ_060DED9167D1,8,130.0,v0.1
INS_26124F7B26B6,REQ_3B68858BD266,9,870.0,v0.1
INS_26124F7B26B6,REQ_FE709887CAB8,10,1950.0,v0.1
INS_26124F7B26B6,REQ_1FC74EAC7B2D,11,5720.0,v0.1
INS_26124F7B26B6,REQ_BA569A76AD63,12,6470.0,v0.1
INS_26124F7B26B6,REQ_9E6EF202655C,13,750.0,v0.1
INS_26124F7B26B6,REQ_C10CEEF00FC9,14,450.0,v0.1
INS_26124F7B26B6,REQ_2E8E57A7C3E2,15,1600.0,v0.1
INS_26124F7B26B6,REQ_A33A045761F6,16,30000.0,v0.1
INS_26124F7B26B6,REQ_A05EF07E658C,17,950.0,v0.1
INS_26124F7B26B6,REQ_39465A02995E,18,850.0,v0.1
INS_26124F7B26B6,REQ_8864FEF9D467,19,17650.0,v0.1
INS_26124F7B26B6,REQ_EC67EB5BABD6,20,919.9999999999999,v0.1
INS_26124F7B26B6,REQ_F61773FC6D95,21,459.99999999999994,v0.1
INS_26124F7B26B6,REQ_E5DD80F9DE44,22,770.0,v0.1
INS_26124F7B26B6,REQ_A0B5823E4396,23,890.0,v0.1
INS_26124F7B26B6,REQ_B6512AFBC7D1,24,10980.0,v0.1
INS_26124F7B26B6,REQ_AFC9AC082573,25,3790.0,v0.1
INS_26124F7B26B6,REQ_5040D8A82693,26,2770.0,v0.1
INS_26124F7B26B6,REQ_A2757CE5EA02,27,10190.0,v0.1
INS_26124F7B26B6,REQ_F1671B392DCB,28,450.0,v0.1
INS_6457E018824D,REQ_75A7B434C971,0,30000.0,v0.1
INS_6457E018824D,REQ_B4EDA466E992,1,200.0,v0.1
INS_6457E018824D,REQ_552CF2FE4F8A,2,509.99999999999994,v0.1
INS_6457E018824D,REQ_98FB1DE41F79,3,500.0,v0.1
INS_6457E018824D,REQ_50B854B09498,4,560.0,v0.1
INS_6457E018824D,REQ_D87DA87E7FBC,5,100.0,v0.1
INS_6457E018824D,REQ_F1F610F0C25B,6,300.0,v0.1
INS_6457E018824D,REQ_F1034C58488C,7,459.99999999999994,v0.1
INS_6457E018824D,REQ_8A596ADDC6B5,8,19160.0,v0.1
INS_6457E018824D,REQ_D12BC1F02052,9,10130.0,v0.1
INS_6457E018824D,REQ_9169A32850AE,10,260.0,v0.1
INS_6457E018824D,REQ_98541E947F1D,11,1920.0,v0.1
INS_6457E018824D,REQ_94CFF6A1AE48,12,5690.0,v0.1
INS_6457E018824D,REQ_6E12C4FF770A,13,10400.0,v0.1
INS_6457E018824D,REQ_2460B2EDC42A,14,1540.0,v0.1
INS_6457E018824D,REQ_FCE180C3C273,15,26389.999999999996,v0.1
INS_6457E018824D,REQ_81DB55CC2313,16,25350.0,v0.1
INS_6457E018824D,REQ_C0992D66F80D,17,1080.0,v0.1
INS_6457E018824D,REQ_0E491877C88C,18,400.0,v0.1
INS_6457E018824D,REQ_D766F921BDBE,19,1050.0,v0.1
INS_6457E018824D,REQ_AF3DCAC9A71D,20,580.0,v0.1
INS_6457E018824D,REQ_0AA212354F11,21,1700.0,v0.1
INS_6457E018824D,REQ_3C84418D7CF5,22,1050.0,v0.1
INS_6457E018824D,REQ_D81DC469A8B5,23,7740.0,v0.1
INS_6457E018824D,REQ_7ABB2608057C,24,780.0,v0.1
INS_6457E018824D,REQ_D9D64C7A4B43,25,11600.0,v0.1
INS_6457E018824D,REQ_35FEEF0563AE,26,200.0,v0.1
INS_6457E018824D,REQ_0B7622492F34,27,21190.0,v0.1
INS_6457E018824D,REQ_D61EB21A3152,28,20140.0,v0.1
INS_6457E018824D,REQ_D7E388001900,29,28290.0,v0.1
INS_6457E018824D,REQ_BF45A1426D53,30,370.0,v0.1
INS_6457E018824D,REQ_5AC03F998A8D,31,1660.0000000000002,v0.1
INS_6457E018824D,REQ_9A1A9E46DD1F,32,1689.9999999999998,v0.1
INS_6457E018824D,REQ_B621478EFB7A,33,200.0,v0.1
INS_6457E018824D,REQ_19DC5A9D6A63,34,30000.0,v0.1
INS_6457E018824D,REQ_727CB61CAE70,35,1070.0,v0.1
INS_6457E018824D,REQ_0555C0C363F5,36,240.0,v0.1
INS_6457E018824D,REQ_AB50D1883C71,37,650.0,v0.1
INS_6457E018824D,REQ_5EF90481D0F8,38,30000.0,v0.1
INS_6457E018824D,REQ_204E4C8A0308,39,4470.0,v0.1
INS_6457E018824D,REQ_46BA0D3B5374,40,30000.0,v0.1
INS_2F79956A4003,REQ_D8431C3E6FA1,0,1350.0,v0.1
INS_2F79956A4003,REQ_40D38B922B85,1,1070.0,v0.1
INS_2F79956A4003,REQ_6A875ABBC552,2,3650.0,v0.1
INS_2F79956A4003,REQ_27573B58C40B,3,30000.0,v0.1
INS_2F79956A4003,REQ_F32D5923DF63,4,700.0,v0.1
INS_2F79956A4003,REQ_A98900A17C73,5,200.0,v0.1
INS_2F79956A4003,REQ_0439C4510B33,6,3200.0,v0.1
INS_2F79956A4003,REQ_034688197AB8,7,12000.0,v0.1
INS_2F79956A4003,REQ_A7B64C610CE5,8,740.0,v0.1
INS_2F79956A4003,REQ_5044E1700977,9,350.0,v0.1
INS_2F79956A4003,REQ_CA25D937364E,10,11100.0,v0.1
INS_2F79956A4003,REQ_A953EDCF02EB,11,200.0,v0.1
INS_2F79956A4003,REQ_21A81D3F2343,12,30000.0,v0.1
INS_2F79956A4003,REQ_861C44226119,13,30000.0,v0.1
INS_2F79956A4003,REQ_255AD214CC0A,14,1500.0,v0.1
INS_2F79956A4003,REQ_D28A4EE41699,15,13590.0,v0.1
INS_2F79956A4003,REQ_C06908BAAEE3,16,270.0,v0.1
INS_2F79956A4003,REQ_0F65D5BBDC14,17,1280.0,v0.1
INS_2F79956A4003,REQ_F38705A5101B,18,30000.0,v0.1
INS_2F79956A4003,REQ_23471186482D,19,3700.0,v0.1
INS_2F79956A4003,REQ_787DF0554CD6,20,30000.0,v0.1
INS_2F79956A4003,REQ_137E1FB1C150,21,7080.0,v0.1
INS_2F79956A4003,REQ_23E45069F0F1,22,10740.0,v0.1
INS_2F79956A4003,REQ_08E6FB5D2650,23,810.0,v0.1
INS_2F79956A4003,REQ_627CC9626DBD,24,900.0,v0.1
INS_2F79956A4003,REQ_410676AB1342,25,1990.0,v0.1
INS_2F79956A4003,REQ_C686F676A9EE,26,450.0,v0.1
INS_2F79956A4003,REQ_956F58BFDB89,27,80.0,v0.1
INS_2F79956A4003,REQ_CF632DD68839,28,15780.0,v0.1
INS_2F79956A4003,REQ_9FAD3EB85426,29,6050.0,v0.1
INS_2F79956A4003,REQ_4D0A0CC5CD9E,30,11870.0,v0.1
INS_2F79956A4003,REQ_2F6BBF379448,31,2840.0,v0.1
INS_2F79956A4003,REQ_07758D9C7C3E,32,1240.0,v0.1
INS_2F79956A4003,REQ_42BB5640A9F0,33,4880.0,v0.1
INS_2F79956A4003,REQ_1A40C80077BE,34,170.0,v0.1
INS_2F79956A4003,REQ_F8E3057965A9,35,1300.0,v0.1
INS_2F79956A4003,REQ_8CE6A1D4382D,36,550.0,v0.1
INS_2F79956A4003,REQ_A06299AB2FB0,37,10700.0,v0.1
INS_2F79956A4003,REQ_8EEE07C05E40,38,22240.0,v0.1
INS_2F79956A4003,REQ_8102B086D1BB,39,720.0,v0.1
INS_D9BF2C5A0429,REQ_BDE2F16E99C7,0,2100.0,v0.1
INS_D9BF2C5A0429,REQ_4E4FD894AD01,1,350.0,v0.1
INS_D9BF2C5A0429,REQ_514E81C06A59,2,30000.0,v0.1
INS_D9BF2C5A0429,REQ_AD2F4448CDF1,3,1639.9999999999998,v0.1
INS_D9BF2C5A0429,REQ_ED8B5005E576,4,1280.0,v0.1
INS_D9BF2C5A0429,REQ_BB97289BE6E7,5,310.0,v0.1
INS_D9BF2C5A0429,REQ_4C5D40E253FB,6,16410.0,v0.1
INS_D9BF2C5A0429,REQ_EDC07A30F602,7,9750.0,v0.1
INS_D9BF2C5A0429,REQ_3FCB583E8B17,8,20310.0,v0.1
INS_D9BF2C5A0429,REQ_F144ADDB80D8,9,14719.999999999998,v0.1
INS_D9BF2C5A0429,REQ_2AA1FD34780E,10,30000.0,v0.1
INS_D9BF2C5A0429,REQ_C600790D22D8,11,5600.0,v0.1
INS_D9BF2C5A0429,REQ_E384F8DDE739,12,23320.0,v0.1
INS_D9BF2C5A0429,REQ_BA814631DBE7,13,1300.0,v0.1
INS_E79B3BF864E0,REQ_DD6C4E9023E4,0,630.0,v0.1
INS_E79B3BF864E0,REQ_8540673066ED,1,30000.0,v0.1
INS_E79B3BF864E0,REQ_99F8B0E28E95,2,1200.0,v0.1
INS_E79B3BF864E0,REQ_78BAE4F43BA4,3,3640.0,v0.1
INS_E79B3BF864E0,REQ_4659D0684F96,4,1510.0,v0.1
INS_E79B3BF864E0,REQ_6F3F2814F722,5,5050.0,v0.1
INS_E79B3BF864E0,REQ_611A348F0E01,6,3630.0,v0.1
INS_E79B3BF864E0,REQ_A884253EBCFD,7,30000.0,v0.1
INS_E79B3BF864E0,REQ_20BB721A413E,8,16219.999999999998,v0.1
INS_E79B3BF864E0,REQ_DBB0BAF02B58,9,80.0,v0.1
INS_E79B3BF864E0,REQ_2CF58F721B72,10,9850.0,v0.1
INS_E79B3BF864E0,REQ_ADBF29C7A5ED,11,30000.0,v0.1
INS_E79B3BF864E0,REQ_6B4C8C72B9A8,12,9040.0,v0.1
INS_E79B3BF864E0,REQ_5659DFF54A2C,13,270.0,v0.1
INS_E79B3BF864E0,REQ_081CA024FA03,14,23840.0,v0.1
INS_E79B3BF864E0,REQ_14CD8EF603EE,15,270.0,v0.1
INS_E79B3BF864E0,REQ_F0E09107B64A,16,2510.0,v0.1
INS_E79B3BF864E0,REQ_B6B0059181B8,17,20540.0,v0.1
INS_E79B3BF864E0,REQ_F0C75B875600,18,1450.0,v0.1
INS_E79B3BF864E0,REQ_66C52B8403C1,19,6030.0,v0.1
INS_F01F5CD447DA,REQ_114934A131E7,0,1700.0,v0.1
INS_F01F5CD447DA,REQ_82E13BD0529C,1,10200.0,v0.1
INS_F01F5CD447DA,REQ_1FFC659B6557,2,690.0,v0.1
INS_F01F5CD447DA,REQ_7EA8B1B21007,3,1100.0,v0.1
INS_F01F5CD447DA,REQ_420B755B0175,4,650.0,v0.1
INS_F01F5CD447DA,REQ_408910617C9A,5,1370.0,v0.1
INS_F01F5CD447DA,REQ_E1F0A0A03469,6,850.0,v0.1
INS_F01F5CD447DA,REQ_F57D167474BD,7,11670.0,v0.1
INS_F01F5CD447DA,REQ_070B1D020DB7,8,650.0,v0.1
INS_F01F5CD447DA,REQ_66D467C06A40,9,23300.0,v0.1
INS_F01F5CD447DA,REQ_1613D586B793,10,14420.0,v0.1
INS_F01F5CD447DA,REQ_E2A1FD1B969B,11,1550.0,v0.1
INS_F01F5CD447DA,REQ_5C355CBAD0A7,12,3100.0,v0.1
INS_F01F5CD447DA,REQ_8BA95024BB83,13,9800.0,v0.1
INS_F01F5CD447DA,REQ_02C430E03EB1,14,8840.0,v0.1
INS_F01F5CD447DA,REQ_6A3DB72020F7,15,500.0,v0.1
INS_F01F5CD447DA,REQ_2100E88BF521,16,320.0,v0.1
INS_F01F5CD447DA,REQ_7B3421CD7F81,17,1610.0,v0.1
INS_F01F5CD447DA,REQ_E0FABF11750B,18,6300.0,v0.1
INS_F01F5CD447DA,REQ_81017EF418EB,19,1900.0,v0.1
INS_F01F5CD447DA,REQ_36B23B0E962C,20,3980.0,v0.1
INS_F01F5CD447DA,REQ_7246F1615C3F,21,20800.0,v0.1
INS_F01F5CD447DA,REQ_7880F47388E7,22,100.0,v0.1
INS_F01F5CD447DA,REQ_2E1FED552E95,23,730.0,v0.1
INS_F01F5CD447DA,REQ_3B901C0D5713,24,10830.0,v0.1
INS_F01F5CD447DA,REQ_BECD6C4716E7,25,520.0,v0.1
INS_F01F5CD447DA,REQ_E989FD494F00,26,27389.999999999996,v0.1
INS_F01F5CD447DA,REQ_9575572387D4,27,250.0,v0.1
INS_F01F5CD447DA,REQ_3647345C133E,28,750.0,v0.1
INS_F01F5CD447DA,REQ_868519E2D597,29,270.0,v0.1
INS_F01F5CD447DA,REQ_67923888FDEC,30,80.0,v0.1
INS_4BE1E6F7690C,REQ_DDE9B5958D87,0,2510.0,v0.1
INS_4BE1E6F7690C,REQ_7695B9B87C65,1,6659.999999999999,v0.1
INS_4BE1E6F7690C,REQ_230A7457D25C,2,30000.0,v0.1
INS_4BE1E6F7690C,REQ_00BEC4125978,3,800.0,v0.1
INS_4BE1E6F7690C,REQ_884E6279848C,4,19400.0,v0.1
INS_4BE1E6F7690C,REQ_34DCB282BEF2,5,30000.0,v0.1
INS_4BE1E6F7690C,REQ_C6B4FBC27481,6,8640.0,v0.1
INS_4BE1E6F7690C,REQ_B755776A9ADE,7,30000.0,v0.1
INS_4BE1E6F7690C,REQ_34AE9E69E152,8,1550.0,v0.1
INS_4BE1E6F7690C,REQ_64803EAF582C,9,560.0,v0.1
INS_4BE1E6F7690C,REQ_3E6768DA0833,10,810.0,v0.1
INS_4BE1E6F7690C,REQ_9B77CD1AB8E5,11,459.99999999999994,v0.1
INS_4BE1E6F7690C,REQ_0AEECE899116,12,270.0,v0.1
INS_4BE1E6F7690C,REQ_3F4A5EF21C39,13,30000.0,v0.1
INS_4BE1E6F7690C,REQ_6CA4EB920874,14,30000.0,v0.1
INS_4BE1E6F7690C,REQ_065CEC6FDFB7,15,750.0,v0.1
INS_4BE1E6F7690C,REQ_6F26E100E1C2,16,2300.0,v0.1
INS_4BE1E6F7690C,REQ_D8464A87EC30,17,360.0,v0.1
INS_4BE1E6F7690C,REQ_F76771719420,18,819.9999999999999,v0.1
INS_4BE1E6F7690C,REQ_71FF9689FC0E,19,3640.0,v0.1
INS_4BE1E6F7690C,REQ_F98D43DCE127,20,1900.0,v0.1
INS_4BE1E6F7690C,REQ_82DBF159345F,21,310.0,v0.1
INS_4BE1E6F7690C,REQ_0EF09E09EE8D,22,800.0,v0.1
INS_4BE1E6F7690C,REQ_BEDE67F642C7,23,12090.0,v0.1
INS_4BE1E6F7690C,REQ_B0B841E26C3F,24,30000.0,v0.1
INS_4BE1E6F7690C,REQ_C4A6F8DE5BA6,25,27160.000000000004,v0.1
INS_4BE1E6F7690C,REQ_B5AA40D3AF23,26,30000.0,v0.1
INS_4BE1E6F7690C,REQ_32008D99F258,27,1000.0,v0.1
INS_44ADB46E33C6,REQ_3D8C3A20AA21,0,7490.000000000001,v0.1
INS_44ADB46E33C6,REQ_EA71619AB13B,1,22330.0,v0.1
INS_44ADB46E33C6,REQ_1F8B6014C8A6,2,4000.0,v0.1
INS_44ADB46E33C6,REQ_AD8649BFF4DD,3,2050.0,v0.1
INS_44ADB46E33C6,REQ_9890667A8E94,4,350.0,v0.1
INS_44ADB46E33C6,REQ_979EF9D9363E,5,5810.0,v0.1
INS_44ADB46E33C6,REQ_902BA929E32D,6,1700.0,v0.1
INS_44ADB46E33C6,REQ_BE517E0531ED,7,3050.0,v0.1
INS_44ADB46E33C6,REQ_24BCF06373FA,8,2360.0,v0.1
INS_44ADB46E33C6,REQ_BCB4B2A22A86,9,4260.0,v0.1
INS_44ADB46E33C6,REQ_3588C156554A,10,30000.0,v0.1
INS_44ADB46E33C6,REQ_2FDD16C64BB7,11,2080.0,v0.1
INS_44ADB46E33C6,REQ_21BA45C4BA69,12,190.0,v0.1
INS_44ADB46E33C6,REQ_DF741546A8C3,13,2140.0,v0.1
INS_44ADB46E33C6,REQ_1B9CBD7F1DBA,14,1700.0,v0.1
INS_44ADB46E33C6,REQ_092DDD95D727,15,1490.0,v0.1
INS_44ADB46E33C6,REQ_6A25FEF481EB,16,1850.0,v0.1
INS_44ADB46E33C6,REQ_8C8A67AB9172,17,2890.0,v0.1
INS_44ADB46E33C6,REQ_73328300E17E,18,4810.0,v0.1
INS_44ADB46E33C6,REQ_33D999196CF6,19,30000.0,v0.1
INS_3A22FDA95A4E,REQ_6F360812B788,0,9220.0,v0.1
INS_3A22FDA95A4E,REQ_D2500AC89062,1,13519.999999999998,v0.1
INS_3A22FDA95A4E,REQ_25C197F0CBB4,2,440.00000000000006,v0.1
INS_3A22FDA95A4E,REQ_0FBB7A08C095,3,500.0,v0.1
INS_3A22FDA95A4E,REQ_177CEE982D51,4,100.0,v0.1
INS_3A22FDA95A4E,REQ_8B12E44344EE,5,200.0,v0.1
INS_3A22FDA95A4E,REQ_E7570921FD30,6,3850.0,v0.1
INS_3A22FDA95A4E,REQ_1BDB2AA89AEE,7,13490.0,v0.1
INS_3A22FDA95A4E,REQ_E63DE75C94BD,8,250.0,v0.1
INS_3A22FDA95A4E,REQ_BB22CEA56608,9,500.0,v0.1
INS_3A22FDA95A4E,REQ_D9226948CEE3,10,300.0,v0.1
INS_3A22FDA95A4E,REQ_8913B792E168,11,220.00000000000003,v0.1
INS_3A22FDA95A4E,REQ_153EF02BF03C,12,9530.0,v0.1
INS_3A22FDA95A4E,REQ_8BB7A0517888,13,6520.0,v0.1
INS_3A22FDA95A4E,REQ_1C208B5F06A3,14,14760.0,v0.1
INS_3A22FDA95A4E,REQ_1215583FA507,15,170.0,v0.1
INS_3A22FDA95A4E,REQ_2D8D3C2E36C0,16,170.0,v0.1
INS_3A22FDA95A4E,REQ_3CADB1F5F626,17,2040.0,v0.1
INS_3A22FDA95A4E,REQ_60928DD4F1F4,18,11500.0,v0.1
INS_3A22FDA95A4E,REQ_1EB62267C0F2,19,2190.0,v0.1
INS_3A22FDA95A4E,REQ_C2EE8F24D079,20,28160.000000000004,v0.1
INS_B85F985A669D,REQ_E217EB45503F,0,8680.0,v0.1
INS_B85F985A669D,REQ_5338B4DF7F26,1,6300.0,v0.1
INS_B85F985A669D,REQ_5D88AAD1F833,2,5680.0,v0.1
INS_B85F985A669D,REQ_72CAA28865E8,3,1610.0,v0.1
INS_B85F985A669D,REQ_ED6C7A607E06,4,4920.0,v0.1
INS_B85F985A669D,REQ_39D6CBE53DEC,5,30000.0,v0.1
INS_B85F985A669D,REQ_A03D66F00923,6,9460.0,v0.1
INS_B85F985A669D,REQ_8C5A7B697C28,7,30000.0,v0.1
INS_B85F985A669D,REQ_66D02E6F456A,8,3550.0,v0.1
INS_B85F985A669D,REQ_2EEC5049312D,9,30000.0,v0.1
INS_B85F985A669D,REQ_EEC57104CF09,10,409.99999999999994,v0.1
INS_B85F985A669D,REQ_3AA0AC6A4B57,11,15410.0,v0.1
INS_B85F985A669D,REQ_C244BA8E5602,12,30000.0,v0.1
INS_B85F985A669D,REQ_5C02C2E0ADFC,13,1140.0,v0.1
INS_B85F985A669D,REQ_E1F9AFE83265,14,18680.0,v0.1
INS_B85F985A669D,REQ_AB462094A7EC,15,30000.0,v0.1
INS_B85F985A669D,REQ_9AAFDDA3A34E,16,22490.0,v0.1
INS_B85F985A669D,REQ_2BD5A83B1127,17,3650.0,v0.1
INS_B85F985A669D,REQ_4B3E41B13AF7,18,11610.0,v0.1
INS_B85F985A669D,REQ_8BA9516C756F,19,360.0,v0.1
INS_AD460F88A826,REQ_3690D7D128AA,0,30000.0,v0.1
INS_AD460F88A826,REQ_641E6B8F8809,1,30000.0,v0.1
INS_AD460F88A826,REQ_C4380D45B096,2,2170.0,v0.1
INS_AD460F88A826,REQ_E62ECCC14446,3,13490.0,v0.1
INS_AD460F88A826,REQ_E1F74CC3512C,4,1060.0,v0.1
INS_AD460F88A826,REQ_9650D01382D0,5,30000.0,v0.1
INS_AD460F88A826,REQ_7EE25FD01096,6,4500.0,v0.1
INS_AD460F88A826,REQ_07BAC3F3E29B,7,10480.0,v0.1
INS_FF0BE5ABE5FC,REQ_09B4D3F33D04,0,2640.0,v0.1
INS_FF0BE5ABE5FC,REQ_2F8152DC5634,1,9730.0,v0.1
INS_FF0BE5ABE5FC,REQ_1860762F22B6,2,13950.0,v0.1
INS_FF0BE5ABE5FC,REQ_A7A75CF88293,3,570.0,v0.1
INS_FF0BE5ABE5FC,REQ_83BBE01A7108,4,30000.0,v0.1
INS_FF0BE5ABE5FC,REQ_990125A14FA7,5,30000.0,v0.1
INS_FF0BE5ABE5FC,REQ_A1E788221B0A,6,8840.0,v0.1
INS_FF0BE5ABE5FC,REQ_C6D091FB4C91,7,3920.0000000000005,v0.1
INS_FF0BE5ABE5FC,REQ_94E47DD0439D,8,11150.0,v0.1
INS_A792D31F9FA2,REQ_BBCB6F5C41EE,0,27060.0,v0.1
INS_A792D31F9FA2,REQ_FDD057568520,1,30000.0,v0.1
INS_A792D31F9FA2,REQ_EDCDD411CC74,2,30000.0,v0.1
INS_A792D31F9FA2,REQ_A7BC46973A10,3,15700.0,v0.1
INS_A792D31F9FA2,REQ_1FF03DAE2839,4,30000.0,v0.1
INS_A792D31F9FA2,REQ_8D6E1C7C1E4E,5,30000.0,v0.1
INS_A792D31F9FA2,REQ_57FD9283ECDD,6,13890.0,v0.1
INS_A792D31F9FA2,REQ_05284FE85B1C,7,25360.0,v0.1
INS_A792D31F9FA2,REQ_CBE58178588E,8,10570.0,v0.1
INS_A792D31F9FA2,REQ_C40ABD233FAB,9,30000.0,v0.1
INS_A792D31F9FA2,REQ_546A19D960B0,10,30000.0,v0.1
INS_A792D31F9FA2,REQ_811D4A5B9CC3,11,30000.0,v0.1
INS_A792D31F9FA2,REQ_5397DF010582,12,30000.0,v0.1
INS_D613E8C40905,REQ_9AC9366C96AA,0,3350.0,v0.1
INS_D613E8C40905,REQ_9BB479A78DDB,1,30000.0,v0.1
INS_D613E8C40905,REQ_4048CE5BFD38,2,5040.0,v0.1
INS_D613E8C40905,REQ_0751CE2CF34E,3,6280.0,v0.1
INS_D613E8C40905,REQ_08267190904C,4,930.0,v0.1
INS_D613E8C40905,REQ_241C1F39E3A1,5,850.0,v0.1
INS_D613E8C40905,REQ_5D4838549F41,6,900.0,v0.1
INS_D613E8C40905,REQ_FF7001D4CB11,7,1160.0,v0.1
INS_099323E57666,REQ_3221235CEB1B,0,30000.0,v0.1
INS_099323E57666,REQ_8195BB41CA5C,1,550.0,v0.1
INS_099323E57666,REQ_5AA426312973,2,920.0,v0.1
INS_099323E57666,REQ_B201E6B5AC83,3,1700.0,v0.1
INS_099323E57666,REQ_EFB94B676B58,4,16580.0,v0.1
INS_099323E57666,REQ_3224915F7F85,5,2550.0,v0.1
INS_099323E57666,REQ_0910BBAC5CD7,6,1790.0,v0.1
INS_099323E57666,REQ_DC11A5600508,7,970.0,v0.1
INS_099323E57666,REQ_FDDD8626A5F3,8,960.0,v0.1
INS_099323E57666,REQ_743072F0DD02,9,1670.0,v0.1
INS_099323E57666,REQ_23EE053D7A1D,10,1880.0,v0.1
INS_099323E57666,REQ_4460C45019E0,11,12060.0,v0.1
INS_099323E57666,REQ_75157B2C1585,12,140.0,v0.1
INS_099323E57666,REQ_754A847340B6,13,300.0,v0.1
INS_099323E57666,REQ_00B3AA496C85,14,869.9999999999999,v0.1
INS_099323E57666,REQ_FB46F0C8C6B8,15,850.0,v0.1
INS_099323E57666,REQ_39C42B1119AB,16,6570.0,v0.1
INS_099323E57666,REQ_DBD6D1CDA2DD,17,11550.0,v0.1
INS_099323E57666,REQ_F93507F6D03A,18,28550.0,v0.1
INS_099323E57666,REQ_A414B3C6809A,19,30000.0,v0.1
INS_099323E57666,REQ_C8D14B467F03,20,2890.0,v0.1
INS_099323E57666,REQ_D7E84A8CB4E1,21,1750.0,v0.1
INS_099323E57666,REQ_F5518AB0F222,22,750.0,v0.1
INS_099323E57666,REQ_CCD94892FC60,23,30000.0,v0.1
INS_099323E57666,REQ_7ABE8BAA5661,24,210.0,v0.1
INS_099323E57666,REQ_DB3554170156,25,950.0,v0.1
INS_099323E57666,REQ_C5A4CB19CB3B,26,21950.0,v0.1
INS_099323E57666,REQ_1DEF4872433B,27,2440.0,v0.1
INS_099323E57666,REQ_6EC789ED4AE6,28,1520.0,v0.1
INS_099323E57666,REQ_A8FCB08CF170,29,1150.0,v0.1
INS_099323E57666,REQ_92DD339A628D,30,9220.0,v0.1
INS_099323E57666,REQ_17CB30A1C1DF,31,10740.0,v0.1
INS_099323E57666,REQ_2C2C382E2DB2,32,6940.0,v0.1
INS_099323E57666,REQ_2FC148A1E91F,33,250.0,v0.1
INS_099323E57666,REQ_68603E888FB1,34,280.0,v0.1
INS_099323E57666,REQ_BBF5082AD190,35,14140.0,v0.1
INS_099323E57666,REQ_9A0F52F6D79B,36,2650.0,v0.1
INS_029CAFC75975,REQ_C178292B3454,0,1040.0,v0.1
INS_029CAFC75975,REQ_E65C35F1938E,1,950.0,v0.1
INS_029CAFC75975,REQ_81E907A08CB4,2,1100.0,v0.1
INS_029CAFC75975,REQ_390DB91BF4A5,3,2580.0,v0.1
INS_029CAFC75975,REQ_1A910078C614,4,760.0,v0.1
INS_029CAFC75975,REQ_7E6FF9CCAA42,5,1230.0,v0.1
INS_029CAFC75975,REQ_A1FF3FFFEE5F,6,450.0,v0.1
INS_029CAFC75975,REQ_B34352C75A25,7,10300.0,v0.1
INS_029CAFC75975,REQ_8411E5310CA6,8,4800.0,v0.1
INS_029CAFC75975,REQ_C1D8608ED031,9,1760.0,v0.1
INS_029CAFC75975,REQ_72BFB1E6226B,10,30000.0,v0.1
INS_029CAFC75975,REQ_AE6E19DA32AD,11,650.0,v0.1
INS_029CAFC75975,REQ_07C33BAA7EBE,12,1220.0,v0.1
INS_029CAFC75975,REQ_CDF567E49493,13,18650.0,v0.1
INS_029CAFC75975,REQ_78732EB4E752,14,1120.0,v0.1
INS_029CAFC75975,REQ_F74A16FBD130,15,30000.0,v0.1
INS_029CAFC75975,REQ_7D1F6B9BB9E2,16,6000.0,v0.1
INS_029CAFC75975,REQ_E0CAFDD396FA,17,5910.0,v0.1
INS_029CAFC75975,REQ_4FFE49E24AA7,18,21170.0,v0.1
INS_029CAFC75975,REQ_7B10951B0863,19,690.0,v0.1
INS_029CAFC75975,REQ_A6E9E45C2F2C,20,6859.999999999999,v0.1
INS_029CAFC75975,REQ_5628DC851857,21,16520.0,v0.1
INS_029CAFC75975,REQ_15C5E839D0A7,22,140.0,v0.1
INS_029CAFC75975,REQ_33E8FA80038F,23,200.0,v0.1
INS_32DDC3220375,REQ_D5F27ACB211F,0,7700.0,v0.1
INS_32DDC3220375,REQ_665EC8D56582,1,300.0,v0.1
INS_32DDC3220375,REQ_2886056121A9,2,6420.0,v0.1
INS_32DDC3220375,REQ_1C9DA336D244,3,710.0,v0.1
INS_32DDC3220375,REQ_80089640A1E8,4,22680.0,v0.1
INS_32DDC3220375,REQ_9C55A54CDE05,5,11470.0,v0.1
INS_32DDC3220375,REQ_8329C3D88CE9,6,110.00000000000001,v0.1
INS_32DDC3220375,REQ_59428E836BBB,7,180.0,v0.1
INS_32DDC3220375,REQ_67FBBDF77EC2,8,10170.0,v0.1
INS_32DDC3220375,REQ_57CFBA68BEE7,9,7770.0,v0.1
INS_32DDC3220375,REQ_20D4178BB2A9,10,16550.0,v0.1
INS_32DDC3220375,REQ_670FCACD5338,11,140.0,v0.1
INS_32DDC3220375,REQ_11A142D79C10,12,19350.0,v0.1
INS_32DDC3220375,REQ_6BAED77F0011,13,1770.0,v0.1
INS_32DDC3220375,REQ_6C07F7078969,14,8810.0,v0.1
INS_32DDC3220375,REQ_C340211C49FC,15,11375.0,v0.1
INS_32DDC3220375,REQ_FE69CF144F20,16,340.0,v0.1
INS_32DDC3220375,REQ_9D9690AB98F3,17,5270.0,v0.1
INS_32DDC3220375,REQ_E36F223AE32C,18,1720.0,v0.1
INS_32DDC3220375,REQ_CF5329BBF730,19,8290.0,v0.1
INS_32DDC3220375,REQ_D731E2520C8C,20,1510.0,v0.1
INS_32DDC3220375,REQ_04DC0EC91C52,21,28380.0,v0.1
INS_32DDC3220375,REQ_6E7861613908,22,100.0,v0.1
INS_32DDC3220375,REQ_3BC7431B9A8D,23,17580.0,v0.1
INS_32DDC3220375,REQ_C6BC8B71A508,24,6125.0,v0.1
INS_32DDC3220375,REQ_C87BF2BEE378,25,7359.999999999999,v0.1
INS_32DDC3220375,REQ_2C11796B73A4,26,4029.9999999999995,v0.1
INS_32DDC3220375,REQ_B23398652038,27,7725.0,v0.1
INS_32DDC3220375,REQ_C2EFD7886F3A,28,450.0,v0.1
INS_31A6DC28A493,REQ_27B4C6F471BB,0,30000.0,v0.1
INS_31A6DC28A493,REQ_311056F608DA,1,30000.0,v0.1
INS_31A6DC28A493,REQ_908CAF957017,2,1560.0,v0.1
INS_31A6DC28A493,REQ_62D161A096B6,3,8220.0,v0.1
INS_31A6DC28A493,REQ_3606C5A57A52,4,320.0,v0.1
INS_31A6DC28A493,REQ_F77F56A3553A,5,960.0,v0.1
INS_31A6DC28A493,REQ_D4DAF88A46F3,6,2720.0,v0.1
INS_31A6DC28A493,REQ_8375EEC9D338,7,30000.0,v0.1
INS_31A6DC28A493,REQ_5279345F6907,8,160.0,v0.1
INS_31A6DC28A493,REQ_5EB88076CE0B,9,3250.0,v0.1
INS_31A6DC28A493,REQ_50C163893990,10,330.0,v0.1
INS_31A6DC28A493,REQ_BA5680351D93,11,140.0,v0.1
INS_31A6DC28A493,REQ_15A905EC90C4,12,21350.0,v0.1
INS_31A6DC28A493,REQ_39A7C9F71D97,13,9950.0,v0.1
INS_31A6DC28A493,REQ_BBB2D0B068CA,14,2800.0,v0.1
INS_31A6DC28A493,REQ_557A644DF69E,15,30000.0,v0.1
INS_31A6DC28A493,REQ_D921980998A6,16,2820.0,v0.1
INS_31A6DC28A493,REQ_C4B0A7BD85F7,17,430.0,v0.1
INS_31A6DC28A493,REQ_04C5EB60AB97,18,30000.0,v0.1
INS_31A6DC28A493,REQ_CD46E38AE293,19,19010.0,v0.1
INS_31A6DC28A493,REQ_94608E003334,20,30000.0,v0.1
INS_31A6DC28A493,REQ_B06EE1FBD790,21,440.0,v0.1
INS_31A6DC28A493,REQ_BE03A802B4DF,22,1270.0,v0.1
INS_31A6DC28A493,REQ_F24631BB6CBF,23,30000.0,v0.1
INS_31A6DC28A493,REQ_9FBBDDD7FB3E,24,3980.0,v0.1
INS_31A6DC28A493,REQ_94B1E3B8E770,25,30000.0,v0.1
INS_2F961729F636,REQ_DAD67EDB4ED4,0,30290.0,v0.1
INS_2F961729F636,REQ_1472F9C509A1,1,5700.0,v0.1
INS_2F961729F636,REQ_5106B2B7B244,2,11990.0,v0.1
INS_2F961729F636,REQ_0D91D809D024,3,1050.0,v0.1
INS_2F961729F636,REQ_BB99A112A717,4,3470.0000000000005,v0.1
INS_2F961729F636,REQ_9075EBF2CB9D,5,20930.0,v0.1
INS_2F961729F636,REQ_DAAD29CCD2FD,6,1900.0,v0.1
INS_2F961729F636,REQ_2470033E23AC,7,1420.0,v0.1
INS_EA9E30E9BAD7,REQ_06344F6728CD,0,200.0,v0.1
INS_EA9E30E9BAD7,REQ_8B536E78FA6A,1,480.0,v0.1
INS_EA9E30E9BAD7,REQ_C2371FAE36CB,2,250.0,v0.1
INS_EA9E30E9BAD7,REQ_70907C1723EA,3,1520.0,v0.1
INS_EA9E30E9BAD7,REQ_54B9C996E7AC,4,30000.0,v0.1
INS_EA9E30E9BAD7,REQ_7B7934F08331,5,800.0,v0.1
INS_EA9E30E9BAD7,REQ_A81113AE39FF,6,19520.0,v0.1
INS_EA9E30E9BAD7,REQ_488C95E4189E,7,3550.0,v0.1
INS_EA9E30E9BAD7,REQ_0A44E89666EA,8,500.0,v0.1
INS_EA9E30E9BAD7,REQ_6C420F35F9DE,9,2080.0,v0.1
INS_EA9E30E9BAD7,REQ_6A1F4ECEEF7D,10,160.0,v0.1
INS_EA9E30E9BAD7,REQ_84CD142BB2C8,11,3690.0,v0.1
INS_EA9E30E9BAD7,REQ_B056A391EFBC,12,280.0,v0.1
INS_DD0F9E6206A0,REQ_8DE45CBAA239,0,1800.0,v0.1
INS_DD0F9E6206A0,REQ_2DCC01F66598,1,1450.0,v0.1
INS_DD0F9E6206A0,REQ_F83677D090A2,2,3890.0,v0.1
INS_DD0F9E6206A0,REQ_7BF3DD4989EB,3,4710.0,v0.1
INS_DD0F9E6206A0,REQ_77D69E581F42,4,13460.0,v0.1
INS_DD0F9E6206A0,REQ_D86AA64A74F2,5,30000.0,v0.1
INS_DD0F9E6206A0,REQ_A513D9D381C3,6,1490.0,v0.1
INS_DD0F9E6206A0,REQ_F0E16C97A453,7,14469.999999999998,v0.1
INS_DD0F9E6206A0,REQ_C058BABBE0D8,8,1140.0,v0.1
INS_D8CDCFBA6479,REQ_0A681F8EC45A,0,1100.0,v0.1
INS_D8CDCFBA6479,REQ_98B42D323E4F,1,23000.0,v0.1
INS_D8CDCFBA6479,REQ_4971558714ED,2,9840.0,v0.1
INS_D8CDCFBA6479,REQ_2CD7F90AB09E,3,5470.0,v0.1
INS_D8CDCFBA6479,REQ_C4233E70C73D,4,30000.0,v0.1
INS_D8CDCFBA6479,REQ_0DAD255D55D4,5,30000.0,v0.1
INS_D8CDCFBA6479,REQ_9D3B44E41888,6,11000.0,v0.1
INS_D8CDCFBA6479,REQ_AFFA8FABA295,7,10550.0,v0.1
INS_D8CDCFBA6479,REQ_89881E9BFB7F,8,340.0,v0.1
INS_D8CDCFBA6479,REQ_3580148AF3BC,9,1290.0,v0.1
INS_D8CDCFBA6479,REQ_4CA70A5DC192,10,660.0,v0.1
INS_D8CDCFBA6479,REQ_CE7255ED3058,11,600.0,v0.1
INS_999B74599FE5,REQ_46E51E8D1FD6,0,30000.0,v0.1
INS_999B74599FE5,REQ_BAD5094FC616,1,30000.0,v0.1
INS_999B74599FE5,REQ_725ACAF24939,2,30000.0,v0.1
INS_999B74599FE5,REQ_A7B945D73A87,3,30000.0,v0.1
INS_999B74599FE5,REQ_F26378D02269,4,30000.0,v0.1
INS_999B74599FE5,REQ_83460775ABB9,5,30000.0,v0.1
INS_999B74599FE5,REQ_3C110A7451AA,6,30000.0,v0.1
INS_999B74599FE5,REQ_C6B6CEDEAAEE,7,30000.0,v0.1
INS_8DC7C131CCA8,REQ_DC3703545022,0,2200.0,v0.1
INS_8DC7C131CCA8,REQ_33B01AF19B98,1,9460.0,v0.1
INS_8DC7C131CCA8,REQ_03F547274EEC,2,14830.0,v0.1
INS_8DC7C131CCA8,REQ_696A5E97D2DF,3,18310.0,v0.1
INS_8DC7C131CCA8,REQ_271EE63CBA33,4,2280.0,v0.1
INS_8DC7C131CCA8,REQ_A4732EC8929B,5,300.0,v0.1
INS_8DC7C131CCA8,REQ_B96408DAB9E1,6,2450.0,v0.1
INS_8DC7C131CCA8,REQ_34F079F2E10F,7,2160.0,v0.1
INS_8DC7C131CCA8,REQ_BF17E948DB6D,8,3450.0,v0.1
INS_8DC7C131CCA8,REQ_538E6311055B,9,30000.0,v0.1
INS_8DC7C131CCA8,REQ_7205FFC7F1BC,10,320.0,v0.1
INS_8DC7C131CCA8,REQ_A0207D7AB877,11,3700.0,v0.1
INS_8DC7C131CCA8,REQ_B7EEC93D9FE3,12,500.0,v0.1
INS_8DC7C131CCA8,REQ_05E21E458774,13,2630.0,v0.1
INS_8DC7C131CCA8,REQ_AA689C89C4C4,14,220.00000000000003,v0.1
INS_8DC7C131CCA8,REQ_FDD4AE206DD5,15,6440.000000000001,v0.1
INS_8DC7C131CCA8,REQ_910EC6093AE1,16,180.0,v0.1
INS_8DC7C131CCA8,REQ_62FB16DE0461,17,1839.9999999999998,v0.1
INS_8DC7C131CCA8,REQ_981CF96177D0,18,13850.0,v0.1
INS_8DC7C131CCA8,REQ_0C0D3F0CB3B6,19,2029.9999999999998,v0.1
INS_8DC7C131CCA8,REQ_ACED13BEEFE0,20,1750.0,v0.1
INS_8DC7C131CCA8,REQ_91DFC6486E80,21,2650.0,v0.1
INS_8DC7C131CCA8,REQ_E83731D13E5F,22,22330.0,v0.1
INS_8DC7C131CCA8,REQ_E9976B938B67,23,30000.0,v0.1
INS_8DC7C131CCA8,REQ_5508B974400D,24,4450.0,v0.1
INS_8DC7C131CCA8,REQ_C76089AE92C5,25,4040.0,v0.1
INS_8DC7C131CCA8,REQ_B4D36F209324,26,14870.0,v0.1
INS_8DC7C131CCA8,REQ_57187EA8E02A,27,12070.0,v0.1
INS_8DC7C131CCA8,REQ_70D6FAE9B2FF,28,250.0,v0.1
INS_8DC7C131CCA8,REQ_6D4E0DB0DB6E,29,1140.0,v0.1
INS_8DC7C131CCA8,REQ_B16ACA10DFB8,30,3230.0,v0.1
INS_8DC7C131CCA8,REQ_8D14411C5B7E,31,8790.0,v0.1
INS_8DC7C131CCA8,REQ_1B20A1BDDA5B,32,11770.0,v0.1
INS_8DC7C131CCA8,REQ_07FBF68D7C7C,33,350.0,v0.1
INS_8DC7C131CCA8,REQ_CC4C7445E9B5,34,2500.0,v0.1
INS_8DC7C131CCA8,REQ_E9898828FB07,35,919.9999999999999,v0.1
INS_8DC7C131CCA8,REQ_437F55158611,36,10440.0,v0.1
INS_8DC7C131CCA8,REQ_6157A23065B9,37,140.0,v0.1
INS_8DC7C131CCA8,REQ_135C5549CC79,38,1170.0,v0.1
INS_8DC7C131CCA8,REQ_D5FC0F11AF48,39,2130.0,v0.1
INS_8DC7C131CCA8,REQ_FE64B0153CFD,40,5500.0,v0.1
INS_8DC7C131CCA8,REQ_1C69077653F0,41,30000.0,v0.1
INS_8DC7C131CCA8,REQ_00817616E7DA,42,340.0,v0.1
INS_8DC7C131CCA8,REQ_C3376909AF9E,43,6550.0,v0.1
INS_8DC7C131CCA8,REQ_4A5F476A77DC,44,3270.0,v0.1
INS_8DC7C131CCA8,REQ_A1FF92EC1E47,45,3990.0,v0.1
INS_8DC7C131CCA8,REQ_C2EB3BE80C53,46,940.0,v0.1
INS_8DC7C131CCA8,REQ_60C4FB254D55,47,4780.0,v0.1
INS_8DC7C131CCA8,REQ_66BACBAC92C7,48,9680.0,v0.1
INS_8DC7C131CCA8,REQ_8AF8F47EDD3D,49,8010.0,v0.1
INS_8DC7C131CCA8,REQ_5894D64C974A,50,520.0,v0.1
INS_8DC7C131CCA8,REQ_AA3F197A14B0,51,2150.0,v0.1
INS_8DC7C131CCA8,REQ_2910C980B630,52,15650.0,v0.1
INS_8DC7C131CCA8,REQ_0E3232667760,53,1000.0,v0.1
INS_8DC7C131CCA8,REQ_84F106FCB017,54,4830.0,v0.1
INS_8DC7C131CCA8,REQ_F66F2D49B45A,55,30000.0,v0.1
INS_9B077567AD98,REQ_0A4DF53F36C6,0,1420.0,v0.1
INS_9B077567AD98,REQ_81E832633FC0,1,18220.0,v0.1
INS_9B077567AD98,REQ_90A61920EF7C,2,1740.0,v0.1
INS_9B077567AD98,REQ_699CE58671CD,3,4120.0,v0.1
INS_9B077567AD98,REQ_CCA2C323841F,4,14160.0,v0.1
INS_9B077567AD98,REQ_92A290BC9C81,5,3300.0,v0.1
INS_9B077567AD98,REQ_9AE9EEBF0508,6,450.0,v0.1
INS_9B077567AD98,REQ_E952969469B9,7,2590.0,v0.1
INS_9B077567AD98,REQ_296D63892447,8,310.0,v0.1
INS_9B077567AD98,REQ_7ACCB37B865E,9,3400.0,v0.1
INS_9B077567AD98,REQ_2FCFF2F31B50,10,500.0,v0.1
INS_9B077567AD98,REQ_DFD18D716C00,11,1260.0,v0.1
INS_9B077567AD98,REQ_801D64AD305C,12,21930.0,v0.1
INS_450991F9A825,REQ_05E617231F4B,0,500.0,v0.1
INS_450991F9A825,REQ_71F6F54D46F7,1,1340.0,v0.1
INS_450991F9A825,REQ_825E433E586B,2,2600.0,v0.1
INS_450991F9A825,REQ_219FC0579FB5,3,3000.0,v0.1
INS_450991F9A825,REQ_1DEA537C49C0,4,5290.0,v0.1
INS_450991F9A825,REQ_4C1DDF3B5E0D,5,1450.0,v0.1
INS_450991F9A825,REQ_6E3E6D74C967,6,4650.0,v0.1
INS_450991F9A825,REQ_824BB39F9AB9,7,30000.0,v0.1
INS_450991F9A825,REQ_27CF2AC229D9,8,3570.0,v0.1
INS_450991F9A825,REQ_C5A979482087,9,7100.0,v0.1
INS_450991F9A825,REQ_81C2C01131AB,10,1210.0,v0.1
INS_450991F9A825,REQ_977F85E71DA6,11,11000.0,v0.1
INS_4076BC16495C,REQ_7DC58BEA8AF0,0,30000.0,v0.1
INS_4076BC16495C,REQ_98BE0487939E,1,14820.0,v0.1
INS_4076BC16495C,REQ_66108919CC09,2,18930.0,v0.1
INS_4076BC16495C,REQ_1A1E66BE6867,3,30000.0,v0.1
INS_4076BC16495C,REQ_972044FB3724,4,969.9999999999999,v0.1
INS_4076BC16495C,REQ_95E77C6E68DD,5,13800.0,v0.1
INS_4076BC16495C,REQ_971381117570,6,10510.0,v0.1
INS_4076BC16495C,REQ_18FACE0D81FA,7,100.0,v0.1
INS_4076BC16495C,REQ_C49D050F4F95,8,22210.0,v0.1
INS_4076BC16495C,REQ_31A3AF63C33A,9,820.0,v0.1
INS_4076BC16495C,REQ_1C63D5362EA4,10,4250.0,v0.1
INS_4076BC16495C,REQ_60DCEE49F3BA,11,1150.0,v0.1
INS_69683E1815CD,REQ_2D7234950E98,0,650.0,v0.1
INS_69683E1815CD,REQ_F8356410EE1F,1,19410.0,v0.1
INS_69683E1815CD,REQ_326EB1D6D750,2,30000.0,v0.1
INS_69683E1815CD,REQ_916082562626,3,680.0,v0.1
INS_69683E1815CD,REQ_FE4A062EC260,4,360.0,v0.1
INS_69683E1815CD,REQ_9C511A59AE7E,5,30000.0,v0.1
INS_69683E1815CD,REQ_10C922F59573,6,250.0,v0.1
INS_69683E1815CD,REQ_800E6D461988,7,30000.0,v0.1
INS_69683E1815CD,REQ_CBFDACD6AA11,8,600.0,v0.1
INS_69683E1815CD,REQ_C56FD769D080,9,2370.0,v0.1
INS_69683E1815CD,REQ_850DC2A45C9D,10,950.0,v0.1
INS_69683E1815CD,REQ_819C1630F82D,11,1480.0,v0.1
INS_69683E1815CD,REQ_3E61BC0B1CC7,12,30000.0,v0.1
INS_69683E1815CD,REQ_9837DC1C8D1A,13,2300.0,v0.1
INS_69683E1815CD,REQ_90B85D916161,14,600.0,v0.1
INS_69683E1815CD,REQ_A1CEE4BCCA24,15,30000.0,v0.1
INS_69683E1815CD,REQ_C226F74171A8,16,600.0,v0.1
INS_69683E1815CD,REQ_132FEBC7A1F3,17,30000.0,v0.1
INS_69683E1815CD,REQ_0B9E3AD3B89E,18,30000.0,v0.1
INS_69683E1815CD,REQ_8C7A35C1F181,19,5020.0,v0.1
INS_69683E1815CD,REQ_2D0F5F47B50C,20,400.0,v0.1
INS_69683E1815CD,REQ_6FDF355C38A7,21,4760.0,v0.1
INS_69683E1815CD,REQ_6A7363134BF3,22,2600.0,v0.1
INS_69683E1815CD,REQ_B479697DD27A,23,15319.999999999998,v0.1
INS_69683E1815CD,REQ_0E18ADBD8F60,24,1900.0,v0.1
INS_69683E1815CD,REQ_5CACECF41450,25,9940.0,v0.1
INS_69683E1815CD,REQ_D9ACB0E92E69,26,500.0,v0.1
INS_69683E1815CD,REQ_34C21EB0A97A,27,18320.0,v0.1
INS_69683E1815CD,REQ_1AE16A77D5BA,28,2320.0,v0.1
INS_69683E1815CD,REQ_CE0BF3DD01AA,29,4740.0,v0.1
INS_69683E1815CD,REQ_40F2D43324E4,30,4190.0,v0.1
INS_69683E1815CD,REQ_D42036CAB0FB,31,22350.0,v0.1
INS_69683E1815CD,REQ_50EBD35AD376,32,30000.0,v0.1
INS_69683E1815CD,REQ_8F5978B3DBAC,33,440.0,v0.1
INS_69683E1815CD,REQ_0D8B22F33D36,34,950.0,v0.1
INS_69683E1815CD,REQ_426FC716A38E,35,3740.0,v0.1
INS_69683E1815CD,REQ_5CEAD7DDB6ED,36,18030.0,v0.1
INS_69683E1815CD,REQ_8D9439FAB18B,37,430.0,v0.1
INS_69683E1815CD,REQ_9B9AAC7200B8,38,300.0,v0.1
INS_69683E1815CD,REQ_51D479708442,39,30000.0,v0.1
INS_69683E1815CD,REQ_979ED3AC8A38,40,3760.0,v0.1
INS_69683E1815CD,REQ_EEB5D001E7B2,41,2830.0,v0.1
INS_69683E1815CD,REQ_ECEE41761F38,42,21730.0,v0.1
INS_69683E1815CD,REQ_9F67206318F3,43,1550.0,v0.1
INS_69683E1815CD,REQ_75CB7D6B6390,44,30000.0,v0.1
INS_69683E1815CD,REQ_AE9CF921F250,45,30000.0,v0.1
INS_69683E1815CD,REQ_5300FF45CEAC,46,750.0,v0.1
INS_69683E1815CD,REQ_78CFFA518527,47,30000.0,v0.1
INS_69683E1815CD,REQ_84231661535F,48,30000.0,v0.1
INS_69683E1815CD,REQ_33F416A1DD44,49,440.0,v0.1
INS_69683E1815CD,REQ_5BEB9BBA6BF0,50,420.0,v0.1
INS_69683E1815CD,REQ_5FBF018FC6F6,51,21910.0,v0.1
INS_69683E1815CD,REQ_F19EB2D4DDE4,52,1570.0,v0.1
INS_69683E1815CD,REQ_5BE6A4E6D70C,53,1360.0,v0.1
INS_69683E1815CD,REQ_F68A30F1216F,54,800.0,v0.1
INS_69683E1815CD,REQ_CA8D8D5DD7A5,55,430.0,v0.1
INS_F12A1CC684DD,REQ_E44CB1EF41DA,0,1350.0,v0.1
INS_F12A1CC684DD,REQ_63B2CF1EEE19,1,3440.0,v0.1
INS_F12A1CC684DD,REQ_BE41B1D56AE1,2,950.0,v0.1
INS_F12A1CC684DD,REQ_C26EF73B6170,3,600.0,v0.1
INS_F12A1CC684DD,REQ_5A82005A8A5F,4,11840.0,v0.1
INS_F12A1CC684DD,REQ_2E2AF77F2E44,5,450.0,v0.1
INS_F12A1CC684DD,REQ_779A5BE2F6AC,6,11230.0,v0.1
INS_F12A1CC684DD,REQ_894EF11359C2,7,11790.0,v0.1
INS_F12A1CC684DD,REQ_4BCB9BD8B793,8,2330.0,v0.1
INS_F12A1CC684DD,REQ_2C7468CCFF2B,9,570.0,v0.1
INS_F12A1CC684DD,REQ_2BF261D11A88,10,30000.0,v0.1
INS_F12A1CC684DD,REQ_D7DA7401F861,11,26820.0,v0.1
INS_F12A1CC684DD,REQ_80D36FD0EDD2,12,530.0,v0.1
INS_F12A1CC684DD,REQ_2F3FDB480DBD,13,480.0,v0.1
INS_F12A1CC684DD,REQ_9AE806AC1AAF,14,1150.0,v0.1
INS_7ADC2F1A7778,REQ_A095E3AC1D21,0,30000.0,v0.1
INS_7ADC2F1A7778,REQ_24B4F438D94F,1,30000.0,v0.1
INS_7ADC2F1A7778,REQ_B2B151895B58,2,30000.0,v0.1
INS_7ADC2F1A7778,REQ_18D05FE184DB,3,30000.0,v0.1
INS_7ADC2F1A7778,REQ_A683694C8366,4,30000.0,v0.1
INS_7ADC2F1A7778,REQ_3D137029DB76,5,30000.0,v0.1
INS_7ADC2F1A7778,REQ_B65209DD6FB1,6,30000.0,v0.1
INS_7ADC2F1A7778,REQ_BC3AE572C21A,7,30000.0,v0.1
INS_72A7FFB67640,REQ_A683694C8366,0,30000.0,v0.1
INS_72A7FFB67640,REQ_B65209DD6FB1,1,30000.0,v0.1
INS_72A7FFB67640,REQ_BC3AE572C21A,2,30000.0,v0.1
INS_72A7FFB67640,REQ_3D137029DB76,3,30000.0,v0.1
INS_72A7FFB67640,REQ_18D05FE184DB,4,30000.0,v0.1
INS_72A7FFB67640,REQ_24B4F438D94F,5,30000.0,v0.1
INS_72A7FFB67640,REQ_B2B151895B58,6,30000.0,v0.1
INS_72A7FFB67640,REQ_A095E3AC1D21,7,30000.0,v0.1
INS_96347EE84F58,REQ_891E3FF7D3C8,0,3050.0,v0.1
INS_96347EE84F58,REQ_798ADCEF7F03,1,229.99999999999997,v0.1
INS_96347EE84F58,REQ_66108919CC09,2,18930.0,v0.1
INS_96347EE84F58,REQ_033EC6B1CBC9,3,30000.0,v0.1
INS_96347EE84F58,REQ_002F799CBC18,4,2000.0,v0.1
INS_96347EE84F58,REQ_727D34239145,5,2680.0,v0.1
INS_96347EE84F58,REQ_65E2D4A32284,6,2100.0,v0.1
INS_96347EE84F58,REQ_D0297ED43C1C,7,12300.0,v0.1
INS_96347EE84F58,REQ_6D4B85929A8A,8,9650.0,v0.1
INS_96347EE84F58,REQ_7CF4E129CDDD,9,21490.0,v0.1
INS_96347EE84F58,REQ_95E77C6E68DD,10,13800.0,v0.1
INS_96347EE84F58,REQ_8876E7D12559,11,30000.0,v0.1
INS_96347EE84F58,REQ_80FE5F1EE582,12,1600.0,v0.1
INS_5FFEA8594C51,REQ_C40ABD233FAB,0,30000.0,v0.1
INS_5FFEA8594C51,REQ_D6A702805405,1,13950.0,v0.1
INS_5FFEA8594C51,REQ_D83381E9970B,2,30000.0,v0.1
INS_5FFEA8594C51,REQ_7CF9F5A90A05,3,14280.0,v0.1
INS_5FFEA8594C51,REQ_8F717200F89D,4,11430.0,v0.1
INS_5FFEA8594C51,REQ_05284FE85B1C,5,25360.0,v0.1
INS_5FFEA8594C51,REQ_8D6E1C7C1E4E,6,30000.0,v0.1
INS_5FFEA8594C51,REQ_BBCB6F5C41EE,7,27060.0,v0.1
INS_5FFEA8594C51,REQ_811D4A5B9CC3,8,30000.0,v0.1
INS_5FFEA8594C51,REQ_546A19D960B0,9,30000.0,v0.1
INS_5FFEA8594C51,REQ_5397DF010582,10,30000.0,v0.1
INS_5FFEA8594C51,REQ_1FF03DAE2839,11,30000.0,v0.1
INS_5FFEA8594C51,REQ_EDCDD411CC74,12,30000.0,v0.1
INS_5FFEA8594C51,REQ_FDD057568520,13,30000.0,v0.1
INS_5FFEA8594C51,REQ_A7BC46973A10,14,15700.0,v0.1
INS_5FFEA8594C51,REQ_57FD9283ECDD,15,13890.0,v0.1
INS_5FFEA8594C51,REQ_3EEBB86092EC,16,30000.0,v0.1
INS_5FFEA8594C51,REQ_CBE58178588E,17,10570.0,v0.1
INS_B5700F278736,REQ_0CBB60E110D3,0,1550.0,v0.1
INS_B5700F278736,REQ_B64F65CC1B0B,1,1180.0,v0.1
INS_B5700F278736,REQ_1437AA719D1A,2,30000.0,v0.1
INS_B5700F278736,REQ_44B5EE704280,3,3050.0,v0.1
INS_B5700F278736,REQ_9EC23CC4FAC4,4,2300.0,v0.1
INS_B5700F278736,REQ_55865FBB8C68,5,250.0,v0.1
INS_B5700F278736,REQ_DBB0BAF02B58,6,80.0,v0.1
INS_B5700F278736,REQ_C0E49F2D07FD,7,10040.0,v0.1
INS_B5700F278736,REQ_1DC74487E6E3,8,6680.0,v0.1
INS_5EC3D037FDF3,REQ_334BEB215856,0,2840.0,v0.1
INS_5EC3D037FDF3,REQ_1721E68242FC,1,2560.0,v0.1
INS_5EC3D037FDF3,REQ_D41201FEE239,2,360.0,v0.1
INS_5EC3D037FDF3,REQ_E894881CB662,3,2400.0,v0.1
INS_5EC3D037FDF3,REQ_E835FA2F7A38,4,300.0,v0.1
INS_5EC3D037FDF3,REQ_DC6183A772D6,5,100.0,v0.1
INS_5EC3D037FDF3,REQ_77244DB08E36,6,4600.0,v0.1
INS_5EC3D037FDF3,REQ_8FDBB47164EE,7,1540.0,v0.1
INS_5EC3D037FDF3,REQ_61C76222FB53,8,9390.0,v0.1
INS_5EC3D037FDF3,REQ_3479B12D31B3,9,1500.0,v0.1
INS_5EC3D037FDF3,REQ_611C1D2F437A,10,4530.0,v0.1
INS_5EC3D037FDF3,REQ_DE35542B3BAE,11,2650.0,v0.1
INS_5EC3D037FDF3,REQ_6E2820A82B4A,12,16650.0,v0.1
INS_5EC3D037FDF3,REQ_6D118D5EA945,13,5920.0,v0.1
INS_5EC3D037FDF3,REQ_10BAFF6D8A6A,14,790.0,v0.1
INS_5EC3D037FDF3,REQ_6882B93DFDA4,15,6100.0,v0.1
INS_5EC3D037FDF3,REQ_BF5EB4B08B26,16,10830.0,v0.1
INS_5EC3D037FDF3,REQ_5C69C893AA15,17,150.0,v0.1
INS_5EC3D037FDF3,REQ_832513955C46,18,11440.0,v0.1
INS_5EC3D037FDF3,REQ_FF7A4E569DDF,19,210.0,v0.1
INS_5EC3D037FDF3,REQ_B68D7C07104C,20,30000.0,v0.1
INS_5EC3D037FDF3,REQ_AFB24563E6AC,21,8420.0,v0.1
INS_5EC3D037FDF3,REQ_ADCE212CBA2F,22,250.0,v0.1
INS_5EC3D037FDF3,REQ_243B746878E3,23,30000.0,v0.1
INS_5EC3D037FDF3,REQ_3609B3D48979,24,500.0,v0.1
INS_5EC3D037FDF3,REQ_B5A951A1FE6C,25,100.0,v0.1
INS_5EC3D037FDF3,REQ_EF7331051364,26,1000.0,v0.1
INS_5EC3D037FDF3,REQ_1637A42798C7,27,5690.0,v0.1
INS_5EC3D037FDF3,REQ_9D22CE7E3594,28,4110.0,v0.1
INS_5EC3D037FDF3,REQ_E8E53A593379,29,7330.0,v0.1
INS_5EC3D037FDF3,REQ_C15E9D2FC5FF,30,3360.0,v0.1
INS_5EC3D037FDF3,REQ_6AAA820BFD7F,31,1910.0000000000002,v0.1
INS_5EC3D037FDF3,REQ_E5EB8319AC45,32,1650.0,v0.1
INS_5EC3D037FDF3,REQ_D69611CE8033,33,3390.0,v0.1
INS_5EC3D037FDF3,REQ_C520E23274CB,34,8790.0,v0.1
INS_5EC3D037FDF3,REQ_BED8542495C3,35,2340.0,v0.1
INS_AB10CE16A95F,REQ_3F2AC957EF66,0,5130.0,v0.1
INS_AB10CE16A95F,REQ_177C97AC7AA1,1,810.0,v0.1
INS_AB10CE16A95F,REQ_712B9A1534C8,2,1510.0,v0.1
INS_AB10CE16A95F,REQ_CC08404C0997,3,21850.0,v0.1
INS_AB10CE16A95F,REQ_F37340CE5A14,4,30000.0,v0.1
INS_AB10CE16A95F,REQ_E38183CC9521,5,3970.0000000000005,v0.1
INS_AB10CE16A95F,REQ_03DA5B9ACA03,6,6550.0,v0.1
INS_AB10CE16A95F,REQ_F6630F709884,7,5460.0,v0.1
INS_AB10CE16A95F,REQ_548ED3E32649,8,1760.0000000000002,v0.1
INS_7B17EB6F08C8,REQ_F4CF554741F8,0,450.0,v0.1
INS_7B17EB6F08C8,REQ_17C068D3F0C9,1,6860.0,v0.1
INS_7B17EB6F08C8,REQ_F2989CF21949,2,19000.0,v0.1
INS_7B17EB6F08C8,REQ_4BFF7CE034B7,3,10250.0,v0.1
INS_7B17EB6F08C8,REQ_D35F82BFD056,4,8200.0,v0.1
INS_7B17EB6F08C8,REQ_2041FD1C2FD6,5,630.0,v0.1
INS_7B17EB6F08C8,REQ_ADB087E14A9B,6,520.0,v0.1
INS_7B17EB6F08C8,REQ_61EC2A78DCA0,7,400.0,v0.1
INS_7B17EB6F08C8,REQ_6467AD619765,8,6210.0,v0.1
INS_7B17EB6F08C8,REQ_29AEDE1CCED4,9,760.0,v0.1
INS_7B17EB6F08C8,REQ_A44EDC637760,10,1630.0,v0.1
INS_7B17EB6F08C8,REQ_263DEBE0736B,11,30000.0,v0.1
INS_7B17EB6F08C8,REQ_97C697DC28CA,12,15000.0,v0.1
INS_7B17EB6F08C8,REQ_966D269F8D0F,13,5950.0,v0.1
INS_7B17EB6F08C8,REQ_53B48A18AC1A,14,24430.0,v0.1
INS_7B17EB6F08C8,REQ_ACB16A2EF033,15,5840.0,v0.1
INS_7B17EB6F08C8,REQ_CF18424C27C9,16,1750.0,v0.1
INS_7B17EB6F08C8,REQ_F3D47B5A64BC,17,5040.0,v0.1
INS_7B17EB6F08C8,REQ_967BAC03701B,18,1050.0,v0.1
INS_7B17EB6F08C8,REQ_1AF495868F9D,19,2660.0,v0.1
INS_7B17EB6F08C8,REQ_2EB44AB0BE89,20,28180.0,v0.1
INS_7B17EB6F08C8,REQ_244830AF6F6D,21,2450.0,v0.1
INS_7B17EB6F08C8,REQ_3B5EC8BC15A2,22,7510.0,v0.1
INS_7B17EB6F08C8,REQ_B60D909C857D,23,20780.0,v0.1
INS_7B17EB6F08C8,REQ_9BF53C9CBF83,24,6750.0,v0.1
INS_5BD10C6C233A,REQ_7221038A314F,0,2120.0,v0.1
INS_5BD10C6C233A,REQ_6B2CBF232B6B,1,229.99999999999997,v0.1
INS_5BD10C6C233A,REQ_3292E9791F14,2,450.0,v0.1
INS_5BD10C6C233A,REQ_0E8E01C979F1,3,7250.0,v0.1
INS_5BD10C6C233A,REQ_AC9B20D08C1F,4,9760.0,v0.1
INS_5BD10C6C233A,REQ_5EDE894E958F,5,30000.0,v0.1
INS_5BD10C6C233A,REQ_ABC341CBCD2A,6,1240.0,v0.1
INS_5BD10C6C233A,REQ_A73884ED6A2B,7,3750.0,v0.1
INS_5BD10C6C233A,REQ_23BE2B4DA581,8,30000.0,v0.1
INS_86F73EF47470,REQ_0D88DF2D3057,0,2850.0,v0.1
INS_86F73EF47470,REQ_6808EE4647EA,1,27930.0,v0.1
INS_86F73EF47470,REQ_28307DCEB7EF,2,30000.0,v0.1
INS_86F73EF47470,REQ_26CCCB70E4C1,3,330.0,v0.1
INS_86F73EF47470,REQ_9A89DD5243E8,4,1570.0,v0.1
INS_86F73EF47470,REQ_6632E4D0A025,5,3170.0,v0.1
INS_86F73EF47470,REQ_9D13DB590422,6,6860.0,v0.1
INS_86F73EF47470,REQ_4AC1CB2A8CDA,7,1360.0,v0.1
INS_86F73EF47470,REQ_E8F9B5593C16,8,21120.0,v0.1
INS_86F73EF47470,REQ_56B7FD5A2903,9,1120.0,v0.1
INS_86F73EF47470,REQ_447EB998833A,10,1280.0,v0.1
INS_86F73EF47470,REQ_4405897770EB,11,1550.0,v0.1
INS_86F73EF47470,REQ_B4B20CE07AB3,12,21300.0,v0.1
INS_86F73EF47470,REQ_43A6F3167848,13,30000.0,v0.1
INS_86F73EF47470,REQ_89DFD0FFDB51,14,21740.0,v0.1
INS_86F73EF47470,REQ_94002A6A6A5E,15,710.0,v0.1
INS_86F73EF47470,REQ_9A820428985D,16,3560.0,v0.1
INS_86F73EF47470,REQ_D0D8B59AB2D6,17,8900.0,v0.1
INS_86F73EF47470,REQ_2FC35EE09243,18,30230.0,v0.1
INS_86F73EF47470,REQ_FAEE796CD2DD,19,2390.0,v0.1
INS_2BE644409134,REQ_353659939B55,0,4170.0,v0.1
INS_2BE644409134,REQ_E629FD0DAA0A,1,10650.0,v0.1
INS_2BE644409134,REQ_1EE226D19579,2,11900.0,v0.1
INS_2BE644409134,REQ_3F8D90E7B904,3,12900.0,v0.1
INS_61479E4416F9,REQ_9854F22FFC9A,0,470.0,v0.1
INS_61479E4416F9,REQ_E38CF4B73015,1,30000.0,v0.1
INS_61479E4416F9,REQ_2939A5BDA18F,2,550.0,v0.1
INS_61479E4416F9,REQ_1B8136D83B23,3,30000.0,v0.1
INS_61479E4416F9,REQ_3EA4A01242E3,4,25200.0,v0.1
INS_61479E4416F9,REQ_65FBE0283CAF,5,30000.0,v0.1
INS_61479E4416F9,REQ_5C3C34C9A6CA,6,2100.0,v0.1
INS_61479E4416F9,REQ_DAFE6C80BD50,7,30000.0,v0.1
INS_61479E4416F9,REQ_C532521B97BC,8,30000.0,v0.1
INS_61479E4416F9,REQ_7E0DB3DC29AA,9,30000.0,v0.1
INS_61479E4416F9,REQ_EF4A623B7DD8,10,30000.0,v0.1
INS_61479E4416F9,REQ_4D79D46DFF98,11,500.0,v0.1
INS_61479E4416F9,REQ_92FD5EFD22D3,12,30000.0,v0.1
INS_61479E4416F9,REQ_425BA2B48C5A,13,5590.0,v0.1
INS_61479E4416F9,REQ_0AE5F4D28420,14,30000.0,v0.1
INS_61479E4416F9,REQ_8D4F7D426F20,15,6170.0,v0.1
INS_61479E4416F9,REQ_33E1A6788418,16,30000.0,v0.1
INS_61479E4416F9,REQ_A2016CEB1B9A,17,11440.0,v0.1
INS_61479E4416F9,REQ_F7E253D0A958,18,30000.0,v0.1
INS_61479E4416F9,REQ_CE6688EAAF11,19,30000.0,v0.1
INS_61479E4416F9,REQ_84A1FB6EB7A5,20,30000.0,v0.1
INS_61479E4416F9,REQ_DDB817B722A2,21,30000.0,v0.1
INS_61479E4416F9,REQ_BD50816629D5,22,30000.0,v0.1
INS_61479E4416F9,REQ_61FA8FE9D26B,23,30000.0,v0.1
INS_61479E4416F9,REQ_0F28E95A8C62,24,2050.0,v0.1
INS_61479E4416F9,REQ_17FD3064533F,25,30000.0,v0.1
INS_19D74752B580,REQ_6790E6939DD0,0,760.0,v0.1
INS_19D74752B580,REQ_9432C1A29C89,1,16580.0,v0.1
INS_19D74752B580,REQ_B5DD3ABA832A,2,380.0,v0.1
INS_19D74752B580,REQ_E539FB4F988D,3,1040.0,v0.1
INS_19D74752B580,REQ_642DEBA147F8,4,2830.0,v0.1
INS_19D74752B580,REQ_A2C93E362A86,5,930.0000000000001,v0.1
INS_19D74752B580,REQ_34F541823433,6,850.0,v0.1
INS_19D74752B580,REQ_4148F37F718F,7,27710.0,v0.1
INS_F60EAA376F0F,REQ_1A93E68A553A,0,24980.0,v0.1
INS_F60EAA376F0F,REQ_814F02C341E2,1,180.0,v0.1
INS_F60EAA376F0F,REQ_13B27C41AADF,2,610.0,v0.1
INS_F60EAA376F0F,REQ_26DA107DD369,3,13900.0,v0.1
INS_F60EAA376F0F,REQ_C612F0691FB0,4,680.0,v0.1
INS_F60EAA376F0F,REQ_EF7D7694D3CF,5,290.0,v0.1
INS_F60EAA376F0F,REQ_642E228A08E4,6,13230.0,v0.1
INS_F60EAA376F0F,REQ_36B1EF4EF7AD,7,30000.0,v0.1
INS_F60EAA376F0F,REQ_863993A2E698,8,290.0,v0.1
INS_F60EAA376F0F,REQ_958305EC72C9,9,9780.0,v0.1
INS_F60EAA376F0F,REQ_31051F9D5147,10,7590.0,v0.1
INS_F60EAA376F0F,REQ_5455FE6BCC81,11,480.0,v0.1
INS_F60EAA376F0F,REQ_8F3BD89B8C29,12,19200.0,v0.1
INS_F60EAA376F0F,REQ_E2431A3E2733,13,1250.0,v0.1
INS_F60EAA376F0F,REQ_CAFFBA9F3F97,14,14440.0,v0.1
INS_F60EAA376F0F,REQ_065E9F0AB00B,15,30000.0,v0.1
INS_F60EAA376F0F,REQ_9D76D05E7223,16,30000.0,v0.1
INS_F60EAA376F0F,REQ_F57268278C27,17,360.0,v0.1
INS_20E65DB7D5F6,REQ_ACDC1372BE98,0,20090.0,v0.1
INS_20E65DB7D5F6,REQ_5726615C6FA0,1,1190.0,v0.1
INS_20E65DB7D5F6,REQ_F03C5F5B7AD2,2,820.0,v0.1
INS_20E65DB7D5F6,REQ_3CC699CE8BA4,3,490.0,v0.1
INS_20E65DB7D5F6,REQ_03125C537D6B,4,1000.0,v0.1
INS_20E65DB7D5F6,REQ_FED525A4700F,5,1400.0,v0.1
INS_20E65DB7D5F6,REQ_E486DC7A5ACE,6,6900.0,v0.1
INS_20E65DB7D5F6,REQ_33C2131616E0,7,740.0,v0.1
INS_20E65DB7D5F6,REQ_9EB5814A62F3,8,16260.0,v0.1
INS_20E65DB7D5F6,REQ_1ACEB1ED52AC,9,6230.0,v0.1
INS_20E65DB7D5F6,REQ_8ECF5D85FBFF,10,4910.0,v0.1
INS_D76E1166EFA0,REQ_352A42B99106,0,590.0,v0.1
INS_D76E1166EFA0,REQ_6D258F7FB867,1,2210.0,v0.1
INS_D76E1166EFA0,REQ_B21A00B16D06,2,17520.0,v0.1
INS_D76E1166EFA0,REQ_6AA4E4AF7131,3,3530.0,v0.1
INS_D76E1166EFA0,REQ_B3015018F090,4,2800.0,v0.1
INS_D76E1166EFA0,REQ_9864EB6179D7,5,1180.0,v0.1
INS_D76E1166EFA0,REQ_420569AE5A3B,6,2360.0,v0.1
INS_D76E1166EFA0,REQ_AC910C0F76B2,7,30000.0,v0.1
INS_39DB34F40439,REQ_18517AA1786D,0,1300.0,v0.1
INS_39DB34F40439,REQ_0571559440D8,1,80.0,v0.1
INS_39DB34F40439,REQ_09B833101655,2,360.0,v0.1
INS_39DB34F40439,REQ_826626C57AA2,3,120.0,v0.1
INS_39DB34F40439,REQ_D58DFFAEB621,4,170.0,v0.1
INS_39DB34F40439,REQ_562CFCA6F641,5,3100.0,v0.1
INS_39DB34F40439,REQ_8FD0943C9A93,6,8850.0,v0.1
INS_39DB34F40439,REQ_F25119C46F16,7,2600.0,v0.1
INS_39DB34F40439,REQ_E63DE75C94BD,8,250.0,v0.1
INS_D29FCEBE5C14,REQ_18B82956826B,0,6800.0,v0.1
INS_D29FCEBE5C14,REQ_3E1943FEFAAA,1,19110.0,v0.1
INS_D29FCEBE5C14,REQ_02C430E03EB1,2,8840.0,v0.1
INS_D29FCEBE5C14,REQ_5C355CBAD0A7,3,3100.0,v0.1
INS_D29FCEBE5C14,REQ_F798BCD1D195,4,1190.0,v0.1
INS_D29FCEBE5C14,REQ_65AB319F726B,5,1510.0,v0.1
INS_D29FCEBE5C14,REQ_9A287C022A69,6,100.0,v0.1
INS_D29FCEBE5C14,REQ_84AB2991D771,7,240.0,v0.1
INS_D29FCEBE5C14,REQ_C6BE5F68DCE5,8,8720.0,v0.1
INS_D29FCEBE5C14,REQ_9BAB27DE6C8F,9,170.0,v0.1
INS_D29FCEBE5C14,REQ_A2DDA13F4967,10,2050.0,v0.1
INS_D29FCEBE5C14,REQ_0F3DF36D6389,11,9420.0,v0.1
INS_D29FCEBE5C14,REQ_B5AB8A292263,12,3600.0,v0.1
INS_D29FCEBE5C14,REQ_752DD4C11F65,13,6370.0,v0.1
INS_D29FCEBE5C14,REQ_EE447F625BA1,14,9020.0,v0.1
INS_D29FCEBE5C14,REQ_7186314A6719,15,1900.0,v0.1
INS_D29FCEBE5C14,REQ_EA8AFC9BE58D,16,9780.0,v0.1
INS_D29FCEBE5C14,REQ_CC0C587EC0F4,17,3729.9999999999995,v0.1
INS_D29FCEBE5C14,REQ_BBD0212E5F78,18,120.0,v0.1
INS_D29FCEBE5C14,REQ_6A64492FB001,19,11300.0,v0.1
INS_D29FCEBE5C14,REQ_65B4370897AB,20,1800.0,v0.1
INS_D29FCEBE5C14,REQ_71162935DEE9,21,8630.0,v0.1
INS_D29FCEBE5C14,REQ_FB53EC37BD1B,22,490.0,v0.1
INS_D29FCEBE5C14,REQ_13EAE2BB4D7D,23,2950.0,v0.1
INS_D29FCEBE5C14,REQ_E03139B511F0,24,100.0,v0.1
INS_D29FCEBE5C14,REQ_A1DC7BBA49B7,25,3300.0,v0.1
INS_D29FCEBE5C14,REQ_A8BEEACCD3CB,26,440.00000000000006,v0.1
INS_EAFC207F561E,REQ_90A83EE99DA5,0,30000.0,v0.1
INS_EAFC207F561E,REQ_B3494222D5E1,1,800.0,v0.1
INS_EAFC207F561E,REQ_FE71691C0D74,2,1040.0,v0.1
INS_EAFC207F561E,REQ_E3AAFE0EC04A,3,1019.9999999999999,v0.1
INS_EAFC207F561E,REQ_4E2EF82A2693,4,30000.0,v0.1
INS_EAFC207F561E,REQ_0C0E366F99E3,5,800.0,v0.1
INS_EAFC207F561E,REQ_4B91B62B3F6F,6,24480.0,v0.1
INS_EAFC207F561E,REQ_2A50D1B19CD0,7,3680.0,v0.1
INS_EAFC207F561E,REQ_C20E945A7E20,8,1200.0,v0.1
INS_EAFC207F561E,REQ_C23599EBE003,9,80.0,v0.1
INS_EAFC207F561E,REQ_F36410005ED9,10,1300.0,v0.1
INS_EAFC207F561E,REQ_5FB580E6E64A,11,26300.0,v0.1
INS_EAFC207F561E,REQ_F171355774C6,12,330.0,v0.1
INS_EAFC207F561E,REQ_C167B6869083,13,30275.0,v0.1
INS_EAFC207F561E,REQ_A3F31D6D1FB0,14,3370.0000000000005,v0.1
INS_EAFC207F561E,REQ_821200C8364B,15,30000.0,v0.1
INS_EAFC207F561E,REQ_98CDF735F436,16,30000.0,v0.1
INS_EAFC207F561E,REQ_70A8700A6E03,17,3090.0,v0.1
INS_EAFC207F561E,REQ_170A1EC5D3CE,18,300.0,v0.1
INS_EAFC207F561E,REQ_7EA5F156BB9A,19,9850.0,v0.1
INS_EAFC207F561E,REQ_461B6F0EBD06,20,30000.0,v0.1
INS_EAFC207F561E,REQ_6DA1E35BA5C5,21,30000.0,v0.1
INS_EAFC207F561E,REQ_F4BE8A35AC55,22,620.0,v0.1
INS_EAFC207F561E,REQ_30759B79BCF9,23,470.0,v0.1
INS_EAFC207F561E,REQ_506610CCEE95,24,30000.0,v0.1
INS_EAFC207F561E,REQ_D77962A80E2D,25,12290.0,v0.1
INS_EAFC207F561E,REQ_45067B37061F,26,17270.0,v0.1
INS_EAFC207F561E,REQ_DDA49ED3F456,27,14970.0,v0.1
INS_EAFC207F561E,REQ_84D041AE2264,28,650.0,v0.1
INS_EAFC207F561E,REQ_245C25648A9A,29,30000.0,v0.1
INS_EAFC207F561E,REQ_6E0599BA8E2A,30,1019.9999999999999,v0.1
INS_EAFC207F561E,REQ_3742A9F1AD30,31,190.0,v0.1
INS_EAFC207F561E,REQ_1E6F949B367C,32,630.0,v0.1
INS_EAFC207F561E,REQ_890AC0ACCC8F,33,30000.0,v0.1
INS_EAFC207F561E,REQ_739D83C97BA1,34,4240.0,v0.1
INS_EAFC207F561E,REQ_8A66F8E2A50E,35,1790.0,v0.1
INS_EAFC207F561E,REQ_9ED17BD15A6B,36,30000.0,v0.1
INS_EAFC207F561E,REQ_33E0157DB29C,37,30000.0,v0.1
INS_EAFC207F561E,REQ_01EE0BD9C247,38,9360.0,v0.1
INS_EAFC207F561E,REQ_63553CB06CE9,39,350.0,v0.1
INS_EAFC207F561E,REQ_95B0EA4D5F1D,40,30000.0,v0.1
INS_EAFC207F561E,REQ_DE32239BCE15,41,2490.0,v0.1
INS_EAFC207F561E,REQ_F1514BD3EBF8,42,30000.0,v0.1
INS_EAFC207F561E,REQ_413B53EB20C8,43,16290.0,v0.1
INS_EAFC207F561E,REQ_11C0A6BD3E3C,44,22210.0,v0.1
INS_EAFC207F561E,REQ_8AFFEDDC32FE,45,1110.0,v0.1
INS_EAFC207F561E,REQ_54114FB87900,46,30000.0,v0.1
INS_EAFC207F561E,REQ_F7B279B548DB,47,26610.0,v0.1
INS_EAFC207F561E,REQ_249F7AA4AFD5,48,260.0,v0.1
INS_EAFC207F561E,REQ_C91B4F62CE65,49,28160.000000000004,v0.1
INS_EAFC207F561E,REQ_405CF651ACBA,50,30000.0,v0.1
INS_EAFC207F561E,REQ_73382BB866EA,51,15030.0,v0.1
INS_EAFC207F561E,REQ_8C439A34AFF6,52,490.0,v0.1
INS_EAFC207F561E,REQ_7B060F16563D,53,21840.0,v0.1
INS_EAFC207F561E,REQ_A5A5B583FFBD,54,1010.0,v0.1
INS_EAFC207F561E,REQ_5E1BDCEF6C02,55,30000.0,v0.1
INS_FE5550B9E753,REQ_0391EBB527B6,0,30000.0,v0.1
INS_FE5550B9E753,REQ_E50524A96B19,1,20540.0,v0.1
INS_FE5550B9E753,REQ_299A9F4AA5CE,2,30000.0,v0.1
INS_FE5550B9E753,REQ_0B9FFD6545E3,3,18720.0,v0.1
INS_FE5550B9E753,REQ_3A14AA639842,4,30000.0,v0.1
INS_FE5550B9E753,REQ_2BEAC4526E54,5,30000.0,v0.1
INS_FE5550B9E753,REQ_BD3278D236A9,6,12460.0,v0.1
INS_FE5550B9E753,REQ_CFCB418FB1B4,7,30000.0,v0.1
INS_FE5550B9E753,REQ_5128C36DC078,8,17060.0,v0.1
INS_FE5550B9E753,REQ_74A931FA1079,9,18820.0,v0.1
INS_FE5550B9E753,REQ_C467DA777186,10,26070.0,v0.1
INS_FE5550B9E753,REQ_D11FE85E3355,11,30000.0,v0.1
INS_FE5550B9E753,REQ_C6251C50FCA6,12,30000.0,v0.1
INS_FE5550B9E753,REQ_2D6D358E8DCC,13,30000.0,v0.1
INS_FE5550B9E753,REQ_DED8AA21E0B6,14,29790.0,v0.1
INS_FE5550B9E753,REQ_75F10E935EE1,15,30000.0,v0.1
INS_FE5550B9E753,REQ_8B90D2883DEA,16,30000.0,v0.1
INS_FE5550B9E753,REQ_337340C30D2E,17,13080.0,v0.1
INS_FE5550B9E753,REQ_C86DE41EA334,18,29460.0,v0.1
INS_FE5550B9E753,REQ_F6D705542F1C,19,13680.0,v0.1
INS_FE5550B9E753,REQ_587E1EA10952,20,30000.0,v0.1
INS_FE5550B9E753,REQ_C86E98612EAD,21,30000.0,v0.1
INS_FE5550B9E753,REQ_948820C577EE,22,30000.0,v0.1
INS_5B36622DC48D,REQ_02EECC21177C,0,1170.0,v0.1
INS_5B36622DC48D,REQ_766F5ADAAF66,1,370.0,v0.1
INS_5B36622DC48D,REQ_91136E4035B1,2,700.0,v0.1
INS_5B36622DC48D,REQ_54A820606E93,3,5550.0,v0.1
INS_5B36622DC48D,REQ_DA1C8B33B227,4,800.0,v0.1
INS_5B36622DC48D,REQ_8CBB5AEA4771,5,430.0,v0.1
INS_5B36622DC48D,REQ_421567B70639,6,14980.0,v0.1
INS_5B36622DC48D,REQ_88CA3C9E6C60,7,4660.0,v0.1
INS_5B36622DC48D,REQ_CE59E27AA6D3,8,30000.0,v0.1
INS_5B36622DC48D,REQ_7448207C4EB5,9,660.0,v0.1
INS_5B36622DC48D,REQ_870B9F6C2E9A,10,12960.0,v0.1
INS_5B36622DC48D,REQ_4DC6C29A29E3,11,21490.0,v0.1
INS_5B36622DC48D,REQ_8ACE5AE522E8,12,24130.0,v0.1
INS_5B36622DC48D,REQ_C05CB48BA421,13,869.9999999999999,v0.1
INS_5B36622DC48D,REQ_D124E8853BB5,14,680.0,v0.1
INS_5B36622DC48D,REQ_2091C2EAAED7,15,620.0,v0.1
INS_5B36622DC48D,REQ_E0B64BFDD084,16,26710.0,v0.1
INS_5B36622DC48D,REQ_44C8E7AC232E,17,3020.0,v0.1
INS_5B36622DC48D,REQ_2EC23AC35B9F,18,130.0,v0.1
INS_5B36622DC48D,REQ_9A516F309BC5,19,30000.0,v0.1
INS_5B36622DC48D,REQ_4C53BEF8AB38,20,250.0,v0.1
INS_5B36622DC48D,REQ_CACCE089AF60,21,1000.0,v0.1
INS_5B36622DC48D,REQ_E8BFBF467354,22,17790.0,v0.1
INS_4E0605D7E42F,REQ_32EEFFC4B2A6,0,390.0,v0.1
INS_4E0605D7E42F,REQ_992418F5AA47,1,9970.0,v0.1
INS_4E0605D7E42F,REQ_5EDD3A3ECE8B,2,140.0,v0.1
INS_4E0605D7E42F,REQ_7ABA9DD9083D,3,210.0,v0.1
INS_4E0605D7E42F,REQ_3DE50F20AA6A,4,2330.0,v0.1
INS_4E0605D7E42F,REQ_4FA89AAA766D,5,1150.0,v0.1
INS_4E0605D7E42F,REQ_77BE2073690D,6,500.0,v0.1
INS_4E0605D7E42F,REQ_C24A853D9ED3,7,22160.0,v0.1
INS_4E0605D7E42F,REQ_0938FD678692,8,1900.0,v0.1
INS_4E0605D7E42F,REQ_3A00DBF5EF19,9,23360.0,v0.1
INS_4E0605D7E42F,REQ_52FE5C7D620B,10,30000.0,v0.1
INS_4E0605D7E42F,REQ_73A907862A6E,11,990.0,v0.1
INS_4E0605D7E42F,REQ_E7E565FDEBC7,12,2760.0,v0.1
INS_4E0605D7E42F,REQ_565C814BC5CF,13,1000.0,v0.1
INS_4E0605D7E42F,REQ_8B6CA3FB6F1F,14,3270.0000000000005,v0.1
INS_4E0605D7E42F,REQ_A50BA5673F24,15,30000.0,v0.1
INS_4E0605D7E42F,REQ_2007A68B865E,16,4000.0,v0.1
INS_4E0605D7E42F,REQ_AF766983FFB2,17,30000.0,v0.1
INS_4E0605D7E42F,REQ_3C40B0573683,18,4410.0,v0.1
INS_4E0605D7E42F,REQ_B00D64C99A2F,19,4950.0,v0.1
INS_2A0D3B84AFE3,REQ_D88053DAC1AF,0,1480.0,v0.1
INS_2A0D3B84AFE3,REQ_B083C798C98D,1,6650.0,v0.1
INS_2A0D3B84AFE3,REQ_DA39C335CF46,2,140.0,v0.1
INS_2A0D3B84AFE3,REQ_256C39E1F539,3,30000.0,v0.1
INS_2A0D3B84AFE3,REQ_534C0D820A71,4,30000.0,v0.1
INS_2A0D3B84AFE3,REQ_E10651E2920A,5,30000.0,v0.1
INS_2A0D3B84AFE3,REQ_B62556FD0FA3,6,29480.0,v0.1
INS_2A0D3B84AFE3,REQ_A59E122D5C05,7,5000.0,v0.1
INS_2A0D3B84AFE3,REQ_A541F598DFF7,8,1650.0,v0.1
INS_2A0D3B84AFE3,REQ_AD923901604A,9,6600.0,v0.1
INS_2A0D3B84AFE3,REQ_34BEBEEF0FF3,10,12630.0,v0.1
INS_2A0D3B84AFE3,REQ_71E7E2E0B7F0,11,280.0,v0.1
INS_2A0D3B84AFE3,REQ_30CEF283D418,12,16910.0,v0.1
INS_2A0D3B84AFE3,REQ_52381F61C474,13,15850.0,v0.1
INS_2A0D3B84AFE3,REQ_C30882FEAF2A,14,3550.0,v0.1
INS_2A0D3B84AFE3,REQ_8E5C3BBB6414,15,260.0,v0.1
INS_2A0D3B84AFE3,REQ_C99DAC655037,16,3650.0,v0.1
INS_2A0D3B84AFE3,REQ_660F5FDDCF07,17,550.0,v0.1
INS_2A0D3B84AFE3,REQ_5B61D734BF53,18,13410.0,v0.1
INS_2A0D3B84AFE3,REQ_7762CA625C89,19,6430.0,v0.1
INS_2A0D3B84AFE3,REQ_3A171A687380,20,1070.0,v0.1
INS_2A0D3B84AFE3,REQ_69AF365D0940,21,3860.0,v0.1
INS_2A0D3B84AFE3,REQ_6951307933BF,22,10520.0,v0.1
INS_2A0D3B84AFE3,REQ_0EFAF8F14C0D,23,30000.0,v0.1
INS_2A0D3B84AFE3,REQ_34FD3D8A6C35,24,400.0,v0.1
INS_3B43F4C8166C,REQ_8A78111E0CF8,0,220.0,v0.1
INS_3B43F4C8166C,REQ_A111B984FAA3,1,6830.0,v0.1
INS_3B43F4C8166C,REQ_D36311C9303A,2,5730.0,v0.1
INS_3B43F4C8166C,REQ_5EC106A80691,3,29690.0,v0.1
INS_3B43F4C8166C,REQ_5741B5C1A57A,4,30000.0,v0.1
INS_3B43F4C8166C,REQ_C7FA607C4CBD,5,30000.0,v0.1
INS_3B43F4C8166C,REQ_B41EFB2C648C,6,1340.0,v0.1
INS_3B43F4C8166C,REQ_5E7A45C18CCE,7,7990.0,v0.1
INS_3B43F4C8166C,REQ_962396A4175C,8,1480.0,v0.1
INS_3B43F4C8166C,REQ_0EB99BD9C89E,9,30000.0,v0.1
INS_3B43F4C8166C,REQ_C73459155D74,10,4240.0,v0.1
INS_3B43F4C8166C,REQ_1B425B2E096D,11,5770.0,v0.1
INS_3B43F4C8166C,REQ_48B6C66A3944,12,30000.0,v0.1
INS_9FAD5489F4FB,REQ_7EDC69512880,0,27110.000000000004,v0.1
INS_9FAD5489F4FB,REQ_648074D4B45D,1,5380.0,v0.1
INS_9FAD5489F4FB,REQ_7FDE4281B926,2,5170.0,v0.1
INS_9FAD5489F4FB,REQ_8CA8743297E4,3,4670.0,v0.1
INS_9FAD5489F4FB,REQ_500C738CBE71,4,3790.0,v0.1
INS_9FAD5489F4FB,REQ_0ED94F45D2DB,5,11370.0,v0.1
INS_9FAD5489F4FB,REQ_9BD9518FEAA3,6,30000.0,v0.1
INS_9FAD5489F4FB,REQ_565E2383B2BC,7,22330.0,v0.1
INS_92A4462A383B,REQ_1FDBE47E8387,0,640.0,v0.1
INS_92A4462A383B,REQ_9D32BFF8D2FF,1,30000.0,v0.1
INS_92A4462A383B,REQ_81BF70DED950,2,1350.0,v0.1
INS_92A4462A383B,REQ_101A5AF3B9A1,3,1310.0,v0.1
INS_92A4462A383B,REQ_6DAA4D4B934D,4,15910.0,v0.1
INS_92A4462A383B,REQ_B9C174D99FAE,5,1170.0,v0.1
INS_92A4462A383B,REQ_57A451462D20,6,2470.0,v0.1
INS_92A4462A383B,REQ_3E0EC9CBB681,7,9100.0,v0.1
INS_92A4462A383B,REQ_611A348F0E01,8,3630.0,v0.1
INS_92A4462A383B,REQ_C067FF94E514,9,2160.0,v0.1
INS_92A4462A383B,REQ_C279FEB42BEE,10,3090.0,v0.1
INS_92A4462A383B,REQ_0724726AB87A,11,2520.0,v0.1
INS_92A4462A383B,REQ_166EDBFA7545,12,100.0,v0.1
INS_92A4462A383B,REQ_081CA024FA03,13,23840.0,v0.1
INS_92A4462A383B,REQ_A884253EBCFD,14,30000.0,v0.1
INS_92A4462A383B,REQ_60646E2AF258,15,860.0,v0.1
INS_92A4462A383B,REQ_77027B8F9A40,16,30000.0,v0.1
INS_92A4462A383B,REQ_B7BC0860FBD4,17,320.0,v0.1
INS_92A4462A383B,REQ_C5ED70CD37D5,18,610.0,v0.1
INS_92A4462A383B,REQ_DBB0BAF02B58,19,80.0,v0.1
INS_92A4462A383B,REQ_D68E60C4CE82,20,910.0,v0.1
INS_92A4462A383B,REQ_3B7E55E6C00F,21,300.0,v0.1
INS_92A4462A383B,REQ_D091DE5DDEC3,22,1170.0,v0.1
INS_92A4462A383B,REQ_ED1FDB0E76C8,23,9620.0,v0.1
INS_92A4462A383B,REQ_CAB6B0F3D4C8,24,700.0,v0.1
INS_7B9DF8F807B7,REQ_82229E51F722,0,280.0,v0.1
INS_7B9DF8F807B7,REQ_21C768BD8F3A,1,310.0,v0.1
INS_7B9DF8F807B7,REQ_3999AC9B7542,2,270.0,v0.1
INS_7B9DF8F807B7,REQ_03BB0869FE97,3,13930.0,v0.1
INS_7B9DF8F807B7,REQ_24ACF5DD0CD8,4,7550.0,v0.1
INS_7B9DF8F807B7,REQ_D247F8408562,5,7950.0,v0.1
INS_7B9DF8F807B7,REQ_278A14F146EA,6,390.0,v0.1
INS_7B9DF8F807B7,REQ_EA4C7592BC5B,7,12240.0,v0.1
INS_7B9DF8F807B7,REQ_F0BE63F95380,8,4390.0,v0.1
INS_7B9DF8F807B7,REQ_945A4A3DB574,9,13210.0,v0.1
INS_7B9DF8F807B7,REQ_97A034723106,10,30000.0,v0.1
INS_7B9DF8F807B7,REQ_57A441F5A092,11,30000.0,v0.1
INS_7B9DF8F807B7,REQ_B484458C3B06,12,30000.0,v0.1
INS_C34AB556BB80,REQ_B7AFBFEAA524,0,25850.0,v0.1
INS_C34AB556BB80,REQ_EBCCFA1E6A7F,1,17640.0,v0.1
INS_C34AB556BB80,REQ_058AB67159C6,2,30000.0,v0.1
INS_C34AB556BB80,REQ_5CB3314F49C3,3,30000.0,v0.1
INS_C34AB556BB80,REQ_A3B267051658,4,22480.0,v0.1
INS_C34AB556BB80,REQ_8495F52429CF,5,30000.0,v0.1
INS_C34AB556BB80,REQ_E74EE37E0E0B,6,13730.0,v0.1
INS_C34AB556BB80,REQ_9EF709420473,7,21920.0,v0.1
INS_C34AB556BB80,REQ_7316E36FB9C5,8,12310.0,v0.1
INS_C34AB556BB80,REQ_456881F0BC67,9,30000.0,v0.1
INS_C34AB556BB80,REQ_F7DCAD255861,10,28220.0,v0.1
INS_C34AB556BB80,REQ_D41663ABDA7E,11,18930.0,v0.1
INS_C34AB556BB80,REQ_290207E6E90E,12,20590.0,v0.1
INS_C34AB556BB80,REQ_7601CFF91624,13,30000.0,v0.1
INS_C34AB556BB80,REQ_F79786BE1AE9,14,30000.0,v0.1
INS_3E8F0E0539F9,REQ_D11FE85E3355,0,30000.0,v0.1
INS_3E8F0E0539F9,REQ_C467DA777186,1,26070.0,v0.1
INS_3E8F0E0539F9,REQ_948820C577EE,2,30000.0,v0.1
INS_3E8F0E0539F9,REQ_74A931FA1079,3,18820.0,v0.1
INS_3E8F0E0539F9,REQ_C6251C50FCA6,4,30000.0,v0.1
INS_3E8F0E0539F9,REQ_8B90D2883DEA,5,30000.0,v0.1
INS_3E8F0E0539F9,REQ_299A9F4AA5CE,6,30000.0,v0.1
INS_3E8F0E0539F9,REQ_CFCB418FB1B4,7,30000.0,v0.1
INS_3E8F0E0539F9,REQ_C86E98612EAD,8,30000.0,v0.1
INS_3E8F0E0539F9,REQ_E50524A96B19,9,20540.0,v0.1
INS_3E8F0E0539F9,REQ_75F10E935EE1,10,30000.0,v0.1
INS_3E8F0E0539F9,REQ_5128C36DC078,11,17060.0,v0.1
INS_6194829F70EE,REQ_6A96D812F6D3,0,1800.0,v0.1
INS_6194829F70EE,REQ_E2EA62F2A579,1,12830.0,v0.1
INS_6194829F70EE,REQ_369961295C4B,2,490.00000000000006,v0.1
INS_6194829F70EE,REQ_A11A4BE2914D,3,30000.0,v0.1
INS_6194829F70EE,REQ_E58F87640BB3,4,3400.0,v0.1
INS_6194829F70EE,REQ_209A4F27B526,5,30000.0,v0.1
INS_6194829F70EE,REQ_1F96530716A8,6,1240.0,v0.1
INS_6194829F70EE,REQ_82F6720C0B6F,7,10780.0,v0.1
INS_6194829F70EE,REQ_57804759D4A5,8,410.0,v0.1
INS_6194829F70EE,REQ_880BC0ED6BA8,9,30000.0,v0.1
INS_6194829F70EE,REQ_FFC3AD826954,10,30000.0,v0.1
INS_6194829F70EE,REQ_7A1897C4AA73,11,30000.0,v0.1
INS_61BEFE910103,REQ_55EE2E93D0E5,0,8980.0,v0.1
INS_61BEFE910103,REQ_2B381DE437CD,1,30000.0,v0.1
INS_61BEFE910103,REQ_18EFE93045B5,2,30000.0,v0.1
INS_61BEFE910103,REQ_9A083A1D80B2,3,30000.0,v0.1
INS_61BEFE910103,REQ_C18C8D636523,4,2640.0,v0.1
INS_61BEFE910103,REQ_BF578E7CC909,5,30000.0,v0.1
INS_61BEFE910103,REQ_C27BA38D88AB,6,320.0,v0.1
INS_61BEFE910103,REQ_A5663661405D,7,30000.0,v0.1
INS_61BEFE910103,REQ_A012B1F7D056,8,840.0,v0.1
INS_61BEFE910103,REQ_830810CF0CD3,9,170.0,v0.1
INS_4FB826E8D660,REQ_E25E2DD074FB,0,17740.0,v0.1
INS_4FB826E8D660,REQ_04EF78E78706,1,20060.0,v0.1
INS_4FB826E8D660,REQ_4BE0C09F6875,2,20790.0,v0.1
INS_4FB826E8D660,REQ_5F446DF542CF,3,24970.0,v0.1
INS_4E88E5D2291D,REQ_3C2C5F1A2265,0,950.0,v0.1
INS_4E88E5D2291D,REQ_4987927250E6,1,2240.0,v0.1
INS_4E88E5D2291D,REQ_0214F402CE67,2,30000.0,v0.1
INS_4E88E5D2291D,REQ_F5EBEDBA165F,3,850.0,v0.1
INS_4E88E5D2291D,REQ_A84E9A6BA66C,4,7340.0,v0.1
INS_4E88E5D2291D,REQ_A00821A56185,5,950.0,v0.1
INS_4E88E5D2291D,REQ_3BA6E66783BA,6,30000.0,v0.1
INS_4E88E5D2291D,REQ_902EA59ADF2F,7,11420.0,v0.1
INS_4E88E5D2291D,REQ_30B74F9E21B0,8,10780.0,v0.1
INS_4E88E5D2291D,REQ_9A78E2AAEB64,9,7530.0,v0.1
INS_4E88E5D2291D,REQ_F094F9DCCB9F,10,13360.0,v0.1
INS_4E88E5D2291D,REQ_7174B55A2E9F,11,7500.0,v0.1
INS_4E88E5D2291D,REQ_7129D8CF936B,12,1310.0,v0.1
INS_4E88E5D2291D,REQ_B8124B2C971B,13,200.0,v0.1
INS_4E88E5D2291D,REQ_E8A21C77F13F,14,9680.0,v0.1
INS_4E88E5D2291D,REQ_5A9A9F68104B,15,30000.0,v0.1
INS_4E88E5D2291D,REQ_B4E0D95527C2,16,1860.0,v0.1
INS_4E88E5D2291D,REQ_27FC207529CA,17,23140.0,v0.1
INS_4E88E5D2291D,REQ_AEC1D6EBA813,18,710.0,v0.1
INS_4E88E5D2291D,REQ_952D8B99870A,19,30000.0,v0.1
INS_4E88E5D2291D,REQ_7611F0F3D948,20,13980.000000000002,v0.1
INS_4E88E5D2291D,REQ_C4F52D7F1DB2,21,15050.0,v0.1
INS_4E88E5D2291D,REQ_E185008F332F,22,16160.0,v0.1
INS_4E88E5D2291D,REQ_60963E379959,23,2890.0,v0.1
INS_4E88E5D2291D,REQ_594536B6535B,24,450.0,v0.1
INS_4E88E5D2291D,REQ_AEC45C5D6E75,25,1350.0,v0.1
INS_4E88E5D2291D,REQ_169449095CD6,26,350.0,v0.1
INS_98C6455C9916,REQ_FF36B5944910,0,30000.0,v0.1
INS_98C6455C9916,REQ_E2EA62F2A579,1,12830.0,v0.1
INS_98C6455C9916,REQ_10AE1C006508,2,950.0,v0.1
INS_98C6455C9916,REQ_78BB1C8FA367,3,2800.0,v0.1
INS_98C6455C9916,REQ_0A305826B4BA,4,30000.0,v0.1
INS_98C6455C9916,REQ_5A91E8271E61,5,1250.0,v0.1
INS_98C6455C9916,REQ_596EA9602130,6,1020.0,v0.1
INS_98C6455C9916,REQ_BB45057A4676,7,490.0,v0.1
INS_98C6455C9916,REQ_0C44E34ADF26,8,23540.0,v0.1
INS_98C6455C9916,REQ_A2AA25F786D3,9,500.0,v0.1
INS_98C6455C9916,REQ_8D6601E6E1D7,10,2810.0,v0.1
INS_98C6455C9916,REQ_0717F7EC957D,11,28240.0,v0.1
INS_98C6455C9916,REQ_EDB91E573C0E,12,4060.0,v0.1
INS_98C6455C9916,REQ_34E90D2995D2,13,30000.0,v0.1
INS_98C6455C9916,REQ_0B7BF173A53F,14,30000.0,v0.1
INS_98C6455C9916,REQ_F2FB5866D897,15,7640.0,v0.1
INS_98C6455C9916,REQ_E79C26DC1F23,16,4310.0,v0.1
INS_98C6455C9916,REQ_9FF3A0648E44,17,4810.0,v0.1
INS_98C6455C9916,REQ_13C47C1426A4,18,9810.0,v0.1
INS_98C6455C9916,REQ_6D49C2576D08,19,500.0,v0.1
INS_98C6455C9916,REQ_7D9BA37A0AF5,20,1120.0,v0.1
INS_98C6455C9916,REQ_99606FA083F9,21,800.0,v0.1
INS_B44D893D6C2A,REQ_2916B1BF0C17,0,250.0,v0.1
INS_B44D893D6C2A,REQ_539D08B806F2,1,470.0,v0.1
INS_B44D893D6C2A,REQ_9AC09D9C02CC,2,1280.0,v0.1
INS_B44D893D6C2A,REQ_A50BA5673F24,3,30000.0,v0.1
INS_B44D893D6C2A,REQ_7563C15C8DBB,4,22320.0,v0.1
INS_B44D893D6C2A,REQ_8184F6B2D30F,5,4360.0,v0.1
INS_B44D893D6C2A,REQ_565C814BC5CF,6,1000.0,v0.1
INS_B44D893D6C2A,REQ_879A66DE0626,7,14700.0,v0.1
INS_B44D893D6C2A,REQ_F5DF69DFC24E,8,370.0,v0.1
INS_B44D893D6C2A,REQ_CE0F64731116,9,440.0,v0.1
INS_B44D893D6C2A,REQ_8E45B8BBEA07,10,540.0,v0.1
INS_B44D893D6C2A,REQ_ED45D622737B,11,2490.0,v0.1
INS_B44D893D6C2A,REQ_5B287E9C1623,12,2350.0,v0.1
INS_B44D893D6C2A,REQ_3205A9A29EE3,13,600.0,v0.1
INS_B44D893D6C2A,REQ_73044B292A9A,14,27380.0,v0.1
INS_B44D893D6C2A,REQ_CA3C5A1725F5,15,6170.0,v0.1
INS_B44D893D6C2A,REQ_32342A3BA875,16,180.0,v0.1
INS_B44D893D6C2A,REQ_8F4DC11AAF2C,17,460.0,v0.1
INS_B44D893D6C2A,REQ_A8F913FDE029,18,1750.0,v0.1
INS_B44D893D6C2A,REQ_FF8411774A9D,19,960.0,v0.1
INS_B44D893D6C2A,REQ_3DE0D65BD1C1,20,30000.0,v0.1
INS_B44D893D6C2A,REQ_52E67F90402C,21,1600.0,v0.1
INS_2F3C5AA5AF9D,REQ_42EFE2840429,0,540.0,v0.1
INS_2F3C5AA5AF9D,REQ_9E1A9BFCF469,1,1090.0,v0.1
INS_2F3C5AA5AF9D,REQ_196F5F428592,2,5320.0,v0.1
INS_2F3C5AA5AF9D,REQ_F249503D9D23,3,790.0,v0.1
INS_2F3C5AA5AF9D,REQ_549C008D3466,4,7940.0,v0.1
INS_2F3C5AA5AF9D,REQ_F3960116E18E,5,350.0,v0.1
INS_2F3C5AA5AF9D,REQ_A8106AA4BC2E,6,25000.0,v0.1
INS_2F3C5AA5AF9D,REQ_8E4E0ED93B16,7,770.0,v0.1
INS_2F3C5AA5AF9D,REQ_7CC86299D9BD,8,6540.0,v0.1
INS_2F3C5AA5AF9D,REQ_2320C474B88F,9,30000.0,v0.1
INS_2F3C5AA5AF9D,REQ_2045C8304F6C,10,30000.0,v0.1
INS_2F3C5AA5AF9D,REQ_EBB57A372956,11,6980.0,v0.1
INS_2F3C5AA5AF9D,REQ_9D3C60E292AA,12,9660.0,v0.1
INS_2F3C5AA5AF9D,REQ_3F496CE4D6C4,13,869.9999999999999,v0.1
INS_2F3C5AA5AF9D,REQ_37247793D955,14,20710.0,v0.1
INS_2F3C5AA5AF9D,REQ_D68F4ECC44AD,15,5470.0,v0.1
INS_2F3C5AA5AF9D,REQ_7B6E78055ED3,16,13520.0,v0.1
INS_2F3C5AA5AF9D,REQ_95EF0D729B51,17,7250.0,v0.1
INS_2F3C5AA5AF9D,REQ_F702367571A0,18,1320.0,v0.1
INS_2F3C5AA5AF9D,REQ_DCE4FDC22D1E,19,30000.0,v0.1
INS_2F3C5AA5AF9D,REQ_17532EA14446,20,600.0,v0.1
INS_2F3C5AA5AF9D,REQ_4DEE818A8A19,21,20590.0,v0.1
INS_2F3C5AA5AF9D,REQ_95DD957F9D9B,22,27750.0,v0.1
INS_2F3C5AA5AF9D,REQ_98876F339FEF,23,8400.0,v0.1
INS_2F3C5AA5AF9D,REQ_F60A7CCE4F34,24,9930.0,v0.1
INS_2F3C5AA5AF9D,REQ_2C179BC72BA8,25,22690.0,v0.1
INS_2F3C5AA5AF9D,REQ_969DD40745D2,26,8840.0,v0.1
INS_90EB051684B2,REQ_26630843A382,0,290.0,v0.1
INS_90EB051684B2,REQ_E0CC625B1BB8,1,11550.0,v0.1
INS_90EB051684B2,REQ_084EC3291213,2,600.0,v0.1
INS_90EB051684B2,REQ_87F5F418EF67,3,2830.0,v0.1
INS_90EB051684B2,REQ_A29B55FDA723,4,160.0,v0.1
INS_90EB051684B2,REQ_FC313ECAC3BE,5,10830.0,v0.1
INS_90EB051684B2,REQ_0D59FD89B73D,6,12240.0,v0.1
INS_90EB051684B2,REQ_2EE7177784EB,7,950.0,v0.1
INS_90EB051684B2,REQ_5205805C8F67,8,590.0,v0.1
INS_90EB051684B2,REQ_0BFC0CCCBCFE,9,670.0,v0.1
INS_90EB051684B2,REQ_7DDCADA65F72,10,30000.0,v0.1
INS_90EB051684B2,REQ_9EBBDF126BA4,11,14640.0,v0.1
INS_90EB051684B2,REQ_60427B051C73,12,7000.0,v0.1
INS_90EB051684B2,REQ_5E191A4EE560,13,260.0,v0.1
INS_90EB051684B2,REQ_E064BB32349F,14,420.0,v0.1
INS_90EB051684B2,REQ_9207CA0115F4,15,650.0,v0.1
INS_90EB051684B2,REQ_293954B02C51,16,20850.0,v0.1
INS_E759501E326E,REQ_3962037122F0,0,2410.0,v0.1
INS_E759501E326E,REQ_C4C116CE8DFC,1,20720.0,v0.1
INS_E759501E326E,REQ_30990E891687,2,830.0,v0.1
INS_E759501E326E,REQ_3E6EC78165E0,3,30000.0,v0.1
INS_E759501E326E,REQ_B2616FCCFD75,4,31140.0,v0.1
INS_E759501E326E,REQ_B07B05BE08EF,5,3390.0,v0.1
INS_E759501E326E,REQ_8EF368867EF7,6,5230.0,v0.1
INS_E759501E326E,REQ_82DBF159345F,7,310.0,v0.1
INS_E759501E326E,REQ_6D7A8DEC7147,8,250.0,v0.1
INS_E759501E326E,REQ_D8F277FF5A9E,9,480.0,v0.1
INS_E759501E326E,REQ_180E490E2CD8,10,30000.0,v0.1
INS_E759501E326E,REQ_7B75D8990E98,11,1450.0,v0.1
INS_E759501E326E,REQ_AD26CA534E14,12,9620.0,v0.1
INS_6B1079A40EEC,REQ_CF594C8C98A6,0,2200.0,v0.1
INS_6B1079A40EEC,REQ_66BACBAC92C7,1,9680.0,v0.1
INS_6B1079A40EEC,REQ_34F079F2E10F,2,2160.0,v0.1
INS_6B1079A40EEC,REQ_4CB2EE0F6D66,3,1810.0000000000002,v0.1
INS_6B1079A40EEC,REQ_72F92FBE4F7B,4,950.0,v0.1
INS_6B1079A40EEC,REQ_6C306FB6FE72,5,350.0,v0.1
INS_6B1079A40EEC,REQ_981CF96177D0,6,13850.0,v0.1
INS_6B1079A40EEC,REQ_9889B090194A,7,14290.0,v0.1
INS_6B1079A40EEC,REQ_7068B8D0932F,8,16780.0,v0.1
INS_6B1079A40EEC,REQ_271EE63CBA33,9,2280.0,v0.1
INS_6B1079A40EEC,REQ_F66F2D49B45A,10,30000.0,v0.1
INS_6B1079A40EEC,REQ_70D6FAE9B2FF,11,250.0,v0.1
INS_6B1079A40EEC,REQ_05E21E458774,12,2630.0,v0.1
INS_6B1079A40EEC,REQ_23F458103E09,13,250.0,v0.1
INS_6B1079A40EEC,REQ_910EC6093AE1,14,180.0,v0.1
INS_6B1079A40EEC,REQ_538E6311055B,15,30000.0,v0.1
INS_6B1079A40EEC,REQ_341A00159CD4,16,2660.0,v0.1
INS_6B1079A40EEC,REQ_30C40B196FF5,17,2740.0,v0.1
INS_6B1079A40EEC,REQ_00817616E7DA,18,340.0,v0.1
INS_6B1079A40EEC,REQ_00FF8C8E4CC7,19,200.0,v0.1
INS_6B1079A40EEC,REQ_9DD0845491E2,20,1520.0,v0.1
INS_6B1079A40EEC,REQ_E491ADD43D61,21,10940.0,v0.1
INS_6B1079A40EEC,REQ_2B1EBFA33E30,22,13500.0,v0.1
INS_6B1079A40EEC,REQ_8917CBAC7390,23,150.0,v0.1
INS_6B1079A40EEC,REQ_1034A58DEFFE,24,680.0,v0.1
INS_6B1079A40EEC,REQ_C75C67960DE4,25,700.0,v0.1
INS_6B1079A40EEC,REQ_AA689C89C4C4,26,220.00000000000003,v0.1
INS_6B1079A40EEC,REQ_07FBF68D7C7C,27,350.0,v0.1
INS_6B1079A40EEC,REQ_035AAC066F7F,28,650.0,v0.1
INS_6B1079A40EEC,REQ_1F56804B86A9,29,4550.0,v0.1
INS_6B1079A40EEC,REQ_135C5549CC79,30,1170.0,v0.1
INS_6B1079A40EEC,REQ_84F106FCB017,31,4830.0,v0.1
INS_6B1079A40EEC,REQ_3758B297DF79,32,170.0,v0.1
INS_6B1079A40EEC,REQ_B7B7C351297E,33,229.99999999999997,v0.1
INS_6B1079A40EEC,REQ_C52E5503BF54,34,12790.0,v0.1
INS_6B1079A40EEC,REQ_A4732EC8929B,35,300.0,v0.1
INS_1BA52BDDAC2D,REQ_AE7CC7EA497A,0,7310.0,v0.1
INS_1BA52BDDAC2D,REQ_276C4C80BC87,1,229.99999999999997,v0.1
INS_1BA52BDDAC2D,REQ_5F124E8F28AA,2,2000.0,v0.1
INS_1BA52BDDAC2D,REQ_F2AFC438D0DB,3,100.0,v0.1
INS_1BA52BDDAC2D,REQ_2AC1D31BA895,4,23720.0,v0.1
INS_1BA52BDDAC2D,REQ_140EDF94C185,5,16090.0,v0.1
INS_1BA52BDDAC2D,REQ_6B725E794D77,6,28139.999999999996,v0.1
INS_1BA52BDDAC2D,REQ_C16D9E2DB7B9,7,130.0,v0.1
INS_1BA52BDDAC2D,REQ_387FC04CB0D2,8,8540.0,v0.1
INS_1BA52BDDAC2D,REQ_75DB7FAE0B7A,9,1220.0,v0.1
INS_1BA52BDDAC2D,REQ_FE1B229AD9D8,10,30000.0,v0.1
INS_1BA52BDDAC2D,REQ_DCDD433071C9,11,6970.0,v0.1
INS_1BA52BDDAC2D,REQ_BD5B5453DAD5,12,30000.0,v0.1
INS_1BA52BDDAC2D,REQ_C3BFB99F3940,13,23940.0,v0.1
INS_1BA52BDDAC2D,REQ_3F393DED38EB,14,200.0,v0.1
INS_1BA52BDDAC2D,REQ_3500BCD0B043,15,1450.0,v0.1
INS_1BA52BDDAC2D,REQ_B9A2BCDCDC7B,16,310.0,v0.1
INS_1BA52BDDAC2D,REQ_8E26BBF349D2,17,16170.0,v0.1
INS_1BA52BDDAC2D,REQ_C83D17FB2AB0,18,750.0,v0.1
INS_1BA52BDDAC2D,REQ_3B3788E4B5E3,19,30000.0,v0.1
INS_1BA52BDDAC2D,REQ_DF100C8DF137,20,1070.0,v0.1
INS_1BA52BDDAC2D,REQ_189A45856D76,21,950.0,v0.1
INS_1BA52BDDAC2D,REQ_8589EFE08C6C,22,17090.0,v0.1
INS_1BA52BDDAC2D,REQ_3BAD6C240617,23,150.0,v0.1
INS_5C68FBB7F85A,REQ_4BE0C09F6875,0,20790.0,v0.1
INS_5C68FBB7F85A,REQ_04EF78E78706,1,20060.0,v0.1
INS_5C68FBB7F85A,REQ_E25E2DD074FB,2,17740.0,v0.1
INS_5C68FBB7F85A,REQ_5F446DF542CF,3,24970.0,v0.1
INS_51DA976C87F0,REQ_252A7F5E682F,0,450.0,v0.1
INS_51DA976C87F0,REQ_270CE80D0200,1,30000.0,v0.1
INS_51DA976C87F0,REQ_6AE422F7C09B,2,420.0,v0.1
INS_51DA976C87F0,REQ_0AFD406AE4A4,3,7720.0,v0.1
INS_51DA976C87F0,REQ_071792272B20,4,30000.0,v0.1
INS_51DA976C87F0,REQ_5DF52E46F9D6,5,5290.0,v0.1
INS_51DA976C87F0,REQ_7C306DB6B26A,6,30000.0,v0.1
INS_51DA976C87F0,REQ_E496415B1B86,7,30000.0,v0.1
INS_51DA976C87F0,REQ_5BCEB6577C9D,8,2560.0,v0.1
INS_51DA976C87F0,REQ_70F393440557,9,7900.0,v0.1
INS_51DA976C87F0,REQ_E3DA83A4ED11,10,30000.0,v0.1
INS_51DA976C87F0,REQ_C8A21F0FE475,11,250.0,v0.1
INS_51DA976C87F0,REQ_22FE16548632,12,1270.0,v0.1
INS_51DA976C87F0,REQ_B3F3E7F7C821,13,300.0,v0.1
INS_51DA976C87F0,REQ_BBC14D54B32E,14,170.0,v0.1
INS_51DA976C87F0,REQ_6FFFFBBCD5EE,15,380.0,v0.1
INS_51DA976C87F0,REQ_B414B49D2CE4,16,30000.0,v0.1
INS_51DA976C87F0,REQ_4CB2C4EB6902,17,600.0,v0.1
INS_51DA976C87F0,REQ_071CCCC7E37B,18,800.0,v0.1
INS_51DA976C87F0,REQ_EDB81A03C661,19,80.0,v0.1
INS_51DA976C87F0,REQ_794419E34869,20,5250.0,v0.1
INS_93C046D530B7,REQ_A683694C8366,0,30000.0,v0.1
INS_93C046D530B7,REQ_A095E3AC1D21,1,30000.0,v0.1
INS_93C046D530B7,REQ_18D05FE184DB,2,30000.0,v0.1
INS_93C046D530B7,REQ_B2B151895B58,3,30000.0,v0.1
INS_93C046D530B7,REQ_BC3AE572C21A,4,30000.0,v0.1
INS_93C046D530B7,REQ_B65209DD6FB1,5,30000.0,v0.1
INS_93C046D530B7,REQ_3D137029DB76,6,30000.0,v0.1
INS_93C046D530B7,REQ_24B4F438D94F,7,30000.0,v0.1
INS_5DC3965EEC58,REQ_6D4C3BA91999,0,3410.0,v0.1
INS_5DC3965EEC58,REQ_777B585845CA,1,330.0,v0.1
INS_5DC3965EEC58,REQ_54F1DCA39F33,2,1180.0,v0.1
INS_5DC3965EEC58,REQ_83B86B81C577,3,4250.0,v0.1
INS_5DC3965EEC58,REQ_D8EE42C936DA,4,1500.0,v0.1
INS_5DC3965EEC58,REQ_D956C8EEA769,5,11360.0,v0.1
INS_5DC3965EEC58,REQ_2F75875B2267,6,18110.0,v0.1
INS_5DC3965EEC58,REQ_5C375E2889AB,7,14290.0,v0.1
INS_5DC3965EEC58,REQ_A36D09D55EFB,8,19490.0,v0.1
INS_5DC3965EEC58,REQ_36F4CD7760FF,9,1430.0,v0.1
INS_5DC3965EEC58,REQ_6C0D309F5A09,10,20730.0,v0.1
INS_5DC3965EEC58,REQ_8F9EC2F291A8,11,150.0,v0.1
INS_5DC3965EEC58,REQ_ACC08984924F,12,6150.0,v0.1
INS_DB2FE6753415,REQ_C4C88F09234B,0,15140.0,v0.1
INS_DB2FE6753415,REQ_BC4F48241900,1,30000.0,v0.1
INS_DB2FE6753415,REQ_50A2F45747C0,2,9160.0,v0.1
INS_DB2FE6753415,REQ_DBA4E7252854,3,9400.0,v0.1
INS_DB2FE6753415,REQ_23597F191A8D,4,11100.0,v0.1
INS_DB2FE6753415,REQ_9BEEBE911F18,5,26490.0,v0.1
INS_DB2FE6753415,REQ_3418D62F8989,6,30000.0,v0.1
INS_DB2FE6753415,REQ_7868BDF12EC9,7,3560.0,v0.1
INS_DB2FE6753415,REQ_7F35A3B51B46,8,14420.0,v0.1
INS_DB2FE6753415,REQ_53FCCA9803C4,9,11710.0,v0.1
INS_DB2FE6753415,REQ_7C94B21AD1E4,10,30000.0,v0.1
INS_DE33E58BE17D,REQ_FECFA7713B58,0,29210.0,v0.1
INS_DE33E58BE17D,REQ_A09AB75C33DC,1,15710.0,v0.1
INS_DE33E58BE17D,REQ_1CECDDD7D96F,2,170.0,v0.1
INS_DE33E58BE17D,REQ_5BE88B0706BD,3,1070.0,v0.1
INS_DE33E58BE17D,REQ_255BABEE1A4D,4,9710.0,v0.1
INS_DE33E58BE17D,REQ_713ACE5C8CC9,5,7020.0,v0.1
INS_DE33E58BE17D,REQ_13A51AAFE2E4,6,3190.0,v0.1
INS_DE33E58BE17D,REQ_DF58015C221D,7,200.0,v0.1
INS_DE33E58BE17D,REQ_30B251621422,8,490.00000000000006,v0.1
INS_E4BD4E344224,REQ_6B55619E965B,0,30000.0,v0.1
INS_E4BD4E344224,REQ_08837D8333CD,1,6950.0,v0.1
INS_E4BD4E344224,REQ_F7F8804867DC,2,390.0,v0.1
INS_E4BD4E344224,REQ_3A171A687380,3,1070.0,v0.1
INS_E4BD4E344224,REQ_B2AA073BD018,4,850.0,v0.1
INS_E4BD4E344224,REQ_B083C798C98D,5,6650.0,v0.1
INS_E4BD4E344224,REQ_A541F598DFF7,6,1650.0,v0.1
INS_E4BD4E344224,REQ_4B67746260EB,7,250.0,v0.1
INS_E4BD4E344224,REQ_82C7CB1AFA40,8,480.0,v0.1
INS_E4BD4E344224,REQ_3324AB962E64,9,1300.0,v0.1
INS_E4BD4E344224,REQ_E34FE875170F,10,500.0,v0.1
INS_E4BD4E344224,REQ_FCB77BB930D6,11,1280.0,v0.1
INS_E4BD4E344224,REQ_CECD65E78866,12,1360.0,v0.1
INS_E4BD4E344224,REQ_4FC865CCE654,13,150.0,v0.1
INS_E4BD4E344224,REQ_92CF9352C510,14,19790.0,v0.1
INS_E4BD4E344224,REQ_D0A98EAE75DB,15,560.0,v0.1
INS_E4BD4E344224,REQ_A52EA8EC4495,16,30000.0,v0.1
INS_E4BD4E344224,REQ_BEB6C0FE7157,17,690.0,v0.1
INS_E4BD4E344224,REQ_3C676ABB7CC1,18,910.0,v0.1
INS_E4BD4E344224,REQ_197294D6DEA0,19,30000.0,v0.1
INS_E4BD4E344224,REQ_075B54B7EC0B,20,310.0,v0.1
INS_E4BD4E344224,REQ_9B945CE9F096,21,6850.0,v0.1
INS_E4BD4E344224,REQ_951A0A1B5690,22,2350.0,v0.1
INS_E4BD4E344224,REQ_4DC4B31ADD06,23,30000.0,v0.1
INS_E4BD4E344224,REQ_C97EC54616FE,24,30000.0,v0.1
INS_E4BD4E344224,REQ_4062B2987BBB,25,30000.0,v0.1
INS_E4BD4E344224,REQ_69BDB917DA96,26,4250.0,v0.1
INS_E4BD4E344224,REQ_7DABF8D2CC0E,27,1100.0,v0.1
INS_E4BD4E344224,REQ_AD923901604A,28,6600.0,v0.1
INS_E4BD4E344224,REQ_E8FB24254713,29,3710.0,v0.1
INS_E4BD4E344224,REQ_27243A3A241A,30,30000.0,v0.1
INS_E4BD4E344224,REQ_98401D1FA462,31,1800.0,v0.1
INS_E4BD4E344224,REQ_DB482BF3EF0C,32,250.0,v0.1
INS_E4BD4E344224,REQ_829F21B0FDF0,33,570.0,v0.1
INS_E4BD4E344224,REQ_2410D1913295,34,1830.0,v0.1
INS_E4BD4E344224,REQ_6D4B12C27E2C,35,30000.0,v0.1
INS_E4BD4E344224,REQ_2D92DED237B1,36,270.0,v0.1
INS_E4BD4E344224,REQ_CDCB4890FE38,37,800.0,v0.1
INS_E4BD4E344224,REQ_2FE12C476DDA,38,13740.0,v0.1
INS_E4BD4E344224,REQ_C7CAC5B043A1,39,4780.0,v0.1
INS_E4BD4E344224,REQ_0EFAF8F14C0D,40,30000.0,v0.1
INS_E4BD4E344224,REQ_56FF26936F69,41,7750.0,v0.1
INS_E4BD4E344224,REQ_39710B033C9B,42,2580.0,v0.1
INS_E4BD4E344224,REQ_BE0D8928C6CE,43,30000.0,v0.1
INS_E4BD4E344224,REQ_6951307933BF,44,10520.0,v0.1
INS_E4BD4E344224,REQ_DA39C335CF46,45,140.0,v0.1
INS_1CE137A5732F,REQ_05365A7E250E,0,10410.0,v0.1
INS_1CE137A5732F,REQ_CA12A32F6C8C,1,5030.0,v0.1
INS_1CE137A5732F,REQ_C533A9FCF1E2,2,1450.0,v0.1
INS_1CE137A5732F,REQ_6A0A3F7C5156,3,9160.0,v0.1
INS_1CE137A5732F,REQ_A4B0D42FAE93,4,1350.0,v0.1
INS_1CE137A5732F,REQ_581450F8CDEC,5,24680.0,v0.1
INS_1CE137A5732F,REQ_ACA476CA2F41,6,30000.0,v0.1
INS_1CE137A5732F,REQ_8AA601393664,7,660.0,v0.1
INS_3788A53BE098,REQ_15FC455F2684,0,15610.0,v0.1
INS_3788A53BE098,REQ_685840D5116B,1,7460.0,v0.1
INS_3788A53BE098,REQ_3AB9BB646FF5,2,1330.0,v0.1
INS_3788A53BE098,REQ_F27CBD87A017,3,30000.0,v0.1
INS_3788A53BE098,REQ_A5663661405D,4,30000.0,v0.1
INS_3788A53BE098,REQ_C27BA38D88AB,5,320.0,v0.1
INS_3788A53BE098,REQ_46005BCD5153,6,1220.0,v0.1
INS_3788A53BE098,REQ_03BD25F749E2,7,10350.0,v0.1
INS_3788A53BE098,REQ_716B1335873B,8,1960.0000000000002,v0.1
INS_3788A53BE098,REQ_10A2B5A3A70F,9,230.0,v0.1
INS_3788A53BE098,REQ_735F70CD2B5E,10,30000.0,v0.1
INS_3788A53BE098,REQ_88D5D9464F75,11,7040.000000000001,v0.1
INS_3788A53BE098,REQ_E4B46347436E,12,18380.0,v0.1
INS_3788A53BE098,REQ_20ED1101EB93,13,14200.0,v0.1
INS_3788A53BE098,REQ_D0FD033F8586,14,30000.0,v0.1
INS_3788A53BE098,REQ_17D7A620E309,15,620.0,v0.1
INS_3788A53BE098,REQ_0AC7CF2336A3,16,950.0,v0.1
INS_3788A53BE098,REQ_1C72888D8D19,17,12090.0,v0.1
INS_3788A53BE098,REQ_C5905B1EED91,18,29430.0,v0.1
INS_3788A53BE098,REQ_A443FBF101B6,19,30000.0,v0.1
INS_3788A53BE098,REQ_FD97E1FF93AE,20,2100.0,v0.1
INS_3788A53BE098,REQ_E0B11E5A16B4,21,2250.0,v0.1
INS_3788A53BE098,REQ_BB0D1F3C85E3,22,21700.0,v0.1
INS_3788A53BE098,REQ_A518DDC1C548,23,5440.0,v0.1
INS_3788A53BE098,REQ_5C18AEC9BEF1,24,30000.0,v0.1
INS_3788A53BE098,REQ_F3C0CFF3E744,25,17730.0,v0.1
INS_3788A53BE098,REQ_6C671E99BF51,26,30000.0,v0.1
INS_3788A53BE098,REQ_04E3D96BCC51,27,30000.0,v0.1
INS_3788A53BE098,REQ_B1D631804EF5,28,15960.0,v0.1
INS_A40508F9106A,REQ_D5C21B373646,0,230.0,v0.1
INS_A40508F9106A,REQ_15BF45A4E1A8,1,25400.0,v0.1
INS_A40508F9106A,REQ_C7DD4B27A336,2,3770.0000000000005,v0.1
INS_A40508F9106A,REQ_1DA03B636B4A,3,869.9999999999999,v0.1
INS_A40508F9106A,REQ_36F1F6E19C23,4,30000.0,v0.1
INS_A40508F9106A,REQ_12A7F96BC095,5,670.0,v0.1
INS_A40508F9106A,REQ_E0B64BFDD084,6,26710.0,v0.1
INS_A40508F9106A,REQ_7FA24236A58D,7,1000.0,v0.1
INS_A40508F9106A,REQ_592AFC845464,8,9670.0,v0.1
INS_A40508F9106A,REQ_F57389DB1E77,9,8100.0,v0.1
INS_A40508F9106A,REQ_5EE0CDACCC71,10,450.0,v0.1
INS_A40508F9106A,REQ_6ED0E43EBC9A,11,2600.0,v0.1
INS_A40508F9106A,REQ_338A366C931D,12,3950.0,v0.1
INS_37DA39C02E5A,REQ_D88053DAC1AF,0,1480.0,v0.1
INS_37DA39C02E5A,REQ_C217251DA0E1,1,200.0,v0.1
INS_37DA39C02E5A,REQ_4062B2987BBB,2,30000.0,v0.1
INS_37DA39C02E5A,REQ_3EE50D993CFC,3,520.0,v0.1
INS_37DA39C02E5A,REQ_7B8ECA127A20,4,560.0,v0.1
INS_37DA39C02E5A,REQ_8DE52863871A,5,9000.0,v0.1
INS_37DA39C02E5A,REQ_59181EE7C340,6,400.0,v0.1
INS_37DA39C02E5A,REQ_16E23BDA7AA9,7,30000.0,v0.1
INS_37DA39C02E5A,REQ_34BEBEEF0FF3,8,12630.0,v0.1
INS_37DA39C02E5A,REQ_6B55619E965B,9,30000.0,v0.1
INS_37DA39C02E5A,REQ_4B67746260EB,10,250.0,v0.1
INS_37DA39C02E5A,REQ_9B945CE9F096,11,6850.0,v0.1
INS_37DA39C02E5A,REQ_6D4B12C27E2C,12,30000.0,v0.1
INS_37DA39C02E5A,REQ_534C0D820A71,13,30000.0,v0.1
INS_37DA39C02E5A,REQ_BE0D8928C6CE,14,30000.0,v0.1
INS_37DA39C02E5A,REQ_D5E419D98364,15,30000.0,v0.1
INS_37DA39C02E5A,REQ_D5D91096E1D4,16,16260.000000000002,v0.1
INS_37DA39C02E5A,REQ_E8FB24254713,17,3710.0,v0.1
INS_37DA39C02E5A,REQ_A3B9D5951F97,18,7980.0,v0.1
INS_37DA39C02E5A,REQ_C99DAC655037,19,3650.0,v0.1
INS_37DA39C02E5A,REQ_7124A11F9AC9,20,3790.0,v0.1
INS_37DA39C02E5A,REQ_A52EA8EC4495,21,30000.0,v0.1
INS_37DA39C02E5A,REQ_8E5C3BBB6414,22,260.0,v0.1
INS_37DA39C02E5A,REQ_6BC60292F003,23,3390.0,v0.1
INS_37DA39C02E5A,REQ_997B33E72A8E,24,140.0,v0.1
INS_37DA39C02E5A,REQ_4508536AC8AE,25,2320.0,v0.1
INS_37DA39C02E5A,REQ_DB482BF3EF0C,26,250.0,v0.1
INS_37DA39C02E5A,REQ_829F21B0FDF0,27,570.0,v0.1
INS_37DA39C02E5A,REQ_3324AB962E64,28,1300.0,v0.1
INS_37DA39C02E5A,REQ_6F3FB0A27AC7,29,15230.0,v0.1
INS_37DA39C02E5A,REQ_40C44C3DBE05,30,29600.0,v0.1
INS_37DA39C02E5A,REQ_A50C6073AA98,31,3970.0000000000005,v0.1
INS_37DA39C02E5A,REQ_F7F8804867DC,32,390.0,v0.1
INS_37DA39C02E5A,REQ_256C39E1F539,33,30000.0,v0.1
INS_37DA39C02E5A,REQ_52381F61C474,34,15850.0,v0.1
INS_37DA39C02E5A,REQ_0EFAF8F14C0D,35,30000.0,v0.1
INS_37DA39C02E5A,REQ_205F985B77CD,36,400.0,v0.1
INS_37DA39C02E5A,REQ_6677FC8BC563,37,2260.0,v0.1
INS_37DA39C02E5A,REQ_B0ADDB9F473B,38,869.9999999999999,v0.1
INS_0CAEF4011AEE,REQ_9D3B44E41888,0,11000.0,v0.1
INS_0CAEF4011AEE,REQ_D3146DE0C77B,1,120.0,v0.1
INS_0CAEF4011AEE,REQ_FD97E1FF93AE,2,2100.0,v0.1
INS_0CAEF4011AEE,REQ_ACD27A133CE7,3,530.0,v0.1
INS_0CAEF4011AEE,REQ_3CD9C40FC60D,4,30000.0,v0.1
INS_0CAEF4011AEE,REQ_6FFDD26C6167,5,13690.0,v0.1
INS_0CAEF4011AEE,REQ_9B7BFA47EFA0,6,7475.0,v0.1
INS_0CAEF4011AEE,REQ_33C90EFD714F,7,140.0,v0.1
INS_0CAEF4011AEE,REQ_18EFE93045B5,8,30000.0,v0.1
INS_0CAEF4011AEE,REQ_E8D4403B9210,9,8390.0,v0.1
INS_0CAEF4011AEE,REQ_C7E14B4B2750,10,2300.0,v0.1
INS_0CAEF4011AEE,REQ_AFFA8FABA295,11,10550.0,v0.1
INS_0CAEF4011AEE,REQ_83B5963527E7,12,360.0,v0.1
INS_0CAEF4011AEE,REQ_BA55A7349212,13,1650.0,v0.1
INS_0CAEF4011AEE,REQ_8DF3EFD4AB89,14,1390.0,v0.1
INS_0CAEF4011AEE,REQ_7CDADD8D034C,15,2720.0,v0.1
INS_0CAEF4011AEE,REQ_9CAEB74EC220,16,970.0,v0.1
INS_0CAEF4011AEE,REQ_BF578E7CC909,17,30000.0,v0.1
INS_0CAEF4011AEE,REQ_1253EDD500AA,18,27950.0,v0.1
INS_0CAEF4011AEE,REQ_8690AFE5F012,19,30000.0,v0.1
INS_0CAEF4011AEE,REQ_0AB732643EB4,20,6810.0,v0.1
INS_0CAEF4011AEE,REQ_5C18AEC9BEF1,21,30000.0,v0.1
INS_0CAEF4011AEE,REQ_0ABE5B983B0A,22,440.00000000000006,v0.1
INS_0CAEF4011AEE,REQ_716B1335873B,23,1960.0000000000002,v0.1
INS_0CAEF4011AEE,REQ_EAF4F097283A,24,770.0,v0.1
INS_0CAEF4011AEE,REQ_88D5D9464F75,25,7040.000000000001,v0.1
INS_0CAEF4011AEE,REQ_EE2752A66E2C,26,23860.0,v0.1
INS_0CAEF4011AEE,REQ_735F70CD2B5E,27,30000.0,v0.1
INS_0CAEF4011AEE,REQ_F5397A72D185,28,430.0,v0.1
INS_0CAEF4011AEE,REQ_F2DA614F3B29,29,30000.0,v0.1
INS_7A4999001BDD,REQ_392DA42F580C,0,459.99999999999994,v0.1
INS_7A4999001BDD,REQ_CB6D1A3F54BB,1,1020.0,v0.1
INS_7A4999001BDD,REQ_8249328CC559,2,4800.0,v0.1
INS_7A4999001BDD,REQ_3F68460A91D4,3,30000.0,v0.1
INS_7A4999001BDD,REQ_BA23BB0BD6B3,4,11110.0,v0.1
INS_7A4999001BDD,REQ_0B01992BD387,5,1790.0,v0.1
INS_7A4999001BDD,REQ_889B84B41575,6,1660.0000000000002,v0.1
INS_7A4999001BDD,REQ_C250F24A6D31,7,15950.0,v0.1
INS_7A4999001BDD,REQ_DE018F0B7AE1,8,8710.0,v0.1
INS_7A4999001BDD,REQ_52F02353004E,9,310.0,v0.1
INS_7A4999001BDD,REQ_C9510E2BF6FB,10,240.0,v0.1
INS_A0DF5135A028,REQ_06DB83EB9CCD,0,360.0,v0.1
INS_A0DF5135A028,REQ_06E868733DAF,1,1490.0,v0.1
INS_A0DF5135A028,REQ_94355C071338,2,5510.0,v0.1
INS_A0DF5135A028,REQ_8785953FF539,3,170.0,v0.1
INS_A0DF5135A028,REQ_5C6D15B968E4,4,3730.0,v0.1
INS_A0DF5135A028,REQ_6DD3C0A819D7,5,5600.0,v0.1
INS_A0DF5135A028,REQ_2FCFE4BFA3D9,6,720.0,v0.1
INS_A0DF5135A028,REQ_9AFF844AAAF8,7,459.99999999999994,v0.1
INS_A0DF5135A028,REQ_D6ABC07014DD,8,1530.0,v0.1
INS_A0DF5135A028,REQ_D79D8D466D3E,9,3170.0,v0.1
INS_A0DF5135A028,REQ_18E2D113F4F0,10,4520.0,v0.1
INS_A0DF5135A028,REQ_F42F103711A8,11,30000.0,v0.1
INS_A0DF5135A028,REQ_D33220A8264E,12,1610.0,v0.1
INS_A0DF5135A028,REQ_387EA495D200,13,1019.9999999999999,v0.1
INS_A0DF5135A028,REQ_908873B7BD94,14,21990.0,v0.1
INS_A0DF5135A028,REQ_9E3C9B870A43,15,1610.0000000000002,v0.1
INS_A0DF5135A028,REQ_C1FE9B8F1C2E,16,30000.0,v0.1
INS_A0DF5135A028,REQ_3530B929BCF6,17,420.0,v0.1
INS_A0DF5135A028,REQ_6A06936DAD3D,18,6280.0,v0.1
INS_A0DF5135A028,REQ_6697AE293B7B,19,3290.0,v0.1
INS_A0DF5135A028,REQ_6CDBED1ED03E,20,570.0,v0.1
INS_A0DF5135A028,REQ_E6932C6312C1,21,370.0,v0.1
INS_A0DF5135A028,REQ_19E46C690D02,22,7280.0,v0.1
INS_A0DF5135A028,REQ_2BDDA127F04F,23,2250.0,v0.1
INS_A0DF5135A028,REQ_FB4E8A3541FF,24,4540.0,v0.1
INS_A0DF5135A028,REQ_966544AAE425,25,30000.0,v0.1
INS_A0DF5135A028,REQ_CACF9C4569EC,26,4075.0,v0.1
INS_A0DF5135A028,REQ_A9404664AC9B,27,1250.0,v0.1
INS_A8BFD3E48AB6,REQ_C86E98612EAD,0,30000.0,v0.1
INS_A8BFD3E48AB6,REQ_74A931FA1079,1,18820.0,v0.1
INS_A8BFD3E48AB6,REQ_299A9F4AA5CE,2,30000.0,v0.1
INS_A8BFD3E48AB6,REQ_0391EBB527B6,3,30000.0,v0.1
INS_A8BFD3E48AB6,REQ_C467DA777186,4,26070.0,v0.1
INS_A8BFD3E48AB6,REQ_2D6D358E8DCC,5,30000.0,v0.1
INS_A8BFD3E48AB6,REQ_E50524A96B19,6,20540.0,v0.1
INS_A8BFD3E48AB6,REQ_DED8AA21E0B6,7,29790.0,v0.1
INS_A8BFD3E48AB6,REQ_C6251C50FCA6,8,30000.0,v0.1
INS_A8BFD3E48AB6,REQ_587E1EA10952,9,30000.0,v0.1
INS_A8BFD3E48AB6,REQ_CFCB418FB1B4,10,30000.0,v0.1
INS_A8BFD3E48AB6,REQ_F6D705542F1C,11,13680.0,v0.1
INS_A8BFD3E48AB6,REQ_D11FE85E3355,12,30000.0,v0.1
INS_A8BFD3E48AB6,REQ_0B9FFD6545E3,13,18720.0,v0.1
INS_CEEA8543B2B8,REQ_30D5468DDF0D,0,16770.0,v0.1
INS_CEEA8543B2B8,REQ_524831C82482,1,27750.0,v0.1
INS_CEEA8543B2B8,REQ_1DAEDBCD140C,2,340.0,v0.1
INS_CEEA8543B2B8,REQ_02A9EC5E2229,3,30000.0,v0.1
INS_CEEA8543B2B8,REQ_7E4EEFE50FCB,4,650.0,v0.1
INS_CEEA8543B2B8,REQ_9A820428985D,5,3560.0,v0.1
INS_CEEA8543B2B8,REQ_28307DCEB7EF,6,30000.0,v0.1
INS_CEEA8543B2B8,REQ_EA31723E6D2C,7,900.0,v0.1
INS_CEEA8543B2B8,REQ_164F45892548,8,1560.0,v0.1
INS_74A8E26B22A4,REQ_7FA429D9F89D,0,11080.0,v0.1
INS_74A8E26B22A4,REQ_0FF330EFFCDE,1,30000.0,v0.1
INS_74A8E26B22A4,REQ_9C7A94F46CDD,2,300.0,v0.1
INS_74A8E26B22A4,REQ_53FFCE60395A,3,520.0,v0.1
INS_74A8E26B22A4,REQ_2DE608A09823,4,1000.0,v0.1
INS_74A8E26B22A4,REQ_0DCDBC499A60,5,30000.0,v0.1
INS_74A8E26B22A4,REQ_547F0B03C863,6,560.0,v0.1
INS_74A8E26B22A4,REQ_19DA83CC08F8,7,9650.0,v0.1
INS_74A8E26B22A4,REQ_9A7158469A13,8,24220.0,v0.1
INS_74A8E26B22A4,REQ_526D97DC8A8F,9,1070.0,v0.1
INS_74A8E26B22A4,REQ_424E3E752929,10,1240.0,v0.1
INS_74A8E26B22A4,REQ_951D9E0F2428,11,1760.0000000000002,v0.1
INS_74A8E26B22A4,REQ_6CE0C194FBA9,12,30000.0,v0.1
INS_74A8E26B22A4,REQ_388E5CA480ED,13,500.0,v0.1
INS_74A8E26B22A4,REQ_AB409B6547E8,14,840.0,v0.1
INS_74A8E26B22A4,REQ_90841A5B84FF,15,1030.0,v0.1
INS_74A8E26B22A4,REQ_C07A9F5FDDEF,16,500.0,v0.1
INS_74A8E26B22A4,REQ_78EBFB5E2B63,17,1980.0,v0.1
INS_74A8E26B22A4,REQ_8DC528316C6A,18,730.0,v0.1
INS_74A8E26B22A4,REQ_42FC7F58D08E,19,8990.0,v0.1
INS_74A8E26B22A4,REQ_07284F4FF882,20,1120.0,v0.1
INS_74A8E26B22A4,REQ_C1917B2B3035,21,4500.0,v0.1
INS_74A8E26B22A4,REQ_61F0983241B1,22,800.0,v0.1
INS_74A8E26B22A4,REQ_BB391CC32CF2,23,7470.0,v0.1
INS_74A8E26B22A4,REQ_41B94C1B4E55,24,2570.0,v0.1
INS_74A8E26B22A4,REQ_58C9FCBB98F4,25,13870.0,v0.1
INS_74A8E26B22A4,REQ_DD7EE5B3AD6A,26,740.0,v0.1
INS_74A8E26B22A4,REQ_312B0F75977C,27,4840.0,v0.1
INS_54136D874395,REQ_A63C6850422E,0,11490.0,v0.1
INS_54136D874395,REQ_8ACAEAF557AB,1,29120.0,v0.1
INS_54136D874395,REQ_B8775D0347EE,2,30000.0,v0.1
INS_54136D874395,REQ_F45AD8FA5E3A,3,1050.0,v0.1
INS_54136D874395,REQ_2DB52ECE2200,4,13510.0,v0.1
INS_54136D874395,REQ_351B04634CA7,5,320.0,v0.1
INS_54136D874395,REQ_949CDF7076EF,6,30000.0,v0.1
INS_54136D874395,REQ_6CE12D188D52,7,1040.0,v0.1
INS_54136D874395,REQ_EFBC537FB075,8,600.0,v0.1
INS_54136D874395,REQ_D775090ADE2A,9,1710.0000000000002,v0.1
INS_54136D874395,REQ_C85F67759C57,10,2070.0,v0.1
INS_54136D874395,REQ_E174E522E54B,11,290.0,v0.1
INS_54136D874395,REQ_98C8CD349F85,12,2470.0,v0.1
INS_54136D874395,REQ_C61F39DD7693,13,530.0,v0.1
INS_54136D874395,REQ_2058432C8637,14,600.0,v0.1
INS_54136D874395,REQ_517346F11F66,15,810.0,v0.1
INS_54136D874395,REQ_FA854B6A24BB,16,3080.0,v0.1
INS_54136D874395,REQ_BD187C192424,17,4840.0,v0.1
INS_54136D874395,REQ_55CAB75C3742,18,1900.0,v0.1
INS_54136D874395,REQ_8F6E5E05F6EB,19,790.0,v0.1
INS_54136D874395,REQ_36C2AA13E6EE,20,16329.999999999998,v0.1
INS_54136D874395,REQ_70E07747DD68,21,850.0,v0.1
INS_54136D874395,REQ_1CF44CB27553,22,30000.0,v0.1
INS_54136D874395,REQ_C98CA32DC4EA,23,28200.0,v0.1
INS_54136D874395,REQ_F73608E83318,24,550.0,v0.1
INS_54136D874395,REQ_ED9745ADF2F1,25,30000.0,v0.1
INS_54136D874395,REQ_3A4B2BD6B7EC,26,12230.0,v0.1
INS_54136D874395,REQ_02A4D2C95218,27,7009.999999999999,v0.1
INS_54136D874395,REQ_D1FC1210C99E,28,1600.0,v0.1
INS_54136D874395,REQ_6DA259A102DF,29,30000.0,v0.1
INS_54136D874395,REQ_94845B541CBE,30,1390.0,v0.1
INS_54136D874395,REQ_B0D9E24B417B,31,3040.0,v0.1
INS_54136D874395,REQ_C5717EA48175,32,1750.0,v0.1
INS_54136D874395,REQ_876160DAD0FB,33,660.0,v0.1
INS_54136D874395,REQ_4544441B2AF6,34,15100.0,v0.1
INS_54136D874395,REQ_51F8B4F3E64E,35,950.0,v0.1
INS_54136D874395,REQ_CDA766981EE8,36,350.0,v0.1
INS_54136D874395,REQ_CA0C60B7019D,37,14510.0,v0.1
INS_54136D874395,REQ_936D3E798900,38,1250.0,v0.1
INS_54136D874395,REQ_254F6A0C0365,39,660.0,v0.1
INS_54136D874395,REQ_16E9F17B66F6,40,1010.0,v0.1
INS_54136D874395,REQ_FC41201CC853,41,1490.0,v0.1
INS_54136D874395,REQ_C6273216EA9D,42,1250.0,v0.1
INS_54136D874395,REQ_8FDE6D2F2BFC,43,11870.0,v0.1
INS_54136D874395,REQ_794F388ACD9D,44,980.0000000000001,v0.1
INS_54136D874395,REQ_3DB2C510C809,45,1160.0,v0.1
INS_54136D874395,REQ_6DDB3B28B07E,46,10950.0,v0.1
INS_54136D874395,REQ_3930D9CB4571,47,14690.0,v0.1
INS_54136D874395,REQ_052C1DA7016A,48,1250.0,v0.1
INS_54136D874395,REQ_603FE457AA6D,49,630.0,v0.1
INS_54136D874395,REQ_DEF12EC898CB,50,1190.0,v0.1
INS_54136D874395,REQ_BAFF9F58D50C,51,560.0,v0.1
INS_54136D874395,REQ_3754AD52B529,52,600.0,v0.1
INS_54136D874395,REQ_AA7AF77F593B,53,1090.0,v0.1
INS_54136D874395,REQ_1D514E57E642,54,11180.0,v0.1
INS_54136D874395,REQ_915908E7C9EB,55,19420.0,v0.1
INS_54136D874395,REQ_67E9BE82FD7E,56,1820.0,v0.1
INS_54136D874395,REQ_4D45A90E3BC8,57,30000.0,v0.1
INS_8A01BEB52A86,REQ_9F7846E4B91B,0,30000.0,v0.1
INS_8A01BEB52A86,REQ_1DB96C622F88,1,4920.0,v0.1
INS_8A01BEB52A86,REQ_6F675E39834E,2,30000.0,v0.1
INS_8A01BEB52A86,REQ_A9F1AA6F46B2,3,28170.0,v0.1
INS_8A01BEB52A86,REQ_DFE88CC21383,4,800.0,v0.1
INS_8A01BEB52A86,REQ_BEA66E316F02,5,6060.0,v0.1
INS_8A01BEB52A86,REQ_D62795A96C40,6,30000.0,v0.1
INS_8A01BEB52A86,REQ_6182F7249B9A,7,530.0,v0.1
INS_8A01BEB52A86,REQ_8D92F7691A9B,8,1820.0,v0.1
INS_5317A090DA2C,REQ_C494655EDC92,0,30000.0,v0.1
INS_5317A090DA2C,REQ_892879E4704E,1,630.0,v0.1
INS_5317A090DA2C,REQ_86C600E4795A,2,30000.0,v0.1
INS_5317A090DA2C,REQ_62E1E506E48D,3,30000.0,v0.1
INS_5317A090DA2C,REQ_6F675E39834E,4,30000.0,v0.1
INS_5317A090DA2C,REQ_2CF465CCDD06,5,1280.0,v0.1
INS_5317A090DA2C,REQ_051CE8E3986E,6,30000.0,v0.1
INS_5317A090DA2C,REQ_FA3601FB4A9A,7,30000.0,v0.1
INS_5317A090DA2C,REQ_D5C8E9346E39,8,30000.0,v0.1
INS_5317A090DA2C,REQ_81EA05F86D02,9,2350.0,v0.1
INS_5317A090DA2C,REQ_9BC7736ADE42,10,1960.0,v0.1
INS_5317A090DA2C,REQ_EEBE6D892209,11,30000.0,v0.1
INS_5317A090DA2C,REQ_F147C564BFF8,12,520.0,v0.1
INS_5317A090DA2C,REQ_DD24C8708CA4,13,10080.0,v0.1
INS_5317A090DA2C,REQ_63F17B6061B3,14,1040.0,v0.1
INS_5317A090DA2C,REQ_4B262B8B1B19,15,750.0,v0.1
INS_5317A090DA2C,REQ_3A7EC054CB45,16,23920.0,v0.1
INS_5317A090DA2C,REQ_59DFD747360C,17,30000.0,v0.1
INS_5317A090DA2C,REQ_D99D34F827AD,18,25470.0,v0.1
INS_5317A090DA2C,REQ_17A61A88123D,19,2230.0,v0.1
INS_5317A090DA2C,REQ_14387ABB76F2,20,750.0,v0.1
INS_5317A090DA2C,REQ_0BFB79A89C42,21,830.0,v0.1
INS_5317A090DA2C,REQ_BC25618B89E3,22,30000.0,v0.1
INS_5317A090DA2C,REQ_C3E446FA0E07,23,30000.0,v0.1
INS_5317A090DA2C,REQ_C6A78A5AF813,24,22030.0,v0.1
INS_5317A090DA2C,REQ_3D2CB53F0D3B,25,660.0,v0.1
INS_5317A090DA2C,REQ_5DB843AC7447,26,1800.0,v0.1
INS_FBC690F1F7F3,REQ_CA0C60B7019D,0,14510.0,v0.1
INS_FBC690F1F7F3,REQ_84FA4C7A6A1E,1,16239.999999999998,v0.1
INS_FBC690F1F7F3,REQ_51F8B4F3E64E,2,950.0,v0.1
INS_FBC690F1F7F3,REQ_C3457C574BA9,3,730.0,v0.1
INS_FBC690F1F7F3,REQ_6CC30A8E7B98,4,5810.0,v0.1
INS_FBC690F1F7F3,REQ_936D3E798900,5,1250.0,v0.1
INS_FBC690F1F7F3,REQ_5253904EE0F2,6,30000.0,v0.1
INS_FBC690F1F7F3,REQ_8CB3B716CE4D,7,640.0,v0.1
INS_FBC690F1F7F3,REQ_14C487F7E586,8,3090.0,v0.1
INS_D8544B2CBD2B,REQ_7E154A96ADFA,0,30000.0,v0.1
INS_D8544B2CBD2B,REQ_B32472D7B43B,1,30000.0,v0.1
INS_D8544B2CBD2B,REQ_78876BD220E7,2,11210.0,v0.1
INS_D8544B2CBD2B,REQ_EDAAD4BDB0A3,3,30000.0,v0.1
INS_D8544B2CBD2B,REQ_76760DDA482F,4,30000.0,v0.1
INS_D8544B2CBD2B,REQ_21262FA189DD,5,30000.0,v0.1
INS_D8544B2CBD2B,REQ_D6FCDABA16C2,6,2030.0,v0.1
INS_D8544B2CBD2B,REQ_8F055F4FB06B,7,5760.0,v0.1
INS_D8544B2CBD2B,REQ_A3005318176C,8,800.0,v0.1
INS_F5158B96D6D4,REQ_18B866FBF44B,0,459.99999999999994,v0.1
INS_F5158B96D6D4,REQ_710786909772,1,550.0,v0.1
INS_F5158B96D6D4,REQ_35198E217DD4,2,240.0,v0.1
INS_F5158B96D6D4,REQ_75A9D86054D9,3,22650.0,v0.1
INS_F5158B96D6D4,REQ_BD91442AFE5A,4,13900.0,v0.1
INS_F5158B96D6D4,REQ_F713A2DF0931,5,2460.0,v0.1
INS_F5158B96D6D4,REQ_4753998CFD07,6,23790.0,v0.1
INS_F5158B96D6D4,REQ_1C13CA6BABC1,7,1160.0,v0.1
INS_F5158B96D6D4,REQ_CC0703A7A6DC,8,350.0,v0.1
INS_F5158B96D6D4,REQ_C757914BA252,9,29130.0,v0.1
INS_F5158B96D6D4,REQ_F5211DD53E77,10,30000.0,v0.1
INS_F5158B96D6D4,REQ_0239C8909B5E,11,400.0,v0.1
INS_F5158B96D6D4,REQ_0815B39C2534,12,20760.0,v0.1
INS_F5158B96D6D4,REQ_B70F1A4E87DA,13,1070.0,v0.1
INS_93122B46E256,REQ_14A765D1D8D4,0,350.0,v0.1
INS_93122B46E256,REQ_5D67E61D2B14,1,3700.0,v0.1
INS_93122B46E256,REQ_21C652607B79,2,7500.0,v0.1
INS_93122B46E256,REQ_682327EEF184,3,1340.0,v0.1
INS_93122B46E256,REQ_48CB2840ABB0,4,1770.0,v0.1
INS_93122B46E256,REQ_66850EE92ECE,5,6170.0,v0.1
INS_93122B46E256,REQ_9F9287F89BEE,6,3140.0,v0.1
INS_93122B46E256,REQ_2CBF414DE122,7,1500.0,v0.1
INS_93122B46E256,REQ_1012281BAD3D,8,410.0,v0.1
INS_93122B46E256,REQ_9D2A3EA9F0EF,9,950.0,v0.1
INS_93122B46E256,REQ_BB6C734F9C3B,10,700.0,v0.1
INS_93122B46E256,REQ_94B04AB5F121,11,730.0,v0.1
INS_93122B46E256,REQ_6CF7E3F535D0,12,250.0,v0.1
INS_93122B46E256,REQ_49F086B40766,13,450.0,v0.1
INS_93122B46E256,REQ_865A7534E732,14,350.0,v0.1
INS_93122B46E256,REQ_88C7F1F90B26,15,21020.0,v0.1
INS_93122B46E256,REQ_5C99F9516790,16,2180.0,v0.1
INS_93122B46E256,REQ_088AC2762DD4,17,15410.0,v0.1
INS_93122B46E256,REQ_07A1FA5C78F9,18,1889.9999999999998,v0.1
INS_533F5DBD36D6,REQ_7A7A07684929,0,830.0000000000001,v0.1
INS_533F5DBD36D6,REQ_3BD515FD172E,1,960.0,v0.1
INS_533F5DBD36D6,REQ_AB7553C35F2C,2,1150.0,v0.1
INS_533F5DBD36D6,REQ_400CD44740C5,3,15730.0,v0.1
INS_533F5DBD36D6,REQ_967BAC03701B,4,1050.0,v0.1
INS_533F5DBD36D6,REQ_A88951DB6769,5,6850.0,v0.1
INS_533F5DBD36D6,REQ_58928AC711B5,6,15080.000000000002,v0.1
INS_533F5DBD36D6,REQ_50629076BA9D,7,1040.0,v0.1
INS_533F5DBD36D6,REQ_0C8F74CBB161,8,6510.0,v0.1
INS_533F5DBD36D6,REQ_6467AD619765,9,6210.0,v0.1
INS_533F5DBD36D6,REQ_4402A371019F,10,1290.0,v0.1
INS_533F5DBD36D6,REQ_53B48A18AC1A,11,24430.0,v0.1
INS_533F5DBD36D6,REQ_B60D909C857D,12,20780.0,v0.1
INS_533F5DBD36D6,REQ_F2989CF21949,13,19000.0,v0.1
INS_533F5DBD36D6,REQ_5E000D52ADBC,14,30000.0,v0.1
INS_533F5DBD36D6,REQ_408CCCFB7DE2,15,2260.0,v0.1
INS_533F5DBD36D6,REQ_938331F9BBDE,16,1290.0,v0.1
INS_533F5DBD36D6,REQ_263DEBE0736B,17,30000.0,v0.1
INS_533F5DBD36D6,REQ_BFA0BC58437C,18,2160.0,v0.1
INS_533F5DBD36D6,REQ_652B5C74F337,19,27250.0,v0.1
INS_533F5DBD36D6,REQ_56CAD80E236F,20,5610.0,v0.1
INS_533F5DBD36D6,REQ_249E6AE9B923,21,2640.0,v0.1
INS_533F5DBD36D6,REQ_CCF94F299CC9,22,890.0,v0.1
INS_533F5DBD36D6,REQ_9E2DA4C8F5DB,23,710.0,v0.1
INS_533F5DBD36D6,REQ_3810C5E91F22,24,630.0,v0.1
INS_533F5DBD36D6,REQ_22C89477CB12,25,840.0,v0.1
INS_533F5DBD36D6,REQ_1FA11ED55EAA,26,9710.0,v0.1
INS_533F5DBD36D6,REQ_F3D47B5A64BC,27,5040.0,v0.1
INS_103D1DEBED8F,REQ_528A58B24529,0,2350.0,v0.1
INS_103D1DEBED8F,REQ_8263C5530EA7,1,31880.0,v0.1
INS_103D1DEBED8F,REQ_2C68C391B302,2,9770.0,v0.1
INS_103D1DEBED8F,REQ_A804724B01E3,3,660.0,v0.1
INS_103D1DEBED8F,REQ_AD5469B2EF26,4,9920.0,v0.1
INS_103D1DEBED8F,REQ_DF37D1A467F8,5,16990.0,v0.1
INS_103D1DEBED8F,REQ_1CD1715C293F,6,30000.0,v0.1
INS_103D1DEBED8F,REQ_3106D9898765,7,630.0,v0.1
INS_104795D0FC2F,REQ_C98C4FB02ACE,0,6880.0,v0.1
INS_104795D0FC2F,REQ_677152C95D2B,1,1000.0,v0.1
INS_104795D0FC2F,REQ_A4940E226A00,2,1760.0,v0.1
INS_104795D0FC2F,REQ_AC8CEC980350,3,10930.0,v0.1
INS_104795D0FC2F,REQ_EA7685EF1F0B,4,690.0,v0.1
INS_104795D0FC2F,REQ_539E1398FD73,5,14860.0,v0.1
INS_104795D0FC2F,REQ_4AD5008D926C,6,30000.0,v0.1
INS_104795D0FC2F,REQ_DEFDBFF38764,7,30000.0,v0.1
INS_104795D0FC2F,REQ_304226F87230,8,640.0,v0.1
INS_104795D0FC2F,REQ_8C77E2B15C10,9,30000.0,v0.1
INS_98C634E76501,REQ_BB3520B61CF6,0,2400.0,v0.1
INS_98C634E76501,REQ_CE2B495917DD,1,200.0,v0.1
INS_98C634E76501,REQ_523C6DB58033,2,1050.0,v0.1
INS_98C634E76501,REQ_E07A0B8E6982,3,400.0,v0.1
INS_98C634E76501,REQ_959A4D2FEE07,4,10640.0,v0.1
INS_98C634E76501,REQ_8660DC189AD6,5,710.0,v0.1
INS_98C634E76501,REQ_AB8698492410,6,1000.0,v0.1
INS_98C634E76501,REQ_F1BD02BCFF2E,7,450.0,v0.1
INS_98C634E76501,REQ_EA1CBA0BCFBF,8,30000.0,v0.1
INS_98C634E76501,REQ_3A837C24D04B,9,750.0,v0.1
INS_98C634E76501,REQ_79461E9BD998,10,11830.0,v0.1
INS_98C634E76501,REQ_E62ECCC14446,11,13490.0,v0.1
INS_98C634E76501,REQ_1A4FA8D357D9,12,880.0000000000001,v0.1
INS_98C634E76501,REQ_B6F2C992643E,13,30000.0,v0.1
INS_98C634E76501,REQ_847FE82EA7DF,14,30000.0,v0.1
INS_98C634E76501,REQ_AD32DF424141,15,12010.0,v0.1
INS_98C634E76501,REQ_D05C792E9162,16,21780.0,v0.1
INS_98C634E76501,REQ_9A3BE6F0F5B2,17,30000.0,v0.1
INS_98C634E76501,REQ_06AB3427B157,18,660.0,v0.1
INS_98C634E76501,REQ_068EEF634B46,19,22975.0,v0.1
INS_98C634E76501,REQ_07BAC3F3E29B,20,10480.0,v0.1
INS_98C634E76501,REQ_AE0219A13B47,21,1120.0,v0.1
INS_98C634E76501,REQ_2A99F7A3039B,22,640.0,v0.1
INS_98C634E76501,REQ_C8F0145054CE,23,210.0,v0.1
INS_9FC9B601FE6C,REQ_8495F52429CF,0,30000.0,v0.1
INS_9FC9B601FE6C,REQ_D41663ABDA7E,1,18930.0,v0.1
INS_9FC9B601FE6C,REQ_90A4E616152A,2,27730.0,v0.1
INS_9FC9B601FE6C,REQ_F7DCAD255861,3,28220.0,v0.1
INS_9FC9B601FE6C,REQ_44AC8A2E9FF7,4,19500.0,v0.1
INS_9FC9B601FE6C,REQ_9EF709420473,5,21920.0,v0.1
INS_9FC9B601FE6C,REQ_290207E6E90E,6,20590.0,v0.1
INS_9FC9B601FE6C,REQ_ECEB0B1438B0,7,26630.0,v0.1
INS_9FC9B601FE6C,REQ_B7AFBFEAA524,8,25850.0,v0.1
INS_9FC9B601FE6C,REQ_456881F0BC67,9,30000.0,v0.1
INS_9FC9B601FE6C,REQ_058AB67159C6,10,30000.0,v0.1
INS_9FC9B601FE6C,REQ_EBCCFA1E6A7F,11,17640.0,v0.1
INS_9FC9B601FE6C,REQ_7601CFF91624,12,30000.0,v0.1
INS_9FC9B601FE6C,REQ_5CB3314F49C3,13,30000.0,v0.1
INS_9FC9B601FE6C,REQ_F79786BE1AE9,14,30000.0,v0.1
INS_9FC9B601FE6C,REQ_0305DEE325F4,15,27480.0,v0.1
INS_9FC9B601FE6C,REQ_A3B267051658,16,22480.0,v0.1
INS_9FC9B601FE6C,REQ_E74EE37E0E0B,17,13730.0,v0.1
INS_9FC9B601FE6C,REQ_1FBD7665CEF8,18,30000.0,v0.1
INS_9FC9B601FE6C,REQ_7316E36FB9C5,19,12310.0,v0.1
INS_DB8F19145A62,REQ_0BF2B9942B68,0,30000.0,v0.1
INS_DB8F19145A62,REQ_004CF960777F,1,1300.0,v0.1
INS_DB8F19145A62,REQ_FF2A75B5DAFE,2,30000.0,v0.1
INS_DB8F19145A62,REQ_3E4B1948E6BD,3,30000.0,v0.1
INS_DB8F19145A62,REQ_7D9BA37A0AF5,4,1120.0,v0.1
INS_DB8F19145A62,REQ_099439EB08D2,5,1350.0,v0.1
INS_DB8F19145A62,REQ_913586D52704,6,1350.0,v0.1
INS_DB8F19145A62,REQ_89C8886692C4,7,2860.0,v0.1
INS_DB8F19145A62,REQ_637400B974C8,8,830.0000000000001,v0.1
INS_DB8F19145A62,REQ_9BB2A165B3CE,9,30000.0,v0.1
INS_DB8F19145A62,REQ_84953845313F,10,30000.0,v0.1
INS_DB8F19145A62,REQ_10AE1C006508,11,950.0,v0.1
INS_DB8F19145A62,REQ_9A89A556D06C,12,15530.0,v0.1
INS_DB8F19145A62,REQ_FB19D7B5D7A5,13,22560.0,v0.1
INS_DB8F19145A62,REQ_08285249F1C5,14,24620.0,v0.1
INS_DB8F19145A62,REQ_47735DA973C8,15,30000.0,v0.1
INS_DB8F19145A62,REQ_2911A885C459,16,1739.9999999999998,v0.1
INS_DB8F19145A62,REQ_E28D055941F4,17,1190.0,v0.1
INS_DB8F19145A62,REQ_562F2203F4CD,18,480.0,v0.1
INS_DB8F19145A62,REQ_BB45057A4676,19,490.0,v0.1
INS_DB8F19145A62,REQ_6F02DB9DC9F1,20,3440.0,v0.1
INS_DB8F19145A62,REQ_A0E9C57C5BEB,21,1500.0,v0.1
INS_DB8F19145A62,REQ_10DF52F171A2,22,2640.0,v0.1
INS_E8D35A671BDF,REQ_9A64C20C85C4,0,150.0,v0.1
INS_E8D35A671BDF,REQ_9058DA7D54DD,1,1440.0,v0.1
INS_E8D35A671BDF,REQ_1684EAB3BCC8,2,1380.0,v0.1
INS_E8D35A671BDF,REQ_2498D6825EBB,3,690.0,v0.1
INS_E8D35A671BDF,REQ_33B4BA437CD9,4,330.0,v0.1
INS_E8D35A671BDF,REQ_5038B05DF01A,5,4910.0,v0.1
INS_E8D35A671BDF,REQ_22799D15C6EF,6,2810.0,v0.1
INS_E8D35A671BDF,REQ_D16B1B62A4D6,7,100.0,v0.1
INS_E8D35A671BDF,REQ_B71498FF9855,8,7900.0,v0.1
INS_E8D35A671BDF,REQ_69611E1250FC,9,30000.0,v0.1
INS_E8D35A671BDF,REQ_430912A986F8,10,12750.0,v0.1
INS_E8D35A671BDF,REQ_0122E41287AF,11,450.0,v0.1
INS_E8D35A671BDF,REQ_0A7ECAF2C74D,12,30000.0,v0.1
INS_E8D35A671BDF,REQ_A0BC1786DE9A,13,5570.0,v0.1
INS_E8D35A671BDF,REQ_5FFD1D4FC19F,14,30000.0,v0.1
INS_E8D35A671BDF,REQ_D9877C912AAD,15,30000.0,v0.1
INS_E8D35A671BDF,REQ_6D7BC8CC69C5,16,30000.0,v0.1
INS_E8D35A671BDF,REQ_75E3A2C347E2,17,400.0,v0.1
INS_E8D35A671BDF,REQ_603B8B8310C6,18,12430.0,v0.1
INS_E8D35A671BDF,REQ_DC0573640BAD,19,21270.0,v0.1
INS_E8D35A671BDF,REQ_A0D0C90042B2,20,760.0,v0.1
INS_E8D35A671BDF,REQ_8892D608CAD3,21,170.0,v0.1
INS_E8D35A671BDF,REQ_6998AED81AAD,22,7670.0,v0.1
INS_E8D35A671BDF,REQ_3440757B6910,23,350.0,v0.1
INS_E8D35A671BDF,REQ_7B8ED5E4E1BA,24,2000.0,v0.1
INS_E8D35A671BDF,REQ_563348E6718F,25,90.0,v0.1
INS_0C413B62237A,REQ_3146CF2CD56C,0,280.0,v0.1
INS_0C413B62237A,REQ_26C2300CEAF6,1,16510.0,v0.1
INS_0C413B62237A,REQ_162F00C8879C,2,440.00000000000006,v0.1
INS_0C413B62237A,REQ_4F23B8FEA46D,3,3750.0,v0.1
INS_0C413B62237A,REQ_E7B273BCB416,4,8910.0,v0.1
INS_0C413B62237A,REQ_8C5787A501F4,5,1330.0,v0.1
INS_0C413B62237A,REQ_63E218EAA5DE,6,2260.0,v0.1
INS_0C413B62237A,REQ_5C115D03C5C4,7,30000.0,v0.1
INS_0C413B62237A,REQ_6F05AD8D60CE,8,1150.0,v0.1
INS_0C413B62237A,REQ_1506F03D40B0,9,11060.0,v0.1
INS_0C413B62237A,REQ_5052A5D8ACA2,10,19200.0,v0.1
INS_0C413B62237A,REQ_368BA6DCDD44,11,21250.0,v0.1
INS_0C413B62237A,REQ_924969DF1707,12,8160.0,v0.1
INS_0C413B62237A,REQ_FB6C6EB978B9,13,869.9999999999999,v0.1
INS_0C413B62237A,REQ_7C4D9241979C,14,800.0,v0.1
INS_0C413B62237A,REQ_4945DE5F5338,15,150.0,v0.1
INS_0C413B62237A,REQ_93BA0CDACA5A,16,150.0,v0.1
INS_0C413B62237A,REQ_98FC432CE9E7,17,13590.0,v0.1
INS_0C413B62237A,REQ_7B6E1F5B47F1,18,1950.0,v0.1
INS_0C413B62237A,REQ_E6366523516F,19,229.99999999999997,v0.1
INS_0C413B62237A,REQ_EEB6673BCED3,20,15760.0,v0.1
INS_0C413B62237A,REQ_9F55585E9BF0,21,30000.0,v0.1
INS_0C413B62237A,REQ_A86DD8C34DFB,22,7400.0,v0.1
INS_0C413B62237A,REQ_BA61F4AC6E11,23,650.0,v0.1
INS_0C413B62237A,REQ_5DEF037D8CBD,24,1100.0,v0.1
INS_0C413B62237A,REQ_2A1B66B95CA1,25,4250.0,v0.1
INS_0C413B62237A,REQ_3ECF1B2B4A16,26,30000.0,v0.1
INS_0C413B62237A,REQ_549D05C02C01,27,2650.0,v0.1
INS_0C413B62237A,REQ_D7D2232C7279,28,230.0,v0.1
INS_0C413B62237A,REQ_15CA18B3F8DE,29,30000.0,v0.1
INS_0C413B62237A,REQ_67F2404F832D,30,30000.0,v0.1
INS_0C413B62237A,REQ_E8B0B715C89C,31,7030.0,v0.1
INS_0C413B62237A,REQ_77FDE5D56124,32,350.0,v0.1
INS_0C413B62237A,REQ_355E54F1C91E,33,20250.0,v0.1
INS_0C413B62237A,REQ_D638DFF5F24A,34,1150.0,v0.1
INS_0C413B62237A,REQ_FA75CD8E5F3D,35,360.0,v0.1
INS_0C413B62237A,REQ_25CD4506DE3B,36,2700.0,v0.1
INS_0C413B62237A,REQ_12037115D1CC,37,13700.0,v0.1
INS_0C413B62237A,REQ_D8FECAC367DC,38,100.0,v0.1
INS_0C413B62237A,REQ_57B29D2BA059,39,1910.0,v0.1
INS_0C413B62237A,REQ_C9AEBD408ECD,40,4320.0,v0.1
INS_0C413B62237A,REQ_C65A8DB8E05B,41,1600.0,v0.1
INS_0C413B62237A,REQ_93328C95F4F3,42,860.0,v0.1
INS_0C413B62237A,REQ_C3D11242A41B,43,900.0,v0.1
INS_0C413B62237A,REQ_A959EBE0FC7E,44,13790.0,v0.1
INS_0C413B62237A,REQ_C515B0081661,45,2310.0,v0.1
INS_B1E8822D7BB0,REQ_FEAE417025F5,0,30000.0,v0.1
INS_B1E8822D7BB0,REQ_1FDBE47E8387,1,640.0,v0.1
INS_B1E8822D7BB0,REQ_B9C174D99FAE,2,1170.0,v0.1
INS_B1E8822D7BB0,REQ_C9D123E707D4,3,1300.0,v0.1
INS_B1E8822D7BB0,REQ_469BE6037717,4,3310.0,v0.1
INS_B1E8822D7BB0,REQ_AD69AC94FA2E,5,30000.0,v0.1
INS_B1E8822D7BB0,REQ_C0E49F2D07FD,6,10040.0,v0.1
INS_B1E8822D7BB0,REQ_180C895F0115,7,1160.0,v0.1
INS_B1E8822D7BB0,REQ_6EAD428E0420,8,22870.0,v0.1
INS_B1E8822D7BB0,REQ_3E0EC9CBB681,9,9100.0,v0.1
INS_B1E8822D7BB0,REQ_26CC60F9D894,10,100.0,v0.1
INS_B1E8822D7BB0,REQ_A5D747D8CC7E,11,27090.0,v0.1
INS_B1E8822D7BB0,REQ_081CA024FA03,12,23840.0,v0.1
INS_B1E8822D7BB0,REQ_E7ACB49559A5,13,690.0,v0.1
INS_B1E8822D7BB0,REQ_021B5A9180CE,14,30000.0,v0.1
INS_B1E8822D7BB0,REQ_CA15D0E3E785,15,270.0,v0.1
INS_B1E8822D7BB0,REQ_EEC235C3AE6F,16,2200.0,v0.1
INS_B1E8822D7BB0,REQ_FB0AA356C5FF,17,2860.0,v0.1
INS_B1E8822D7BB0,REQ_B3951033B964,18,2875.0,v0.1
INS_B1E8822D7BB0,REQ_7899C9D75D55,19,430.0,v0.1
INS_B1E8822D7BB0,REQ_101A5AF3B9A1,20,1310.0,v0.1
INS_B1E8822D7BB0,REQ_5B093649BAF8,21,8880.0,v0.1
INS_B1E8822D7BB0,REQ_46817DF8D720,22,27740.0,v0.1
INS_B1E8822D7BB0,REQ_E4EAA142A727,23,2400.0,v0.1
INS_B1E8822D7BB0,REQ_0AEA5A48CCBE,24,14040.0,v0.1
INS_B1E8822D7BB0,REQ_2E8D626E7BEB,25,500.0,v0.1
INS_B1E8822D7BB0,REQ_FB5D8E055B7F,26,2000.0,v0.1
INS_B1E8822D7BB0,REQ_FD59E788D819,27,19000.0,v0.1
INS_B1E8822D7BB0,REQ_166EDBFA7545,28,100.0,v0.1
INS_B1E8822D7BB0,REQ_54D7CB77EEAF,29,1970.0,v0.1
INS_B1E8822D7BB0,REQ_D536B8A3F250,30,1770.0,v0.1
INS_B1E8822D7BB0,REQ_317104AF003A,31,30000.0,v0.1
INS_B1E8822D7BB0,REQ_55865FBB8C68,32,250.0,v0.1
INS_B1E8822D7BB0,REQ_DBB0BAF02B58,33,80.0,v0.1
INS_B1E8822D7BB0,REQ_6DB20FCEA481,34,13200.0,v0.1
INS_B1E8822D7BB0,REQ_43F3BC8DED09,35,7750.0,v0.1
INS_B1E8822D7BB0,REQ_4659D0684F96,36,1510.0,v0.1
INS_C3EC8847811A,REQ_211AF99517E6,0,6750.0,v0.1
INS_C3EC8847811A,REQ_6BC2D2032FB5,1,820.0,v0.1
INS_C3EC8847811A,REQ_89E705746198,2,5840.0,v0.1
INS_C3EC8847811A,REQ_31DFF5EE531B,3,4550.0,v0.1
INS_C3EC8847811A,REQ_0031EAF36E68,4,880.0000000000001,v0.1
INS_C3EC8847811A,REQ_EC735DEE3C25,5,11020.0,v0.1
INS_C3EC8847811A,REQ_0960EE089F98,6,6350.0,v0.1
INS_C3EC8847811A,REQ_197639F69E82,7,300.0,v0.1
INS_C3EC8847811A,REQ_C63CCFC2D1E4,8,22650.0,v0.1
INS_C3EC8847811A,REQ_97694EAB0F53,9,7840.0,v0.1
INS_C3EC8847811A,REQ_E21EED4BD3EB,10,30000.0,v0.1
INS_C3EC8847811A,REQ_B68CE30ACD03,11,300.0,v0.1
INS_C3EC8847811A,REQ_308428F47585,12,1370.0,v0.1
INS_C3EC8847811A,REQ_94331502000A,13,240.0,v0.1
INS_C3EC8847811A,REQ_F03C5F5B7AD2,14,820.0,v0.1
INS_C3EC8847811A,REQ_60343256CFE1,15,1300.0,v0.1
INS_C3EC8847811A,REQ_8BF5F9B066FB,16,1250.0,v0.1
INS_C3EC8847811A,REQ_6EE9AA41EAE5,17,500.0,v0.1
INS_C3EC8847811A,REQ_2D7A2CC1069A,18,7600.0,v0.1
INS_C3EC8847811A,REQ_BEFB224ED0E5,19,520.0,v0.1
INS_C3EC8847811A,REQ_CE9F8D2B6A69,20,8280.0,v0.1
INS_C3EC8847811A,REQ_815378FFC9AE,21,330.0,v0.1
INS_C3EC8847811A,REQ_2614ED3A824C,22,1430.0,v0.1
INS_C3EC8847811A,REQ_F937FFFEAECA,23,26230.0,v0.1
INS_C3EC8847811A,REQ_E81CD13A29CF,24,28460.0,v0.1
INS_C3EC8847811A,REQ_B42DE0D244D3,25,550.0,v0.1
INS_C3EC8847811A,REQ_EE722157CDA3,26,800.0,v0.1
INS_C3EC8847811A,REQ_96DF8DEE6FB4,27,8750.0,v0.1
INS_12B5F24B3F33,REQ_8DA52EE77702,0,1770.0,v0.1
INS_12B5F24B3F33,REQ_D8464A87EC30,1,360.0,v0.1
INS_12B5F24B3F33,REQ_30990E891687,2,830.0,v0.1
INS_12B5F24B3F33,REQ_0977D0DAB197,3,840.0,v0.1
INS_12B5F24B3F33,REQ_2A38E4626095,4,1170.0,v0.1
INS_12B5F24B3F33,REQ_B2616FCCFD75,5,31140.0,v0.1
INS_12B5F24B3F33,REQ_CB17B3603761,6,800.0,v0.1
INS_12B5F24B3F33,REQ_6563ED4C4A63,7,19650.0,v0.1
INS_12B5F24B3F33,REQ_0EF09E09EE8D,8,800.0,v0.1
INS_12B5F24B3F33,REQ_0AEECE899116,9,270.0,v0.1
INS_12B5F24B3F33,REQ_71FF9689FC0E,10,3640.0,v0.1
INS_12B5F24B3F33,REQ_5B0401CFCF4C,11,3570.0,v0.1
INS_12B5F24B3F33,REQ_B0487470B0A3,12,16480.0,v0.1
INS_12B5F24B3F33,REQ_1E9904C09E37,13,1260.0,v0.1
INS_12B5F24B3F33,REQ_530448B852B6,14,1920.0,v0.1
INS_12B5F24B3F33,REQ_2ECE16D543E3,15,350.0,v0.1
INS_12B5F24B3F33,REQ_64B0A691F3D8,16,30000.0,v0.1
INS_12B5F24B3F33,REQ_D1F2848F0901,17,500.0,v0.1
INS_12B5F24B3F33,REQ_2DBD4D3D8D6C,18,920.0,v0.1
INS_12B5F24B3F33,REQ_67174D544507,19,8630.0,v0.1
INS_12B5F24B3F33,REQ_000FAF83906C,20,2009.9999999999998,v0.1
INS_12B5F24B3F33,REQ_634AE78AD775,21,410.0,v0.1
INS_12B5F24B3F33,REQ_877766EF9A31,22,12630.0,v0.1
INS_12B5F24B3F33,REQ_C6420D4E3537,23,11950.0,v0.1
INS_12B5F24B3F33,REQ_B253DD96E7EC,24,960.0,v0.1
INS_FC9B5340E4FE,REQ_E07A0B8E6982,0,400.0,v0.1
INS_FC9B5340E4FE,REQ_95F237EB635C,1,420.0,v0.1
INS_FC9B5340E4FE,REQ_10475AA74803,2,1670.0,v0.1
INS_FC9B5340E4FE,REQ_6E906C5398D2,3,1160.0,v0.1
INS_FC9B5340E4FE,REQ_D0B86E2A901A,4,2250.0,v0.1
INS_FC9B5340E4FE,REQ_39CEB29D7D1F,5,330.0,v0.1
INS_FC9B5340E4FE,REQ_F4CD865684DC,6,630.0,v0.1
INS_FC9B5340E4FE,REQ_3283338E28B1,7,1140.0,v0.1
INS_FC9B5340E4FE,REQ_3A837C24D04B,8,750.0,v0.1
INS_FC9B5340E4FE,REQ_062DCB8931CB,9,310.0,v0.1
INS_FC9B5340E4FE,REQ_349488A3DE17,10,1590.0,v0.1
INS_FC9B5340E4FE,REQ_C4380D45B096,11,2170.0,v0.1
INS_FC9B5340E4FE,REQ_7F44F81315C9,12,1050.0,v0.1
INS_FC9B5340E4FE,REQ_7F10F7079F66,13,16790.0,v0.1
INS_FC9B5340E4FE,REQ_A66AA48B482C,14,30000.0,v0.1
INS_FC9B5340E4FE,REQ_DD1ADB0C9FC3,15,30000.0,v0.1
INS_FC9B5340E4FE,REQ_8E0790AFDC28,16,130.0,v0.1
INS_FC9B5340E4FE,REQ_A4D3C7C36221,17,160.0,v0.1
INS_FC9B5340E4FE,REQ_724D482C8811,18,760.0,v0.1
INS_FC9B5340E4FE,REQ_3D7CB60BF613,19,1050.0,v0.1
INS_FC9B5340E4FE,REQ_752F91BABB4E,20,30000.0,v0.1
INS_FC9B5340E4FE,REQ_BC5F12978C3E,21,30000.0,v0.1
INS_FC9B5340E4FE,REQ_C8F0145054CE,22,210.0,v0.1
INS_FC9B5340E4FE,REQ_CA5A6C68D153,23,30000.0,v0.1
INS_FC9B5340E4FE,REQ_C14ECDAFF625,24,30000.0,v0.1
INS_FC9B5340E4FE,REQ_66D0C1980DD4,25,1250.0,v0.1
INS_FC9B5340E4FE,REQ_EA1CBA0BCFBF,26,30000.0,v0.1
INS_FC9B5340E4FE,REQ_7EE25FD01096,27,4500.0,v0.1
INS_695FC279DF71,REQ_CF18424C27C9,0,1750.0,v0.1
INS_695FC279DF71,REQ_FBA697271B23,1,1000.0,v0.1
INS_695FC279DF71,REQ_D5DE925A186F,2,3500.0,v0.1
INS_695FC279DF71,REQ_77B185F6D1CE,3,1150.0,v0.1
INS_695FC279DF71,REQ_EAF4AE0CB4D7,4,900.0,v0.1
INS_695FC279DF71,REQ_D2403837B8C7,5,30000.0,v0.1
INS_695FC279DF71,REQ_17C068D3F0C9,6,6860.0,v0.1
INS_695FC279DF71,REQ_C842675D889D,7,3100.0,v0.1
INS_695FC279DF71,REQ_F4CF554741F8,8,450.0,v0.1
INS_695FC279DF71,REQ_BFA0BC58437C,9,2160.0,v0.1
INS_695FC279DF71,REQ_ACB16A2EF033,10,5840.0,v0.1
INS_695FC279DF71,REQ_3A53B9798289,11,16680.0,v0.1
INS_695FC279DF71,REQ_ADD8E27CC023,12,480.0,v0.1
INS_695FC279DF71,REQ_6DCB0BD277CD,13,2340.0,v0.1
INS_9998F520161C,REQ_C1FAEEE89C0A,0,229.99999999999997,v0.1
INS_9998F520161C,REQ_D0B1DE01E66E,1,4180.0,v0.1
INS_9998F520161C,REQ_020F5D22B448,2,4600.0,v0.1
INS_9998F520161C,REQ_FDFA0B0E407A,3,850.0,v0.1
INS_9998F520161C,REQ_877E7B664141,4,2190.0,v0.1
INS_9998F520161C,REQ_159D2CADA9A8,5,3370.0,v0.1
INS_9998F520161C,REQ_2EDECD01A072,6,650.0,v0.1
INS_9998F520161C,REQ_4A0262EAD6BD,7,200.0,v0.1
INS_9998F520161C,REQ_2AF395172890,8,509.99999999999994,v0.1
INS_9998F520161C,REQ_FBF1F936B838,9,1150.0,v0.1
INS_9998F520161C,REQ_568E45AC81B1,10,1050.0,v0.1
INS_9998F520161C,REQ_44040571A562,11,1000.0,v0.1
INS_9998F520161C,REQ_5F5A5E5DA10A,12,1700.0,v0.1
INS_9998F520161C,REQ_7E669F953C4B,13,2400.0,v0.1
INS_9998F520161C,REQ_88D11C0013F2,14,340.0,v0.1
INS_9998F520161C,REQ_78D5257EAAAB,15,2630.0,v0.1
INS_9998F520161C,REQ_217A4DB86173,16,6160.0,v0.1
INS_9998F520161C,REQ_DCC6200D77B2,17,30000.0,v0.1
INS_9998F520161C,REQ_88463CE54A9C,18,24000.0,v0.1
INS_9998F520161C,REQ_9BFE0AC5300A,19,270.0,v0.1
INS_9998F520161C,REQ_FBDD50ECC317,20,5360.0,v0.1
INS_9998F520161C,REQ_378939E84F8D,21,16880.0,v0.1
INS_9998F520161C,REQ_C157987871E0,22,300.0,v0.1
INS_9998F520161C,REQ_6CD50389BCA2,23,830.0000000000001,v0.1
INS_9998F520161C,REQ_6E9D44B4BADF,24,8900.0,v0.1
INS_9998F520161C,REQ_4C5E899F963C,25,30000.0,v0.1
INS_9998F520161C,REQ_AFF78B918754,26,819.9999999999999,v0.1
INS_999A97041354,REQ_2F7B23B9BA13,0,26500.0,v0.1
INS_999A97041354,REQ_D477868F8EA7,1,1390.0,v0.1
INS_999A97041354,REQ_4910AC8F4D2F,2,810.0,v0.1
INS_999A97041354,REQ_6B725E794D77,3,28139.999999999996,v0.1
INS_999A97041354,REQ_C06D4C8F2F9C,4,2750.0,v0.1
INS_999A97041354,REQ_04A9B2D1ED2B,5,80.0,v0.1
INS_999A97041354,REQ_16B5B77CD70B,6,800.0,v0.1
INS_999A97041354,REQ_196CA7D86C05,7,17460.0,v0.1
INS_999A97041354,REQ_F5EB51196F3F,8,80.0,v0.1
INS_999A97041354,REQ_A2C99B411D9B,9,17310.0,v0.1
INS_999A97041354,REQ_2AC1D31BA895,10,23720.0,v0.1
INS_999A97041354,REQ_741D7C899A40,11,28300.0,v0.1
INS_999A97041354,REQ_7BB4D8BAAC00,12,260.0,v0.1
INS_999A97041354,REQ_C6925C9AB5D0,13,140.0,v0.1
INS_999A97041354,REQ_885507B50307,14,400.0,v0.1
INS_999A97041354,REQ_189A45856D76,15,950.0,v0.1
INS_999A97041354,REQ_CB8870481A81,16,200.0,v0.1
INS_999A97041354,REQ_42FDB627B5DB,17,12750.0,v0.1
INS_999A97041354,REQ_8B3F4CDA29CF,18,24420.0,v0.1
INS_999A97041354,REQ_C86BCCF82810,19,1480.0,v0.1
INS_999A97041354,REQ_171583F180FE,20,14440.0,v0.1
INS_999A97041354,REQ_3B1A9B374C84,21,780.0,v0.1
INS_999A97041354,REQ_F2AFC438D0DB,22,100.0,v0.1
INS_999A97041354,REQ_FE1B229AD9D8,23,30000.0,v0.1
INS_999A97041354,REQ_C83D17FB2AB0,24,750.0,v0.1
INS_999A97041354,REQ_DCDD433071C9,25,6970.0,v0.1
INS_999A97041354,REQ_873122EC4AAD,26,5840.0,v0.1
INS_999A97041354,REQ_38E5F7F81A4F,27,30000.0,v0.1
INS_999A97041354,REQ_2918109073A1,28,150.0,v0.1
INS_999A97041354,REQ_7AF975463275,29,8000.0,v0.1
INS_999A97041354,REQ_1C0769E0E2E3,30,300.0,v0.1
INS_999A97041354,REQ_E72E2B7E84A1,31,6600.0,v0.1
INS_999A97041354,REQ_7C79481DC62A,32,640.0,v0.1
INS_999A97041354,REQ_CF517F12DF2F,33,30000.0,v0.1
INS_999A97041354,REQ_9CE228F88D69,34,1080.0,v0.1
INS_999A97041354,REQ_1FFFC69677B6,35,1410.0,v0.1
INS_999A97041354,REQ_6C4DE4E7D283,36,15790.0,v0.1
INS_999A97041354,REQ_B503F6C6024F,37,23640.0,v0.1
INS_999A97041354,REQ_2FDF400E8823,38,180.0,v0.1
INS_999A97041354,REQ_4FA750C3EB42,39,30000.0,v0.1
INS_999A97041354,REQ_5E0DA6BC301B,40,100.0,v0.1
INS_999A97041354,REQ_ED4204E56981,41,880.0000000000001,v0.1
INS_999A97041354,REQ_50339901A49C,42,30000.0,v0.1
INS_999A97041354,REQ_8ED1064419D7,43,28580.0,v0.1
INS_999A97041354,REQ_E758C6761242,44,2470.0,v0.1
INS_999A97041354,REQ_0A02FB8B58FB,45,100.0,v0.1
INS_999A97041354,REQ_DBE813722366,46,1030.0,v0.1
INS_999A97041354,REQ_A13CDE8DD45A,47,240.0,v0.1
INS_999A97041354,REQ_F315057BDA65,48,1550.0,v0.1
INS_999A97041354,REQ_07D61D33FD59,49,19060.0,v0.1
INS_999A97041354,REQ_3CFBF1D6195C,50,350.0,v0.1
INS_DDD2E3A48C8E,REQ_24CB4F22CDFF,0,30000.0,v0.1
INS_DDD2E3A48C8E,REQ_685AE81F58A3,1,2050.0,v0.1
INS_DDD2E3A48C8E,REQ_7E669F953C4B,2,2400.0,v0.1
INS_DDD2E3A48C8E,REQ_044E45908140,3,1260.0,v0.1
INS_DDD2E3A48C8E,REQ_B214E873F20C,4,27740.0,v0.1
INS_DDD2E3A48C8E,REQ_14CC7911643F,5,10740.0,v0.1
INS_DDD2E3A48C8E,REQ_BEBB8DB81FAC,6,1440.0,v0.1
INS_DDD2E3A48C8E,REQ_72F14A94661D,7,650.0,v0.1
INS_DDD2E3A48C8E,REQ_2047CF5565B8,8,1820.0,v0.1
INS_DDD2E3A48C8E,REQ_40AA9C34AF63,9,14150.0,v0.1
INS_DDD2E3A48C8E,REQ_7F493FD65DC4,10,23590.0,v0.1
INS_44E57D2263C3,REQ_BDA90FA77A82,0,30000.0,v0.1
INS_44E57D2263C3,REQ_BA3D1AD097B8,1,30000.0,v0.1
INS_44E57D2263C3,REQ_D338BB82A544,2,1350.0,v0.1
INS_44E57D2263C3,REQ_28C9A8141C4D,3,300.0,v0.1
INS_44E57D2263C3,REQ_0B10F73CC301,4,30000.0,v0.1
INS_44E57D2263C3,REQ_BF45CF3AB158,5,14910.0,v0.1
INS_44E57D2263C3,REQ_D8010BFA7DB6,6,1770.0,v0.1
INS_44E57D2263C3,REQ_91816EA845DE,7,4460.0,v0.1
INS_1EB3D35D3C0B,REQ_99665C9A3B2B,0,409.99999999999994,v0.1
INS_1EB3D35D3C0B,REQ_09E8530478F5,1,250.0,v0.1
INS_1EB3D35D3C0B,REQ_A95F4B7BFBC2,2,14630.0,v0.1
INS_1EB3D35D3C0B,REQ_2C33E9123960,3,8475.0,v0.1
INS_1EB3D35D3C0B,REQ_768270D0D13F,4,7470.0,v0.1
INS_1EB3D35D3C0B,REQ_3A094BCC0764,5,1789.9999999999998,v0.1
INS_1EB3D35D3C0B,REQ_484E0295CC24,6,16810.0,v0.1
INS_1EB3D35D3C0B,REQ_8FD0943C9A93,7,8850.0,v0.1
INS_1EB3D35D3C0B,REQ_B18AE0F45506,8,200.0,v0.1
INS_1EB3D35D3C0B,REQ_C165449042E8,9,3160.0,v0.1
INS_1EB3D35D3C0B,REQ_B9CE58048766,10,12040.0,v0.1
INS_1EB3D35D3C0B,REQ_6293BC6255FA,11,100.0,v0.1
INS_1EB3D35D3C0B,REQ_EDC797E0FE46,12,7220.0,v0.1
INS_1EB3D35D3C0B,REQ_34CE9711FE96,13,4890.0,v0.1
INS_1EB3D35D3C0B,REQ_8F6D3986C7C8,14,310.0,v0.1
INS_1EB3D35D3C0B,REQ_E5070CE01C4D,15,550.0,v0.1
INS_1EB3D35D3C0B,REQ_43A65EA30756,16,420.0,v0.1
INS_1EB3D35D3C0B,REQ_1C208B5F06A3,17,14760.0,v0.1
INS_1EB3D35D3C0B,REQ_4AC0C8977D4F,18,30000.0,v0.1
INS_1EB3D35D3C0B,REQ_8F1865413DF5,19,6450.0,v0.1
INS_1EB3D35D3C0B,REQ_69D5162B9B63,20,25560.0,v0.1
INS_1EB3D35D3C0B,REQ_E116E8ACE2DE,21,30000.0,v0.1
INS_C2A49E36D8A7,REQ_EC10F1F02F91,0,1770.0,v0.1
INS_C2A49E36D8A7,REQ_BA23BB0BD6B3,1,11110.0,v0.1
INS_C2A49E36D8A7,REQ_E7A1EB08E39D,2,6370.0,v0.1
INS_C2A49E36D8A7,REQ_C33D27B52AC4,3,1210.0,v0.1
INS_C2A49E36D8A7,REQ_2BC00D194305,4,200.0,v0.1
INS_C2A49E36D8A7,REQ_52C6608D13D3,5,1500.0,v0.1
INS_C2A49E36D8A7,REQ_714FB9019218,6,700.0,v0.1
INS_C2A49E36D8A7,REQ_773068D7947B,7,30000.0,v0.1
INS_C2A49E36D8A7,REQ_47B95BD115EA,8,25590.0,v0.1
INS_C2A49E36D8A7,REQ_5851684E5324,9,4380.0,v0.1
INS_C2A49E36D8A7,REQ_10BB79448F89,10,3860.0,v0.1
INS_C2A49E36D8A7,REQ_CF273B1F5056,11,1260.0,v0.1
INS_C2A49E36D8A7,REQ_E740E0747FF0,12,2740.0,v0.1
INS_C2A49E36D8A7,REQ_0F8D17908872,13,15275.0,v0.1
INS_C2A49E36D8A7,REQ_A8F61C44EA3E,14,11330.0,v0.1
INS_C2A49E36D8A7,REQ_4A574D652587,15,30000.0,v0.1
INS_C2A49E36D8A7,REQ_22CA94916AE4,16,3080.0,v0.1
INS_C2A49E36D8A7,REQ_869068042822,17,19170.0,v0.1
INS_C2A49E36D8A7,REQ_E1964CAA21FA,18,2500.0,v0.1
INS_C2A49E36D8A7,REQ_A02BC770100B,19,30000.0,v0.1
INS_C2A49E36D8A7,REQ_F4CC0B17AF2E,20,1850.0,v0.1
INS_C2A49E36D8A7,REQ_B264D7056172,21,1070.0,v0.1
INS_C2A49E36D8A7,REQ_5E2830D9B995,22,2090.0,v0.1
INS_C2A49E36D8A7,REQ_A444BF07C848,23,4910.0,v0.1
INS_C2A49E36D8A7,REQ_732C52F414A8,24,300.0,v0.1
INS_C2A49E36D8A7,REQ_7EE4CD1EE281,25,30000.0,v0.1
INS_C2A49E36D8A7,REQ_1E6E39FD7418,26,21860.0,v0.1
INS_C2A49E36D8A7,REQ_DCA1BBDE538A,27,550.0,v0.1
INS_C2A49E36D8A7,REQ_181552B4522B,28,690.0,v0.1
INS_C2A49E36D8A7,REQ_42BA3F62E030,29,1000.0,v0.1
INS_C2A49E36D8A7,REQ_059A073CCF36,30,1050.0,v0.1
INS_C2A49E36D8A7,REQ_C7FD898818DA,31,30000.0,v0.1
INS_C2A49E36D8A7,REQ_683B40B98F90,32,11730.0,v0.1
INS_C2A49E36D8A7,REQ_9D1B3BE0B97B,33,1150.0,v0.1
INS_C2A49E36D8A7,REQ_52A2A08C1116,34,30000.0,v0.1
INS_C2A49E36D8A7,REQ_2277F6C7E65E,35,15200.0,v0.1
INS_C2A49E36D8A7,REQ_3F68460A91D4,36,30000.0,v0.1
INS_C2A49E36D8A7,REQ_A221E70169D5,37,2370.0,v0.1
INS_C2A49E36D8A7,REQ_C6A0CDE92148,38,100.0,v0.1
INS_C2A49E36D8A7,REQ_CCFF8EA202A2,39,540.0,v0.1
INS_C2A49E36D8A7,REQ_DFB8AAEE87B6,40,350.0,v0.1
INS_C2A49E36D8A7,REQ_3B8E963FD701,41,1520.0,v0.1
INS_C2A49E36D8A7,REQ_AA2A15E11326,42,280.0,v0.1
INS_C2A49E36D8A7,REQ_958ACEB760A8,43,1230.0,v0.1
INS_C2A49E36D8A7,REQ_3831D9282669,44,900.0,v0.1
INS_C2A49E36D8A7,REQ_1ACEF7606605,45,10020.0,v0.1
INS_C2A49E36D8A7,REQ_A59AED1AD227,46,1060.0,v0.1
INS_C2A49E36D8A7,REQ_3D7A208600B1,47,550.0,v0.1
INS_C2A49E36D8A7,REQ_73DA91F0C32A,48,2950.0,v0.1
INS_C2A49E36D8A7,REQ_F7047D3E3FDA,49,30000.0,v0.1
INS_C2A49E36D8A7,REQ_C218BDD55ACC,50,1680.0,v0.1
INS_1782ECA848EC,REQ_663B7B5AAD54,0,6850.0,v0.1
INS_1782ECA848EC,REQ_0B7BC48BE518,1,15880.0,v0.1
INS_1782ECA848EC,REQ_F41F80635A10,2,1880.0,v0.1
INS_1782ECA848EC,REQ_3C13720DAADE,3,12150.0,v0.1
INS_1782ECA848EC,REQ_8DF44DEB8ADD,4,10890.0,v0.1
INS_1782ECA848EC,REQ_FD3F483F433C,5,690.0,v0.1
INS_1782ECA848EC,REQ_9F694A1F172C,6,110.00000000000001,v0.1
INS_1782ECA848EC,REQ_9E466BDB29AA,7,13770.0,v0.1
INS_1782ECA848EC,REQ_0FCA6D4EB078,8,30000.0,v0.1
INS_1782ECA848EC,REQ_794419E34869,9,5250.0,v0.1
INS_1782ECA848EC,REQ_8D6D59EB4980,10,30000.0,v0.1
INS_1782ECA848EC,REQ_25E9EEF0DCBC,11,300.0,v0.1
INS_1782ECA848EC,REQ_0CBFD5166639,12,30000.0,v0.1
INS_1782ECA848EC,REQ_1D220766B9EC,13,670.0,v0.1
INS_1782ECA848EC,REQ_BFF5741DE4AC,14,30000.0,v0.1
INS_1782ECA848EC,REQ_CE029EC3F9D3,15,8900.0,v0.1
INS_1782ECA848EC,REQ_F55F6302B7E3,16,30000.0,v0.1
INS_591A21CCE7D4,REQ_6814C4EF42E8,0,9260.0,v0.1
INS_591A21CCE7D4,REQ_3B41DAC2C42F,1,950.0,v0.1
INS_591A21CCE7D4,REQ_A9F1AA6F46B2,2,28170.0,v0.1
INS_591A21CCE7D4,REQ_23D5E7348482,3,27600.0,v0.1
INS_591A21CCE7D4,REQ_59DFD747360C,4,30000.0,v0.1
INS_591A21CCE7D4,REQ_17A61A88123D,5,2230.0,v0.1
INS_591A21CCE7D4,REQ_6971112E3344,6,600.0,v0.1
INS_591A21CCE7D4,REQ_7A49E1A67C1C,7,1030.0,v0.1
INS_591A21CCE7D4,REQ_892879E4704E,8,630.0,v0.1
INS_591A21CCE7D4,REQ_14387ABB76F2,9,750.0,v0.1
INS_591A21CCE7D4,REQ_BC25618B89E3,10,30000.0,v0.1
INS_591A21CCE7D4,REQ_63F17B6061B3,11,1040.0,v0.1
INS_591A21CCE7D4,REQ_BF901C968BF2,12,10650.0,v0.1
INS_591A21CCE7D4,REQ_C85A6B2E3893,13,30000.0,v0.1
INS_591A21CCE7D4,REQ_81EA05F86D02,14,2350.0,v0.1
INS_591A21CCE7D4,REQ_2FD8A97D7106,15,30000.0,v0.1
INS_591A21CCE7D4,REQ_9BC370C4FF78,16,1010.0,v0.1
INS_591A21CCE7D4,REQ_F55D7EEABEEE,17,21940.0,v0.1
INS_591A21CCE7D4,REQ_68A05259AB87,18,30000.0,v0.1
INS_591A21CCE7D4,REQ_CDBF7DF2F89E,19,820.0,v0.1
INS_591A21CCE7D4,REQ_11E6D3666CE4,20,30000.0,v0.1
INS_591A21CCE7D4,REQ_A801A797D3D3,21,1150.0,v0.1
INS_591A21CCE7D4,REQ_BC17053A0098,22,30000.0,v0.1
INS_591A21CCE7D4,REQ_D461D6CE653A,23,30000.0,v0.1
INS_591A21CCE7D4,REQ_FB25FE300702,24,2150.0,v0.1
INS_591A21CCE7D4,REQ_10A9E3A15696,25,30000.0,v0.1
INS_1DD44FD51BF4,REQ_4CC2DA46AECF,0,30000.0,v0.1
INS_1DD44FD51BF4,REQ_B884FFFCE234,1,30000.0,v0.1
INS_1DD44FD51BF4,REQ_43CCF80E4E99,2,30000.0,v0.1
INS_1DD44FD51BF4,REQ_CB81322F5C84,3,6800.0,v0.1
INS_1DD44FD51BF4,REQ_6C087EA6F86F,4,30000.0,v0.1
INS_1DD44FD51BF4,REQ_75AB6204EF53,5,390.0,v0.1
INS_1DD44FD51BF4,REQ_C21D9002E4B1,6,22540.0,v0.1
INS_1DD44FD51BF4,REQ_B928B17119AE,7,6080.0,v0.1
INS_1DD44FD51BF4,REQ_A673DE68CE58,8,26980.0,v0.1
INS_1DD44FD51BF4,REQ_25F94CE4E455,9,30000.0,v0.1
INS_1DD44FD51BF4,REQ_BA4765F3E68D,10,30000.0,v0.1
INS_1DD44FD51BF4,REQ_919DD27012C6,11,30000.0,v0.1
INS_1DD44FD51BF4,REQ_0CC67604B2B7,12,24350.0,v0.1
INS_1DD44FD51BF4,REQ_16000AC93CBF,13,17000.0,v0.1
INS_1DD44FD51BF4,REQ_05AC31DD7CD8,14,9310.0,v0.1
INS_1DD44FD51BF4,REQ_0C29D1C7632C,15,30000.0,v0.1
INS_1DD44FD51BF4,REQ_89498E831993,16,30000.0,v0.1
INS_1DD44FD51BF4,REQ_BC1B952684D8,17,30000.0,v0.1
INS_1DD44FD51BF4,REQ_48C9BCADCABD,18,30000.0,v0.1
INS_1DD44FD51BF4,REQ_895E7DF735BD,19,14200.0,v0.1
INS_1DD44FD51BF4,REQ_9137C155DD72,20,13460.0,v0.1
INS_1DD44FD51BF4,REQ_8BEBDFC315FC,21,15350.0,v0.1
INS_1DD44FD51BF4,REQ_AF8CDDA4D5E0,22,30000.0,v0.1
INS_1DD44FD51BF4,REQ_2A92DFD89864,23,17760.0,v0.1
INS_F699D7B8E86F,REQ_F6630F709884,0,5460.0,v0.1
INS_F699D7B8E86F,REQ_5E8FF134A4FA,1,2039.9999999999998,v0.1
INS_F699D7B8E86F,REQ_2E5CE27C3D31,2,6840.0,v0.1
INS_F699D7B8E86F,REQ_0EB99BD9C89E,3,30000.0,v0.1
INS_F699D7B8E86F,REQ_CEA89FE6B618,4,30000.0,v0.1
INS_F699D7B8E86F,REQ_922F56D63FC4,5,1560.0,v0.1
INS_F699D7B8E86F,REQ_998E722FB33E,6,30000.0,v0.1
INS_F699D7B8E86F,REQ_660D99EE07F5,7,650.0,v0.1
INS_F699D7B8E86F,REQ_9161751B677B,8,30000.0,v0.1
INS_F699D7B8E86F,REQ_E38183CC9521,9,3970.0000000000005,v0.1
INS_F699D7B8E86F,REQ_DB7AECE75440,10,7420.0,v0.1
INS_F699D7B8E86F,REQ_46E66B65360D,11,6260.0,v0.1
INS_F699D7B8E86F,REQ_0EB3D16341F0,12,1140.0,v0.1
INS_F699D7B8E86F,REQ_3F2AC957EF66,13,5130.0,v0.1
INS_F699D7B8E86F,REQ_9540388588A7,14,1400.0,v0.1
INS_F699D7B8E86F,REQ_763237809F23,15,110.00000000000001,v0.1
INS_F699D7B8E86F,REQ_A5FD3930E188,16,8480.0,v0.1
INS_F699D7B8E86F,REQ_181C7FF8E188,17,2400.0,v0.1
INS_F699D7B8E86F,REQ_448746C26A18,18,650.0,v0.1
INS_F699D7B8E86F,REQ_72D9687ED2FB,19,3420.0,v0.1
INS_F699D7B8E86F,REQ_B51A3103F91B,20,30000.0,v0.1
INS_F699D7B8E86F,REQ_D4F28EE1A08D,21,670.0,v0.1
INS_F699D7B8E86F,REQ_03DA5B9ACA03,22,6550.0,v0.1
INS_29DDED6C3185,REQ_3B64E14BDFE4,0,1350.0,v0.1
INS_29DDED6C3185,REQ_E138B3B9DF9B,1,2200.0,v0.1
INS_29DDED6C3185,REQ_98FB6D309525,2,30000.0,v0.1
INS_29DDED6C3185,REQ_E6889F7BEEF4,3,8020.0,v0.1
INS_29DDED6C3185,REQ_5E2B804B7B19,4,2500.0,v0.1
INS_29DDED6C3185,REQ_6A740663991D,5,23210.0,v0.1
INS_29DDED6C3185,REQ_118A4C1D5B93,6,400.0,v0.1
INS_29DDED6C3185,REQ_928F38E06324,7,1900.0,v0.1
INS_29DDED6C3185,REQ_7A2D7FCBDAD3,8,1700.0,v0.1
INS_29DDED6C3185,REQ_A6DDCE542077,9,980.0000000000001,v0.1
INS_29DDED6C3185,REQ_AFA7CEA48434,10,6190.0,v0.1
INS_29DDED6C3185,REQ_129288E2D82A,11,4780.0,v0.1
INS_29DDED6C3185,REQ_4FA46EB7FB52,12,1450.0,v0.1
INS_29DDED6C3185,REQ_B072C9F9DFA4,13,1200.0,v0.1
INS_29DDED6C3185,REQ_24F43664EEC2,14,2900.0,v0.1
INS_29DDED6C3185,REQ_2F3E28119956,15,15400.0,v0.1
INS_29DDED6C3185,REQ_B309684F271D,16,4400.0,v0.1
INS_29DDED6C3185,REQ_AC4AEEE3D128,17,640.0,v0.1
INS_29DDED6C3185,REQ_4F1FF01691BC,18,16090.0,v0.1
INS_29DDED6C3185,REQ_D55BEDA76FEC,19,509.99999999999994,v0.1
INS_29DDED6C3185,REQ_66238CAFE1D2,20,1970.0,v0.1
INS_29DDED6C3185,REQ_2CCCC86E86F7,21,17030.0,v0.1
INS_29DDED6C3185,REQ_588250B0BE92,22,3450.0,v0.1
INS_29DDED6C3185,REQ_E84DD0D3CE59,23,7120.0,v0.1
INS_29DDED6C3185,REQ_C2EA16D04553,24,30000.0,v0.1
INS_29DDED6C3185,REQ_AB48A58A6E7F,25,30000.0,v0.1
INS_29DDED6C3185,REQ_C5D3597F95B2,26,4310.0,v0.1
INS_29DDED6C3185,REQ_FD805D738084,27,1560.0,v0.1
INS_29DDED6C3185,REQ_28D7CAE19AA4,28,890.0,v0.1
INS_29DDED6C3185,REQ_D8A6E2368926,29,2510.0,v0.1
INS_7A06A72CD75D,REQ_FA75CD8E5F3D,0,360.0,v0.1
INS_7A06A72CD75D,REQ_D638DFF5F24A,1,1150.0,v0.1
INS_7A06A72CD75D,REQ_F3AB2042BE0D,2,1040.0,v0.1
INS_7A06A72CD75D,REQ_81705362B06D,3,5600.0,v0.1
INS_7A06A72CD75D,REQ_99FC8B948BBC,4,27500.0,v0.1
INS_7A06A72CD75D,REQ_FB6C6EB978B9,5,869.9999999999999,v0.1
INS_7A06A72CD75D,REQ_ED800669009D,6,1500.0,v0.1
INS_7A06A72CD75D,REQ_290AFA181790,7,30000.0,v0.1
INS_7A06A72CD75D,REQ_C6BA8B2043D6,8,30000.0,v0.1
INS_7A06A72CD75D,REQ_3B9EB9C7ED9F,9,830.0000000000001,v0.1
INS_7A06A72CD75D,REQ_2A1B66B95CA1,10,4250.0,v0.1
INS_7A06A72CD75D,REQ_BE525C359984,11,2580.0,v0.1
INS_7A06A72CD75D,REQ_599B5160511B,12,30000.0,v0.1
INS_4227ADC4D3CC,REQ_AE4CACBB60F2,0,30000.0,v0.1
INS_4227ADC4D3CC,REQ_DFFFA5E3E20F,1,130.0,v0.1
INS_4227ADC4D3CC,REQ_D0281CD30F8D,2,2730.0,v0.1
INS_4227ADC4D3CC,REQ_F632219A71D2,3,2850.0,v0.1
INS_4227ADC4D3CC,REQ_C3FFC6F13AD1,4,190.0,v0.1
INS_4227ADC4D3CC,REQ_B4F09A63D331,5,650.0,v0.1
INS_4227ADC4D3CC,REQ_3A53FEF25AD2,6,2480.0,v0.1
INS_4227ADC4D3CC,REQ_683EDB5B8484,7,140.0,v0.1
INS_4227ADC4D3CC,REQ_DE007F0409B0,8,30000.0,v0.1
INS_4227ADC4D3CC,REQ_4BEAC9221DF4,9,2940.0,v0.1
INS_4227ADC4D3CC,REQ_8865CFC0C2B7,10,700.0,v0.1
INS_4227ADC4D3CC,REQ_AB84501C2EEC,11,19090.0,v0.1
INS_4227ADC4D3CC,REQ_25AC210AA305,12,18040.0,v0.1
INS_4227ADC4D3CC,REQ_8103691AAD01,13,2470.0,v0.1
INS_4227ADC4D3CC,REQ_17989B57DB03,14,25600.0,v0.1
INS_4227ADC4D3CC,REQ_92816106DB3A,15,1980.0,v0.1
INS_4227ADC4D3CC,REQ_4CA570CAEE7E,16,1050.0,v0.1
INS_4227ADC4D3CC,REQ_F2BAB5299EAE,17,2070.0,v0.1
INS_4227ADC4D3CC,REQ_643FAB31A960,18,9600.0,v0.1
INS_4227ADC4D3CC,REQ_85642AFBF49A,19,410.0,v0.1
INS_4227ADC4D3CC,REQ_E65342298B98,20,30000.0,v0.1
INS_4227ADC4D3CC,REQ_B726F030F1F3,21,1600.0,v0.1
INS_4227ADC4D3CC,REQ_EBDB9A7CD8B3,22,30000.0,v0.1
INS_4227ADC4D3CC,REQ_038EFE9ECA18,23,1060.0,v0.1
INS_D101FA80BC83,REQ_BA99C840FEA2,0,270.0,v0.1
INS_D101FA80BC83,REQ_DFFC9D55F101,1,27180.0,v0.1
INS_D101FA80BC83,REQ_065E9F0AB00B,2,30000.0,v0.1
INS_D101FA80BC83,REQ_A122C226913E,3,7150.0,v0.1
INS_D101FA80BC83,REQ_24E03D06BF1E,4,1630.0,v0.1
INS_D101FA80BC83,REQ_0D93DDAA6874,5,10050.0,v0.1
INS_D101FA80BC83,REQ_D7E2523B4DD4,6,10840.0,v0.1
INS_D101FA80BC83,REQ_814F02C341E2,7,180.0,v0.1
INS_D101FA80BC83,REQ_958305EC72C9,8,9780.0,v0.1
INS_D101FA80BC83,REQ_372BF2DC87F1,9,220.0,v0.1
INS_D101FA80BC83,REQ_3168DE636FD0,10,25500.0,v0.1
INS_D101FA80BC83,REQ_BAE27EAEC29B,11,2150.0,v0.1
INS_D101FA80BC83,REQ_20D47B017E6C,12,30000.0,v0.1
INS_D101FA80BC83,REQ_E2431A3E2733,13,1250.0,v0.1
INS_D101FA80BC83,REQ_25FCA32763F5,14,30000.0,v0.1
INS_CAB074F14163,REQ_A2C629D5FFFB,0,9380.0,v0.1
INS_CAB074F14163,REQ_317104AF003A,1,30000.0,v0.1
INS_CAB074F14163,REQ_378774BA64C5,2,229.99999999999997,v0.1
INS_CAB074F14163,REQ_C4BE34189B02,3,700.0,v0.1
INS_CAB074F14163,REQ_4706BBD6F05A,4,3320.0000000000005,v0.1
INS_CAB074F14163,REQ_46817DF8D720,5,27740.0,v0.1
INS_CAB074F14163,REQ_DBB0BAF02B58,6,80.0,v0.1
INS_CAB074F14163,REQ_A08574D0A8CF,7,9450.0,v0.1
INS_C21CA6A939CB,REQ_019C0E85ACD6,0,16940.0,v0.1
INS_C21CA6A939CB,REQ_E2B7677A5D79,1,1300.0,v0.1
INS_C21CA6A939CB,REQ_8D03446E42A6,2,750.0,v0.1
INS_C21CA6A939CB,REQ_5CD220591DED,3,1610.0,v0.1
INS_C21CA6A939CB,REQ_147BDEBEB3E6,4,19830.0,v0.1
INS_C21CA6A939CB,REQ_40A0A8AF9503,5,5520.0,v0.1
INS_C21CA6A939CB,REQ_ED8C14DD4C81,6,80.0,v0.1
INS_C21CA6A939CB,REQ_A99604B33DD6,7,1130.0,v0.1
INS_C21CA6A939CB,REQ_56D3033D6650,8,200.0,v0.1
INS_C21CA6A939CB,REQ_A4916E27BF07,9,310.0,v0.1
INS_C21CA6A939CB,REQ_B199A3328541,10,5740.0,v0.1
INS_C21CA6A939CB,REQ_E75A2270C5F6,11,30000.0,v0.1
INS_C21CA6A939CB,REQ_73464801F79C,12,409.99999999999994,v0.1
INS_C21CA6A939CB,REQ_34B97FC1E9F7,13,100.0,v0.1
INS_C21CA6A939CB,REQ_EA62CAAC7A54,14,160.0,v0.1
INS_C21CA6A939CB,REQ_900BBD7B15EE,15,310.0,v0.1
INS_C21CA6A939CB,REQ_87E89B6D97F9,16,1580.0,v0.1
INS_C21CA6A939CB,REQ_8781EC39AF40,17,4890.0,v0.1
INS_C21CA6A939CB,REQ_EB2D2EC71D5E,18,30000.0,v0.1
INS_C21CA6A939CB,REQ_9BB107475980,19,5070.0,v0.1
INS_C21CA6A939CB,REQ_D57D4E50FAE1,20,7870.0,v0.1
INS_C21CA6A939CB,REQ_96A708076EBE,21,30000.0,v0.1
INS_C21CA6A939CB,REQ_5671CF58E5F3,22,2820.0,v0.1
INS_C21CA6A939CB,REQ_42232C8CB0A4,23,16710.0,v0.1
INS_C21CA6A939CB,REQ_F6F2F12981B5,24,2460.0,v0.1
INS_C21CA6A939CB,REQ_315C01CF1815,25,20190.0,v0.1
INS_C21CA6A939CB,REQ_85ACDA1BA3C6,26,4050.0,v0.1
INS_C21CA6A939CB,REQ_90F1031F2970,27,9040.0,v0.1
INS_C21CA6A939CB,REQ_2AC48A82BA90,28,24840.0,v0.1
INS_C21CA6A939CB,REQ_DDB3A2931FEE,29,6509.999999999999,v0.1
INS_C21CA6A939CB,REQ_2C6D0A37FF3E,30,30000.0,v0.1
INS_C21CA6A939CB,REQ_A1D42BE926AF,31,680.0,v0.1
INS_C21CA6A939CB,REQ_F693356091F0,32,650.0,v0.1
INS_C21CA6A939CB,REQ_15EA4B57ED8C,33,21480.0,v0.1
INS_C21CA6A939CB,REQ_8EF4A8FCC5BB,34,6940.000000000001,v0.1
INS_C21CA6A939CB,REQ_B38FEA968306,35,509.99999999999994,v0.1
INS_C21CA6A939CB,REQ_EE3A445C59AE,36,23950.0,v0.1
INS_C21CA6A939CB,REQ_8ADD6DAADFCA,37,3150.0,v0.1
INS_A3F0B9E36E23,REQ_8CB03FFD2ABD,0,390.0,v0.1
INS_A3F0B9E36E23,REQ_43A9727BE3FB,1,19510.0,v0.1
INS_A3F0B9E36E23,REQ_DDB3A2931FEE,2,6509.999999999999,v0.1
INS_A3F0B9E36E23,REQ_8781EC39AF40,3,4890.0,v0.1
INS_A3F0B9E36E23,REQ_4C0C5015A487,4,7450.0,v0.1
INS_A3F0B9E36E23,REQ_A1D42BE926AF,5,680.0,v0.1
INS_A3F0B9E36E23,REQ_B730393EFAFB,6,990.0,v0.1
INS_A3F0B9E36E23,REQ_2AC48A82BA90,7,24840.0,v0.1
INS_A3F0B9E36E23,REQ_20B27CDEEA50,8,26900.0,v0.1
INS_A3F0B9E36E23,REQ_9A05EAB2A2C2,9,17350.0,v0.1
INS_A3F0B9E36E23,REQ_5CD220591DED,10,1610.0,v0.1
INS_A3F0B9E36E23,REQ_7C86D569F5D1,11,80.0,v0.1
INS_A3F0B9E36E23,REQ_8CDD07E84BC6,12,150.0,v0.1
INS_3F75D6B2E5F8,REQ_A458D62F441D,0,510.0,v0.1
INS_3F75D6B2E5F8,REQ_8FE32C50FC26,1,1070.0,v0.1
INS_3F75D6B2E5F8,REQ_5851684E5324,2,4380.0,v0.1
INS_3F75D6B2E5F8,REQ_C218BDD55ACC,3,1680.0,v0.1
INS_3F75D6B2E5F8,REQ_C250F24A6D31,4,15950.0,v0.1
INS_3F75D6B2E5F8,REQ_AA2A15E11326,5,280.0,v0.1
INS_3F75D6B2E5F8,REQ_48A68F6F9737,6,28630.0,v0.1
INS_3F75D6B2E5F8,REQ_9422F7363AF5,7,1610.0000000000002,v0.1
INS_3F75D6B2E5F8,REQ_85AFED81054E,8,710.0,v0.1
INS_3F75D6B2E5F8,REQ_A59AED1AD227,9,1060.0,v0.1
INS_3F75D6B2E5F8,REQ_6CBC8527AEA1,10,600.0,v0.1
INS_3F75D6B2E5F8,REQ_079808508C3D,11,680.0,v0.1
INS_3F75D6B2E5F8,REQ_C6A0CDE92148,12,100.0,v0.1
INS_3F75D6B2E5F8,REQ_4317DAE87407,13,900.0,v0.1
INS_F8B6978B71A1,REQ_33E1A6788418,0,30000.0,v0.1
INS_F8B6978B71A1,REQ_0BF7A3446D4C,1,30000.0,v0.1
INS_F8B6978B71A1,REQ_C532521B97BC,2,30000.0,v0.1
INS_F8B6978B71A1,REQ_160D9FE554FF,3,30000.0,v0.1
INS_F8B6978B71A1,REQ_072D5D427A73,4,16440.0,v0.1
INS_F8B6978B71A1,REQ_01C5EF112911,5,30000.0,v0.1
INS_F8B6978B71A1,REQ_DDB817B722A2,6,30000.0,v0.1
INS_F8B6978B71A1,REQ_CBF27A2DAACD,7,800.0,v0.1
INS_01AB4169E1E9,REQ_5A906F68AC18,0,30000.0,v0.1
INS_01AB4169E1E9,REQ_1C166B12B24C,1,8200.0,v0.1
INS_01AB4169E1E9,REQ_9EC1FC2D4A90,2,2500.0,v0.1
INS_01AB4169E1E9,REQ_6615873864EB,3,2230.0,v0.1
INS_01AB4169E1E9,REQ_275A80C5EBFB,4,2700.0,v0.1
INS_01AB4169E1E9,REQ_14B277B44EF8,5,630.0,v0.1
INS_01AB4169E1E9,REQ_22799D15C6EF,6,2810.0,v0.1
INS_01AB4169E1E9,REQ_B24AD4FCAB76,7,8470.0,v0.1
INS_01AB4169E1E9,REQ_1711CFB221A3,8,150.0,v0.1
INS_01AB4169E1E9,REQ_6D7BC8CC69C5,9,30000.0,v0.1
INS_01AB4169E1E9,REQ_69611E1250FC,10,30000.0,v0.1
INS_01AB4169E1E9,REQ_B5EA5DFD20AC,11,30000.0,v0.1
INS_01AB4169E1E9,REQ_BFD5F4F6527C,12,25500.0,v0.1
INS_01AB4169E1E9,REQ_A424277F866C,13,6710.0,v0.1
INS_CC6B9DD17A89,REQ_EC1F39E0DBFB,0,900.0,v0.1
INS_CC6B9DD17A89,REQ_C99DAC655037,1,3650.0,v0.1
INS_CC6B9DD17A89,REQ_3A171A687380,2,1070.0,v0.1
INS_CC6B9DD17A89,REQ_A278EFD5DB89,3,990.0,v0.1
INS_CC6B9DD17A89,REQ_B0988AFEED77,4,130.0,v0.1
INS_CC6B9DD17A89,REQ_197294D6DEA0,5,30000.0,v0.1
INS_CC6B9DD17A89,REQ_D44449EAC019,6,30000.0,v0.1
INS_CC6B9DD17A89,REQ_A4830DDA5DCD,7,6200.0,v0.1
INS_CC6B9DD17A89,REQ_240975CB2AFB,8,2870.0,v0.1
INS_CC6B9DD17A89,REQ_E1395EC408CD,9,1410.0,v0.1
INS_CC6B9DD17A89,REQ_2D92DED237B1,10,270.0,v0.1
INS_CC6B9DD17A89,REQ_8E463610CAD3,11,25920.0,v0.1
INS_CC6B9DD17A89,REQ_B0ADDB9F473B,12,869.9999999999999,v0.1
INS_CC6B9DD17A89,REQ_660F5FDDCF07,13,550.0,v0.1
INS_CC6B9DD17A89,REQ_A541F598DFF7,14,1650.0,v0.1
INS_CC6B9DD17A89,REQ_A7560B36DB5F,15,5420.0,v0.1
INS_CC6B9DD17A89,REQ_71E7E2E0B7F0,16,280.0,v0.1
INS_CC6B9DD17A89,REQ_AD923901604A,17,6600.0,v0.1
INS_CC6B9DD17A89,REQ_E504DF3A03E8,18,30000.0,v0.1
INS_CC6B9DD17A89,REQ_2FBFB2C57386,19,770.0,v0.1
INS_CC6B9DD17A89,REQ_0EF2DC41CCFB,20,390.0,v0.1
INS_CC6B9DD17A89,REQ_0F5C9677B1D9,21,30000.0,v0.1
INS_CC6B9DD17A89,REQ_16E23BDA7AA9,22,30000.0,v0.1
INS_CC6B9DD17A89,REQ_E34FE875170F,23,500.0,v0.1
INS_CC6B9DD17A89,REQ_6CD4ED03A44D,24,2100.0,v0.1
INS_CC6B9DD17A89,REQ_4508536AC8AE,25,2320.0,v0.1
INS_CC6B9DD17A89,REQ_A5443336A0DA,26,29790.0,v0.1
INS_CC6B9DD17A89,REQ_A53C9BE2DA41,27,670.0,v0.1
INS_CC6B9DD17A89,REQ_73601E28AE1F,28,30000.0,v0.1
INS_CC6B9DD17A89,REQ_2FE12C476DDA,29,13740.0,v0.1
INS_CC6B9DD17A89,REQ_B4413A1F35BD,30,2990.0,v0.1
INS_CC6B9DD17A89,REQ_34BEBEEF0FF3,31,12630.0,v0.1
INS_CC6B9DD17A89,REQ_031242229A4A,32,3160.0,v0.1
INS_CC6B9DD17A89,REQ_D13463BF0D6A,33,17030.0,v0.1
INS_CC6B9DD17A89,REQ_ECD09C4ACF7B,34,409.99999999999994,v0.1
INS_CC6B9DD17A89,REQ_205F985B77CD,35,400.0,v0.1
INS_CC6B9DD17A89,REQ_28A2C780A8AC,36,10760.0,v0.1
INS_CC6B9DD17A89,REQ_075B54B7EC0B,37,310.0,v0.1
INS_CC6B9DD17A89,REQ_2B8791FC42DC,38,1430.0,v0.1
INS_CC6B9DD17A89,REQ_A50C6073AA98,39,3970.0000000000005,v0.1
INS_CC6B9DD17A89,REQ_7D8D8E06169D,40,30000.0,v0.1
INS_CC6B9DD17A89,REQ_CF2F6087994E,41,7910.0,v0.1
INS_CC6B9DD17A89,REQ_34FD3D8A6C35,42,400.0,v0.1
INS_CC6B9DD17A89,REQ_6F3FB0A27AC7,43,15230.0,v0.1
INS_CC6B9DD17A89,REQ_C217251DA0E1,44,200.0,v0.1
INS_CC6B9DD17A89,REQ_D5D91096E1D4,45,16260.000000000002,v0.1
INS_CC6B9DD17A89,REQ_E10651E2920A,46,30000.0,v0.1
INS_CC6B9DD17A89,REQ_B083C798C98D,47,6650.0,v0.1
INS_CC6B9DD17A89,REQ_39710B033C9B,48,2580.0,v0.1
INS_934352238DC8,REQ_F43C68CD870B,0,1300.0,v0.1
INS_934352238DC8,REQ_FDE3FB39B62A,1,660.0,v0.1
INS_934352238DC8,REQ_0D0B90AC7145,2,30410.0,v0.1
INS_934352238DC8,REQ_8BE1ACCDE66F,3,15900.0,v0.1
INS_934352238DC8,REQ_3EB39AE1C3E9,4,2150.0,v0.1
INS_934352238DC8,REQ_220DF6FE60F0,5,2400.0,v0.1
INS_934352238DC8,REQ_160F751B2982,6,2820.0,v0.1
INS_934352238DC8,REQ_BE01846B1356,7,409.99999999999994,v0.1
INS_934352238DC8,REQ_66926302FC8F,8,29760.0,v0.1
INS_934352238DC8,REQ_A2612A396582,9,30000.0,v0.1
INS_934352238DC8,REQ_E21E0BE9B776,10,1900.0,v0.1
INS_3069506521DF,REQ_AB557BB78B89,0,4720.0,v0.1
INS_3069506521DF,REQ_18CF22F297E7,1,5400.0,v0.1
INS_3069506521DF,REQ_297314F5108F,2,25990.0,v0.1
INS_3069506521DF,REQ_A3903B23C6E0,3,80.0,v0.1
INS_3069506521DF,REQ_8CF3249EBF50,4,1140.0,v0.1
INS_3069506521DF,REQ_A36748C59723,5,1930.0,v0.1
INS_3069506521DF,REQ_6AABEA92523B,6,25000.0,v0.1
INS_3069506521DF,REQ_B1E0A1232AA0,7,4120.0,v0.1
INS_3069506521DF,REQ_241AEA96B2B2,8,1240.0,v0.1
INS_3069506521DF,REQ_3ED251286D66,9,30000.0,v0.1
INS_3069506521DF,REQ_6E8A1F5B14C2,10,3550.0,v0.1
INS_3069506521DF,REQ_343149A8EC58,11,30000.0,v0.1
INS_3069506521DF,REQ_4D21D5428C65,12,15920.0,v0.1
INS_3069506521DF,REQ_2834FC720DA8,13,1830.0,v0.1
INS_3069506521DF,REQ_50FC70729574,14,100.0,v0.1
INS_3069506521DF,REQ_93D59B65C49C,15,30000.0,v0.1
INS_3069506521DF,REQ_8C955B4F70EC,16,3390.0,v0.1
INS_3069506521DF,REQ_567D2E6EFFF1,17,1650.0,v0.1
INS_3069506521DF,REQ_9ED1956EFBB3,18,8600.0,v0.1
INS_3069506521DF,REQ_DB47263DD036,19,1000.0,v0.1
INS_3069506521DF,REQ_2D46CEB9273F,20,12690.0,v0.1
INS_3069506521DF,REQ_2E7A2848A60F,21,170.0,v0.1
INS_3069506521DF,REQ_172FBE52E970,22,16460.0,v0.1
INS_3069506521DF,REQ_0314AEEE4D49,23,420.0,v0.1
INS_3069506521DF,REQ_487DFC69BEFD,24,550.0,v0.1
INS_3069506521DF,REQ_3A9B7EB3488B,25,30000.0,v0.1
INS_3069506521DF,REQ_AC7EAF4002CF,26,1550.0,v0.1
INS_DCDFAC859455,REQ_1785103119BA,0,5170.0,v0.1
INS_DCDFAC859455,REQ_2B57DB723306,1,13240.0,v0.1
INS_DCDFAC859455,REQ_E4EF27D11EA0,2,24180.0,v0.1
INS_DCDFAC859455,REQ_03BB0869FE97,3,13930.0,v0.1
INS_DCDFAC859455,REQ_0B4782F7DADB,4,4300.0,v0.1
INS_DCDFAC859455,REQ_945A4A3DB574,5,13210.0,v0.1
INS_DCDFAC859455,REQ_A37294C566DB,6,23020.0,v0.1
INS_DCDFAC859455,REQ_62F7D31C3A9B,7,10130.0,v0.1
INS_DCDFAC859455,REQ_332D30EF20E9,8,30000.0,v0.1
INS_DCDFAC859455,REQ_CD3138801AB8,9,80.0,v0.1
INS_DCDFAC859455,REQ_24ACF5DD0CD8,10,7550.0,v0.1
INS_DCDFAC859455,REQ_21C768BD8F3A,11,310.0,v0.1
INS_DCDFAC859455,REQ_ECA3480848AE,12,3880.0,v0.1
INS_DFE7A8464AD3,REQ_F83677D090A2,0,3890.0,v0.1
INS_DFE7A8464AD3,REQ_EF17DA465B5B,1,200.0,v0.1
INS_DFE7A8464AD3,REQ_EDCD6CE525E7,2,400.0,v0.1
INS_DFE7A8464AD3,REQ_72D0CC6DA501,3,11230.0,v0.1
INS_DFE7A8464AD3,REQ_103C6D8DB001,4,300.0,v0.1
INS_DFE7A8464AD3,REQ_96AB6BB074CB,5,4940.0,v0.1
INS_DFE7A8464AD3,REQ_356F7C6D90F3,6,28570.0,v0.1
INS_DFE7A8464AD3,REQ_78C983D7B66F,7,4610.0,v0.1
INS_DFE7A8464AD3,REQ_84D2BA542CDA,8,30000.0,v0.1
INS_DFE7A8464AD3,REQ_F3C0E05A73E3,9,9930.0,v0.1
INS_DFE7A8464AD3,REQ_7D4442072398,10,680.0,v0.1
INS_DFE7A8464AD3,REQ_2870C1E89A7C,11,2290.0,v0.1
INS_DFE7A8464AD3,REQ_F33BD3F99FDA,12,30000.0,v0.1
INS_DFE7A8464AD3,REQ_8AE6E6A65902,13,3500.0,v0.1
INS_DFE7A8464AD3,REQ_2F12BC502EE6,14,1560.0,v0.1
INS_DFE7A8464AD3,REQ_7333E6F03D75,15,680.0,v0.1
INS_DFE7A8464AD3,REQ_C0378C0E1A9A,16,340.0,v0.1
INS_DFE7A8464AD3,REQ_9C54A4FC9A95,17,480.0,v0.1
INS_DFE7A8464AD3,REQ_6A71D33B2244,18,900.0,v0.1
INS_DFE7A8464AD3,REQ_2880EC081247,19,670.0,v0.1
INS_DFE7A8464AD3,REQ_A3EFDDCDF39C,20,15950.0,v0.1
INS_DFE7A8464AD3,REQ_62855519AC24,21,5170.0,v0.1
INS_DFE7A8464AD3,REQ_A2D63EBAB3BA,22,4260.0,v0.1
INS_DFE7A8464AD3,REQ_6E288D72522A,23,3429.9999999999995,v0.1
INS_DFE7A8464AD3,REQ_F57CDB79E84E,24,450.0,v0.1
INS_DFE7A8464AD3,REQ_5910F8B30198,25,1510.0,v0.1
INS_DFE7A8464AD3,REQ_286ED325E320,26,210.0,v0.1
INS_DFE7A8464AD3,REQ_57A58981A586,27,3930.0,v0.1
INS_DFE7A8464AD3,REQ_41EC7535E6FA,28,2710.0,v0.1
INS_F0961953030F,REQ_C6182D0DE0EF,0,30000.0,v0.1
INS_F0961953030F,REQ_19069F2192A6,1,1050.0,v0.1
INS_F0961953030F,REQ_695C1FC87C7D,2,350.0,v0.1
INS_F0961953030F,REQ_F7A4642F95D9,3,14220.0,v0.1
INS_F0961953030F,REQ_06D08A240571,4,930.0000000000001,v0.1
INS_F0961953030F,REQ_FBFF4AC0628B,5,30000.0,v0.1
INS_F0961953030F,REQ_4DEDEA018276,6,11600.0,v0.1
INS_F0961953030F,REQ_1EA4A772B6B6,7,350.0,v0.1
INS_F0961953030F,REQ_A1CEE4BCCA24,8,30000.0,v0.1
INS_F0961953030F,REQ_0BDCE6503DD8,9,320.0,v0.1
INS_F0961953030F,REQ_E734FA08C666,10,350.0,v0.1
INS_F0961953030F,REQ_0E18ADBD8F60,11,1900.0,v0.1
INS_F0961953030F,REQ_5300FF45CEAC,12,750.0,v0.1
INS_A820F1933332,REQ_05BC3307E04D,0,28700.0,v0.1
INS_A820F1933332,REQ_54114FB87900,1,30000.0,v0.1
INS_A820F1933332,REQ_C91B4F62CE65,2,28160.000000000004,v0.1
INS_A820F1933332,REQ_060BD7FAA3C8,3,15569.999999999998,v0.1
INS_A820F1933332,REQ_086D9345AEC7,4,30000.0,v0.1
INS_A820F1933332,REQ_3683EA4A9778,5,30000.0,v0.1
INS_A820F1933332,REQ_77FC90F024B5,6,30000.0,v0.1
INS_A820F1933332,REQ_5E04229BE43D,7,30000.0,v0.1
INS_A820F1933332,REQ_4997B1DC8F39,8,550.0,v0.1
INS_A820F1933332,REQ_DEBE32CFFD52,9,20480.0,v0.1
INS_A820F1933332,REQ_F71E33195C8E,10,1050.0,v0.1
INS_A820F1933332,REQ_7C8F5CAFE1A1,11,1060.0,v0.1
INS_A820F1933332,REQ_6D2837E0F73F,12,280.0,v0.1
INS_A820F1933332,REQ_E61D66AE4EB5,13,19490.0,v0.1
INS_A820F1933332,REQ_163079434E61,14,80.0,v0.1
INS_A820F1933332,REQ_0D7272854519,15,1960.0,v0.1
INS_A820F1933332,REQ_0CC72693FC53,16,30000.0,v0.1
INS_A820F1933332,REQ_28850EC37A99,17,130.0,v0.1
INS_A820F1933332,REQ_95B0EA4D5F1D,18,30000.0,v0.1
INS_759819021347,REQ_5279345F6907,0,160.0,v0.1
INS_759819021347,REQ_D6CE35E0432E,1,4840.0,v0.1
INS_759819021347,REQ_292248C99E77,2,320.0,v0.1
INS_759819021347,REQ_15A839A61D87,3,30000.0,v0.1
INS_759819021347,REQ_62D161A096B6,4,8220.0,v0.1
INS_759819021347,REQ_C298899600A4,5,11490.0,v0.1
INS_759819021347,REQ_2F7599126195,6,1100.0,v0.1
INS_759819021347,REQ_13BD76B8941D,7,430.0,v0.1
INS_759819021347,REQ_918976706E73,8,30000.0,v0.1
INS_759819021347,REQ_5B4E59234BC1,9,280.0,v0.1
INS_759819021347,REQ_37FDAFE257BF,10,1430.0,v0.1
INS_759819021347,REQ_DC90A30FB68E,11,8270.0,v0.1
INS_69F3BC88CD0B,REQ_A1512B26B6C2,0,650.0,v0.1
INS_69F3BC88CD0B,REQ_E65342298B98,1,30000.0,v0.1
INS_69F3BC88CD0B,REQ_F308025E6AF7,2,800.0,v0.1
INS_69F3BC88CD0B,REQ_08558516D78D,3,1670.0,v0.1
INS_69F3BC88CD0B,REQ_5BE783F6159A,4,23210.0,v0.1
INS_69F3BC88CD0B,REQ_7DF0D0F98532,5,28280.0,v0.1
INS_69F3BC88CD0B,REQ_3D6392367D67,6,80.0,v0.1
INS_69F3BC88CD0B,REQ_0DC1A33401BF,7,29980.0,v0.1
INS_69F3BC88CD0B,REQ_15287F434F01,8,23670.0,v0.1
INS_69F3BC88CD0B,REQ_643FAB31A960,9,9600.0,v0.1
INS_69F3BC88CD0B,REQ_3672741DE321,10,1500.0,v0.1
INS_69F3BC88CD0B,REQ_B6EF6A0FE03D,11,30000.0,v0.1
INS_69F3BC88CD0B,REQ_8B8D6C44B35C,12,80.0,v0.1
INS_69F3BC88CD0B,REQ_260012B27031,13,2260.0,v0.1
INS_69F3BC88CD0B,REQ_94AF12DB02AE,14,3050.0,v0.1
INS_69F3BC88CD0B,REQ_CF34D2C07851,15,100.0,v0.1
INS_69F3BC88CD0B,REQ_BE473D1D271C,16,1610.0,v0.1
INS_69F3BC88CD0B,REQ_551B74B23950,17,120.0,v0.1
INS_69F3BC88CD0B,REQ_B20C3CA3B909,18,1400.0,v0.1
INS_9F82C845E13B,REQ_5AA426312973,0,920.0,v0.1
INS_9F82C845E13B,REQ_0E5BE0CF4B2F,1,8950.0,v0.1
INS_9F82C845E13B,REQ_2549E6C30A38,2,490.00000000000006,v0.1
INS_9F82C845E13B,REQ_59EE8B7EE5BA,3,23360.0,v0.1
INS_9F82C845E13B,REQ_E19CEF824B18,4,20670.0,v0.1
INS_9F82C845E13B,REQ_A386446A1485,5,1670.0,v0.1
INS_9F82C845E13B,REQ_86FC443C953B,6,4280.0,v0.1
INS_9F82C845E13B,REQ_743072F0DD02,7,1670.0,v0.1
INS_9F82C845E13B,REQ_EFB94B676B58,8,16580.0,v0.1
INS_9F82C845E13B,REQ_BF2C2E9F25FD,9,4480.0,v0.1
INS_9F82C845E13B,REQ_65696677976D,10,1200.0,v0.1
INS_9F82C845E13B,REQ_28356334F3CA,11,5170.0,v0.1
INS_9F82C845E13B,REQ_FDDC0F4356D5,12,3620.0000000000005,v0.1
INS_9F82C845E13B,REQ_8FADF0376549,13,30000.0,v0.1
INS_9F82C845E13B,REQ_06E92D069FD2,14,30000.0,v0.1
INS_9F82C845E13B,REQ_0A7D61C8441D,15,2500.0,v0.1
INS_9F82C845E13B,REQ_622BB8C7B462,16,30000.0,v0.1
INS_9F82C845E13B,REQ_6749F0A30281,17,8250.0,v0.1
INS_9F82C845E13B,REQ_94FF5343724E,18,3660.0,v0.1
INS_9F82C845E13B,REQ_6C8BC3AAFF3F,19,1580.0,v0.1
INS_9F82C845E13B,REQ_24D27944A04E,20,14630.0,v0.1
INS_9F82C845E13B,REQ_352626272F61,21,2670.0,v0.1
INS_9F82C845E13B,REQ_158744FD1EF6,22,17210.0,v0.1
INS_9F82C845E13B,REQ_4D514BBE4F64,23,1080.0,v0.1
INS_9F82C845E13B,REQ_5B2C6567C988,24,12650.0,v0.1
INS_9F82C845E13B,REQ_6818E65F262D,25,190.0,v0.1
INS_9F82C845E13B,REQ_40D02BE59021,26,1460.0,v0.1
INS_9F82C845E13B,REQ_064EB6DDD298,27,22420.0,v0.1
INS_9F82C845E13B,REQ_40AFA4EDABFA,28,860.0,v0.1
INS_9F82C845E13B,REQ_C5C7A11FF4CB,29,1400.0,v0.1
INS_8EC4A9379997,REQ_4653D80EFA3D,0,500.0,v0.1
INS_8EC4A9379997,REQ_8FC9DBB485EE,1,4080.0,v0.1
INS_8EC4A9379997,REQ_E3FB48D18649,2,1060.0,v0.1
INS_8EC4A9379997,REQ_0B0DDF11FA32,3,250.0,v0.1
INS_8EC4A9379997,REQ_37F8EC5AC6C3,4,1470.0,v0.1
INS_8EC4A9379997,REQ_B20A802EE90E,5,360.0,v0.1
INS_8EC4A9379997,REQ_D6B633D79B1E,6,520.0,v0.1
INS_8EC4A9379997,REQ_81C9D404FBE0,7,900.0,v0.1
INS_8EC4A9379997,REQ_89C1289FB6B6,8,710.0,v0.1
INS_8EC4A9379997,REQ_AC4AA3449309,9,850.0,v0.1
INS_8EC4A9379997,REQ_E78D61667F5D,10,1480.0,v0.1
INS_8EC4A9379997,REQ_8CE08E8A4EF6,11,30000.0,v0.1
INS_8EC4A9379997,REQ_176AFD04DE59,12,1070.0,v0.1
INS_8EC4A9379997,REQ_B8ECAAA05B67,13,30000.0,v0.1
INS_BB9945B9D06A,REQ_BA80F34DAA20,0,2100.0,v0.1
INS_BB9945B9D06A,REQ_EA1AAB35C178,1,10380.0,v0.1
INS_BB9945B9D06A,REQ_08F57BB26C32,2,25410.0,v0.1
INS_BB9945B9D06A,REQ_E6EEABEE94CB,3,800.0,v0.1
INS_BB9945B9D06A,REQ_C2371FAE36CB,4,250.0,v0.1
INS_BB9945B9D06A,REQ_CC606D3650CC,5,360.0,v0.1
INS_BB9945B9D06A,REQ_6A1F4ECEEF7D,6,160.0,v0.1
INS_BB9945B9D06A,REQ_8D487FB40E97,7,1840.0,v0.1
INS_BB9945B9D06A,REQ_67D37E5B3249,8,7100.0,v0.1
INS_BB9945B9D06A,REQ_BEDC45CFB93D,9,360.0,v0.1
INS_BB9945B9D06A,REQ_2E47DD454623,10,5080.0,v0.1
INS_D40FBF68E6A2,REQ_EC2E77B471A2,0,14360.0,v0.1
INS_D40FBF68E6A2,REQ_3552FA72883B,1,220.00000000000003,v0.1
INS_D40FBF68E6A2,REQ_F9D0E96E4FAC,2,11120.0,v0.1
INS_D40FBF68E6A2,REQ_126DCB3FF6AD,3,17950.0,v0.1
INS_D40FBF68E6A2,REQ_DFA86C9343DD,4,2200.0,v0.1
INS_D40FBF68E6A2,REQ_376F332C4B6F,5,430.0,v0.1
INS_D40FBF68E6A2,REQ_0ADEB6C54C1F,6,3050.0,v0.1
INS_D40FBF68E6A2,REQ_ED84798382BF,7,11440.0,v0.1
INS_D40FBF68E6A2,REQ_333314ECD1F1,8,30000.0,v0.1
INS_D40FBF68E6A2,REQ_BBACFF1AE265,9,14680.0,v0.1
INS_D40FBF68E6A2,REQ_564A5800647E,10,1639.9999999999998,v0.1
INS_D40FBF68E6A2,REQ_FA65B749BF2B,11,22220.0,v0.1
INS_D40FBF68E6A2,REQ_20C493ED4F87,12,780.0,v0.1
INS_D40FBF68E6A2,REQ_739DFD9C6FB8,13,4470.0,v0.1
INS_D40FBF68E6A2,REQ_A09101A6882F,14,400.0,v0.1
INS_D40FBF68E6A2,REQ_8FFF263C1DD3,15,6909.999999999999,v0.1
INS_D40FBF68E6A2,REQ_A2F94972484F,16,1390.0,v0.1
INS_D40FBF68E6A2,REQ_5E32CB4A2BA7,17,22250.0,v0.1
INS_D40FBF68E6A2,REQ_0A4B5A6CBF51,18,1310.0,v0.1
INS_D40FBF68E6A2,REQ_227B8C6A2063,19,30000.0,v0.1
INS_D40FBF68E6A2,REQ_24124094D174,20,2300.0,v0.1
INS_D40FBF68E6A2,REQ_47D378F2EB4A,21,30000.0,v0.1
INS_D40FBF68E6A2,REQ_5DCD5CBEC970,22,480.0,v0.1
INS_D40FBF68E6A2,REQ_4DD8E2F6191D,23,30000.0,v0.1
INS_D40FBF68E6A2,REQ_562CFCB17A76,24,4600.0,v0.1
INS_D40FBF68E6A2,REQ_4A50BAFF0AF6,25,860.0,v0.1
INS_D40FBF68E6A2,REQ_D451373DF225,26,22710.0,v0.1
INS_D40FBF68E6A2,REQ_740257D23822,27,390.0,v0.1
INS_D40FBF68E6A2,REQ_66AE040001F0,28,4560.0,v0.1
INS_FEF0472C7FDC,REQ_8AE6E6A65902,0,3500.0,v0.1
INS_FEF0472C7FDC,REQ_5D4DB328DDE5,1,30000.0,v0.1
INS_FEF0472C7FDC,REQ_6E288D72522A,2,3429.9999999999995,v0.1
INS_FEF0472C7FDC,REQ_38226CAA5820,3,500.0,v0.1
INS_FEF0472C7FDC,REQ_F178871C096D,4,1570.0,v0.1
INS_FEF0472C7FDC,REQ_9FA0C39E6734,5,1150.0,v0.1
INS_FEF0472C7FDC,REQ_4F849E471AEF,6,730.0,v0.1
INS_FEF0472C7FDC,REQ_2D4C758C72D5,7,550.0,v0.1
INS_FEF0472C7FDC,REQ_7BF3DD4989EB,8,4710.0,v0.1
INS_FEF0472C7FDC,REQ_99A476393370,9,30000.0,v0.1
INS_FEF0472C7FDC,REQ_0551DF9652E8,10,22130.0,v0.1
INS_FEF0472C7FDC,REQ_2D927BD0C61E,11,100.0,v0.1
INS_FEF0472C7FDC,REQ_8A0F0CAD1E0C,12,620.0,v0.1
INS_FEF0472C7FDC,REQ_2AD96D42B57D,13,4750.0,v0.1
INS_FEF0472C7FDC,REQ_72D0CC6DA501,14,11230.0,v0.1
INS_FEF0472C7FDC,REQ_9A5095CDC0CD,15,10910.0,v0.1
INS_FEF0472C7FDC,REQ_CBC042D3F4F2,16,4180.0,v0.1
INS_D5D43DF0ABA5,REQ_1EE226D19579,0,11900.0,v0.1
INS_D5D43DF0ABA5,REQ_3F8D90E7B904,1,12900.0,v0.1
INS_D5D43DF0ABA5,REQ_E629FD0DAA0A,2,10650.0,v0.1
INS_D5D43DF0ABA5,REQ_353659939B55,3,4170.0,v0.1
INS_AC1C21CEC382,REQ_2EB81B3C6FDB,0,3290.0,v0.1
INS_AC1C21CEC382,REQ_EA31CEF68DB7,1,30000.0,v0.1
INS_AC1C21CEC382,REQ_74946FF9CDFB,2,3700.0,v0.1
INS_AC1C21CEC382,REQ_14B8715AC6C8,3,440.0,v0.1
INS_AC1C21CEC382,REQ_8694747D0481,4,19350.0,v0.1
INS_AC1C21CEC382,REQ_D36873AC4FA3,5,9690.0,v0.1
INS_AC1C21CEC382,REQ_90B248A61ED5,6,10630.0,v0.1
INS_AC1C21CEC382,REQ_43AA762A8056,7,5370.0,v0.1
INS_AC1C21CEC382,REQ_68FEBDA93E2B,8,13090.0,v0.1
INS_AC1C21CEC382,REQ_FA7769302C92,9,1470.0,v0.1
INS_AC1C21CEC382,REQ_3D7BC6898E20,10,680.0,v0.1
INS_AC1C21CEC382,REQ_01443465430B,11,24790.0,v0.1
INS_AC1C21CEC382,REQ_B24DE3002D1B,12,12460.0,v0.1
INS_AC1C21CEC382,REQ_48D36A98A645,13,5450.0,v0.1
INS_AC1C21CEC382,REQ_E10520852CC0,14,6350.0,v0.1
INS_AC1C21CEC382,REQ_AE7F81461CD1,15,1580.0,v0.1
INS_AC1C21CEC382,REQ_AAD38A9E239B,16,13719.999999999998,v0.1
INS_AC1C21CEC382,REQ_0F98B3F29A56,17,4200.0,v0.1
INS_AC1C21CEC382,REQ_F5EEF0156560,18,410.0,v0.1
INS_AC1C21CEC382,REQ_7524D66E546D,19,12900.0,v0.1
INS_AC1C21CEC382,REQ_B72A5FD3C865,20,2880.0,v0.1
INS_AC1C21CEC382,REQ_82B6B3C3D714,21,30000.0,v0.1
INS_AC1C21CEC382,REQ_73E990FDA7F5,22,6210.0,v0.1
INS_AC1C21CEC382,REQ_5D2396F348F9,23,2300.0,v0.1
INS_AC1C21CEC382,REQ_E92CFDA34037,24,7740.0,v0.1
INS_AC1C21CEC382,REQ_F26F741182C6,25,1450.0,v0.1
INS_AC1C21CEC382,REQ_5B4C04E85685,26,6200.0,v0.1
INS_AC1C21CEC382,REQ_C8D2D776306B,27,480.0,v0.1
INS_AC1C21CEC382,REQ_BB7904099E5F,28,30000.0,v0.1
INS_AC1C21CEC382,REQ_1DB89EECF590,29,4090.0,v0.1
INS_AC1C21CEC382,REQ_3C77F0C6D249,30,17210.0,v0.1
INS_AC1C21CEC382,REQ_469AB51B8F02,31,1750.0,v0.1
INS_AC1C21CEC382,REQ_1E82912163A2,32,2280.0,v0.1
INS_AC1C21CEC382,REQ_1516B5B055CD,33,700.0,v0.1
INS_AC1C21CEC382,REQ_60EC36F718BD,34,720.0,v0.1
INS_AC1C21CEC382,REQ_1402AB2E2CC9,35,400.0,v0.1
INS_AC1C21CEC382,REQ_8DDA0421DBC1,36,300.0,v0.1
INS_AC1C21CEC382,REQ_885041498906,37,24980.0,v0.1
INS_229BFEA149CA,REQ_FE709887CAB8,0,1950.0,v0.1
INS_229BFEA149CA,REQ_CD215E758B6A,1,1300.0,v0.1
INS_229BFEA149CA,REQ_40C266D75202,2,600.0,v0.1
INS_229BFEA149CA,REQ_60F6D474800A,3,31450.0,v0.1
INS_229BFEA149CA,REQ_0DDE7ABA9282,4,3470.0000000000005,v0.1
INS_229BFEA149CA,REQ_F7720CFF59F2,5,2510.0,v0.1
INS_229BFEA149CA,REQ_A254BB87D52A,6,3960.0,v0.1
INS_229BFEA149CA,REQ_56C62A8CE838,7,490.0,v0.1
INS_3EBB42234100,REQ_81017EF418EB,0,1900.0,v0.1
INS_3EBB42234100,REQ_3B901C0D5713,1,10830.0,v0.1
INS_3EBB42234100,REQ_78E27B0380EC,2,13110.0,v0.1
INS_3EBB42234100,REQ_2712FCA8FB97,3,8150.0,v0.1
INS_3EBB42234100,REQ_110EFBE70C1E,4,3210.0,v0.1
INS_3EBB42234100,REQ_CB3B9EEF8054,5,2540.0,v0.1
INS_3EBB42234100,REQ_8BB068591534,6,7830.0,v0.1
INS_3EBB42234100,REQ_6A64492FB001,7,11300.0,v0.1
INS_3EBB42234100,REQ_76254D26CEA7,8,760.0,v0.1
INS_3EBB42234100,REQ_2345353ADBE9,9,1490.0,v0.1
INS_3EBB42234100,REQ_4A22DEA1D530,10,1610.0,v0.1
INS_3EBB42234100,REQ_4857BE1D1AAA,11,2960.0,v0.1
INS_3EBB42234100,REQ_602C3976D3B8,12,2830.0,v0.1
INS_3EBB42234100,REQ_8F7E8FE5EFE5,13,9975.0,v0.1
INS_3EBB42234100,REQ_5A1D648BECB5,14,1120.0,v0.1
INS_3EBB42234100,REQ_35AA9EC0B5E1,15,5230.0,v0.1
INS_3EBB42234100,REQ_F151C7726B1B,16,1600.0,v0.1
INS_3EBB42234100,REQ_CED460C2FFF9,17,8660.0,v0.1
INS_3EBB42234100,REQ_43DB8AE7E886,18,6630.0,v0.1
INS_3EBB42234100,REQ_04AB1EBB8486,19,1300.0,v0.1
INS_3EBB42234100,REQ_4F5736232A73,20,610.0,v0.1
INS_3EBB42234100,REQ_ADF64AD2B6D3,21,1330.0,v0.1
INS_3EBB42234100,REQ_BA8840EFA9DE,22,1320.0,v0.1
INS_3EBB42234100,REQ_C84724948CA7,23,1010.0,v0.1
INS_3EBB42234100,REQ_E45C860F0B57,24,100.0,v0.1
INS_3EBB42234100,REQ_4693B6AA9E13,25,10690.0,v0.1
INS_3EBB42234100,REQ_9FC4B4207BC1,26,1450.0,v0.1
INS_B2ABD80CBECA,REQ_FB9AEA5A4585,0,2470.0,v0.1
INS_B2ABD80CBECA,REQ_473DF23E29A0,1,930.0000000000001,v0.1
INS_B2ABD80CBECA,REQ_0BE51FAFA111,2,1090.0,v0.1
INS_B2ABD80CBECA,REQ_083BD102C718,3,1250.0,v0.1
INS_B2ABD80CBECA,REQ_3814F0CA9F40,4,350.0,v0.1
INS_B2ABD80CBECA,REQ_79CD69B16BA4,5,20330.0,v0.1
INS_B2ABD80CBECA,REQ_A74659D86559,6,11660.0,v0.1
INS_B2ABD80CBECA,REQ_234088716DE5,7,2050.0,v0.1
INS_B2ABD80CBECA,REQ_6BCED045453C,8,610.0,v0.1
INS_B8982B5B0BCA,REQ_DF2F62F31A66,0,200.0,v0.1
INS_B8982B5B0BCA,REQ_267C8994F02B,1,100.0,v0.1
INS_B8982B5B0BCA,REQ_FA8F91601F21,2,740.0,v0.1
INS_B8982B5B0BCA,REQ_7D35EFB9F6C7,3,290.0,v0.1
INS_B8982B5B0BCA,REQ_DD3D12FD8081,4,510.0,v0.1
INS_B8982B5B0BCA,REQ_8E9DB1706A4E,5,23620.0,v0.1
INS_B8982B5B0BCA,REQ_B6A8C2DC9502,6,100.0,v0.1
INS_B8982B5B0BCA,REQ_744C83A963CB,7,13340.0,v0.1
INS_B8982B5B0BCA,REQ_44634139268E,8,17610.0,v0.1
INS_B8982B5B0BCA,REQ_92177B2E5404,9,1000.0,v0.1
INS_B8982B5B0BCA,REQ_F161A03FE830,10,4470.0,v0.1
INS_B8982B5B0BCA,REQ_AAFD08F3E4FD,11,730.0,v0.1
INS_B8982B5B0BCA,REQ_D3BF67FC74B5,12,1480.0,v0.1
INS_B8982B5B0BCA,REQ_681793120DA7,13,459.99999999999994,v0.1
INS_B8982B5B0BCA,REQ_F09EC18D7CA7,14,780.0,v0.1
INS_B8982B5B0BCA,REQ_6097DBAA14BF,15,340.0,v0.1
INS_B8982B5B0BCA,REQ_C7C8B7EA7BD5,16,300.0,v0.1
INS_B8982B5B0BCA,REQ_7C01C3EF2EFB,17,200.0,v0.1
INS_B8982B5B0BCA,REQ_5DD253C17171,18,350.0,v0.1
INS_B8982B5B0BCA,REQ_72918D0C07EE,19,6400.0,v0.1
INS_B8982B5B0BCA,REQ_7EDC69512880,20,27110.000000000004,v0.1
INS_50A0FCD51825,REQ_5AFB3577F308,0,30000.0,v0.1
INS_50A0FCD51825,REQ_D1A298714683,1,450.0,v0.1
INS_50A0FCD51825,REQ_880A9984ECD1,2,10360.0,v0.1
INS_50A0FCD51825,REQ_E585D0ACDE06,3,30000.0,v0.1
INS_50A0FCD51825,REQ_78BA37478982,4,12470.0,v0.1
INS_50A0FCD51825,REQ_B0852CDFF6A3,5,6360.0,v0.1
INS_50A0FCD51825,REQ_078CD4A4764D,6,2500.0,v0.1
INS_50A0FCD51825,REQ_3376601CB719,7,3830.0,v0.1
INS_50A0FCD51825,REQ_DD3CBA6465DD,8,530.0,v0.1
INS_50A0FCD51825,REQ_30CEEAB359BC,9,2700.0,v0.1
INS_50A0FCD51825,REQ_74DE3B77B3E5,10,30000.0,v0.1
INS_50A0FCD51825,REQ_B6855C4329C7,11,550.0,v0.1
INS_50A0FCD51825,REQ_87F041E60574,12,16530.0,v0.1
INS_50A0FCD51825,REQ_9DA88C2823DA,13,1300.0,v0.1
INS_ADC2859A85C7,REQ_A3803C9F2D34,0,300.0,v0.1
INS_ADC2859A85C7,REQ_0EB16E17AB08,1,4450.0,v0.1
INS_ADC2859A85C7,REQ_75B09EB95FAD,2,150.0,v0.1
INS_ADC2859A85C7,REQ_52916B7F48AC,3,290.0,v0.1
INS_ADC2859A85C7,REQ_7FA2CF6B1673,4,17570.0,v0.1
INS_ADC2859A85C7,REQ_B553E220A196,5,1850.0,v0.1
INS_ADC2859A85C7,REQ_89CFF5EB53F9,6,26630.0,v0.1
INS_ADC2859A85C7,REQ_72F8297544B7,7,6420.0,v0.1
INS_ADC2859A85C7,REQ_2A7F2885ED19,8,6660.0,v0.1
INS_ADC2859A85C7,REQ_9BBB655A4246,9,260.0,v0.1
INS_ADC2859A85C7,REQ_536744DFD43D,10,560.0,v0.1
INS_ADC2859A85C7,REQ_B69887DF60A3,11,7520.0,v0.1
INS_ADC2859A85C7,REQ_51EFF18D4D6E,12,3779.9999999999995,v0.1
INS_ADC2859A85C7,REQ_EBE636DA1CDC,13,12170.0,v0.1
INS_ADC2859A85C7,REQ_FD7D1D4FC086,14,2120.0,v0.1
INS_ADC2859A85C7,REQ_5D5D0ECB4C66,15,250.0,v0.1
INS_ADC2859A85C7,REQ_162BEA1723D5,16,1100.0,v0.1
INS_A8C6F559D56F,REQ_3FA3CC4C51F7,0,2160.0,v0.1
INS_A8C6F559D56F,REQ_BA104A4D747D,1,650.0,v0.1
INS_A8C6F559D56F,REQ_B77AEB3CC75F,2,4190.0,v0.1
INS_A8C6F559D56F,REQ_2167F1E57151,3,430.0,v0.1
INS_A8C6F559D56F,REQ_E355668AAB7A,4,750.0,v0.1
INS_A8C6F559D56F,REQ_FE19A6ECBBFC,5,1800.0,v0.1
INS_A8C6F559D56F,REQ_29335C4DBAB9,6,2840.0,v0.1
INS_A8C6F559D56F,REQ_2403463ABA54,7,80.0,v0.1
INS_A8C6F559D56F,REQ_8DD1C8DF0C1C,8,1510.0,v0.1
INS_A8C6F559D56F,REQ_2AF64E86B0D1,9,600.0,v0.1
INS_A8C6F559D56F,REQ_A0A9AEC77E01,10,21280.0,v0.1
INS_A8C6F559D56F,REQ_27CB38D4040C,11,14019.999999999998,v0.1
INS_A8C6F559D56F,REQ_BAA2A230308F,12,12200.0,v0.1
INS_1B5589FA20C8,REQ_355A84870FA3,0,11490.0,v0.1
INS_1B5589FA20C8,REQ_48DD5C0FB18F,1,30000.0,v0.1
INS_1B5589FA20C8,REQ_B8FD1259FCA4,2,250.0,v0.1
INS_1B5589FA20C8,REQ_1860762F22B6,3,13950.0,v0.1
INS_1B5589FA20C8,REQ_132F180F90D1,4,480.0,v0.1
INS_1B5589FA20C8,REQ_A7A75CF88293,5,570.0,v0.1
INS_1B5589FA20C8,REQ_0AB234D774DC,6,24760.0,v0.1
INS_1B5589FA20C8,REQ_C7DB60E1F9B8,7,7600.0,v0.1
INS_1B5589FA20C8,REQ_CC449CB9A916,8,12600.0,v0.1
INS_1B5589FA20C8,REQ_BA3D1AD097B8,9,30000.0,v0.1
INS_1B5589FA20C8,REQ_68588ADE69A9,10,28650.0,v0.1
INS_1B5589FA20C8,REQ_74A1F82F275B,11,910.0,v0.1
INS_1B5589FA20C8,REQ_F2912AC05D35,12,12950.0,v0.1
INS_1B5589FA20C8,REQ_A457A9474744,13,260.0,v0.1
INS_1B5589FA20C8,REQ_4794312C9E5E,14,1070.0,v0.1
INS_1B5589FA20C8,REQ_D58137CF7DD7,15,7120.0,v0.1
INS_1B5589FA20C8,REQ_E8617E2CBE8E,16,13410.0,v0.1
INS_1B5589FA20C8,REQ_CBEA50C8F4A3,17,30000.0,v0.1
INS_2B941A74E544,REQ_BBF95E3F94BE,0,2750.0,v0.1
INS_2B941A74E544,REQ_B8179C27E32A,1,560.0,v0.1
INS_2B941A74E544,REQ_00B35B5760B9,2,970.0,v0.1
INS_2B941A74E544,REQ_6703CCB24411,3,1500.0,v0.1
INS_2B941A74E544,REQ_C4C480D48AF9,4,420.0,v0.1
INS_2B941A74E544,REQ_3814F0CA9F40,5,350.0,v0.1
INS_2B941A74E544,REQ_1B9D26E31C66,6,1270.0,v0.1
INS_2B941A74E544,REQ_B420BB67B3AE,7,1550.0,v0.1
INS_2B941A74E544,REQ_A8B5F20C461A,8,350.0,v0.1
INS_2B941A74E544,REQ_EF564539A0A4,9,1900.0,v0.1
INS_2B941A74E544,REQ_842F38FFD81E,10,7375.0,v0.1
INS_2B941A74E544,REQ_99AC92F8B63E,11,500.0,v0.1
INS_2B941A74E544,REQ_A136EDE75881,12,310.0,v0.1
INS_2B941A74E544,REQ_CDD0E5EA13C3,13,600.0,v0.1
INS_2B941A74E544,REQ_1DD18B941C28,14,2650.0,v0.1
INS_2B941A74E544,REQ_2C1B56919898,15,20200.0,v0.1
INS_2B941A74E544,REQ_34D0595D8B9B,16,8260.0,v0.1
INS_2B941A74E544,REQ_9C5CDD40A93B,17,9510.0,v0.1
INS_2B941A74E544,REQ_499C8A0D6E1B,18,30000.0,v0.1
INS_2B941A74E544,REQ_234088716DE5,19,2050.0,v0.1
INS_E1FB5302EF1D,REQ_9D4E183ACF53,0,1450.0,v0.1
INS_E1FB5302EF1D,REQ_B4B45BE9AE0E,1,919.9999999999999,v0.1
INS_E1FB5302EF1D,REQ_0585A63F5D8F,2,560.0,v0.1
INS_E1FB5302EF1D,REQ_215E09179961,3,430.0,v0.1
INS_E1FB5302EF1D,REQ_9417A982DC8B,4,30000.0,v0.1
INS_E1FB5302EF1D,REQ_2320C474B88F,5,30000.0,v0.1
INS_E1FB5302EF1D,REQ_34D1B6BB372C,6,30000.0,v0.1
INS_E1FB5302EF1D,REQ_E5DF2F39319E,7,1140.0,v0.1
INS_E1FB5302EF1D,REQ_3FE4A0EB50B7,8,29150.0,v0.1
INS_E1FB5302EF1D,REQ_93EB95D3BF37,9,19010.0,v0.1
INS_E1FB5302EF1D,REQ_9D3C60E292AA,10,9660.0,v0.1
INS_E1FB5302EF1D,REQ_5C5A5D0FCE4D,11,960.0,v0.1
INS_E1FB5302EF1D,REQ_1536A79B1A40,12,17760.0,v0.1
INS_E1FB5302EF1D,REQ_1E6409D092FB,13,320.0,v0.1
INS_E1FB5302EF1D,REQ_3F496CE4D6C4,14,869.9999999999999,v0.1
INS_E1FB5302EF1D,REQ_13268E9B1808,15,28590.0,v0.1
INS_E1FB5302EF1D,REQ_10EFEE50264D,16,30000.0,v0.1
INS_E1FB5302EF1D,REQ_5DB4AE3A49C3,17,8890.0,v0.1
INS_E1FB5302EF1D,REQ_DDD5F486F9EA,18,25970.0,v0.1
INS_E1FB5302EF1D,REQ_461D9868612A,19,27100.0,v0.1
INS_E1FB5302EF1D,REQ_95DD957F9D9B,20,27750.0,v0.1
INS_E1FB5302EF1D,REQ_DCE4FDC22D1E,21,30000.0,v0.1
INS_E1FB5302EF1D,REQ_8E4E0ED93B16,22,770.0,v0.1
INS_E1FB5302EF1D,REQ_8CF8D3DC5D4F,23,25210.0,v0.1
INS_E1FB5302EF1D,REQ_969DD40745D2,24,8840.0,v0.1
INS_E1FB5302EF1D,REQ_2045C8304F6C,25,30000.0,v0.1
INS_E1FB5302EF1D,REQ_B1CA0A9C4758,26,509.99999999999994,v0.1
INS_E1FB5302EF1D,REQ_42EFE2840429,27,540.0,v0.1
INS_E1FB5302EF1D,REQ_150A42335EAC,28,14640.0,v0.1
INS_E1FB5302EF1D,REQ_4FF9A82F1E2D,29,409.99999999999994,v0.1
INS_E1FB5302EF1D,REQ_F60A7CCE4F34,30,9930.0,v0.1
INS_E1FB5302EF1D,REQ_A8106AA4BC2E,31,25000.0,v0.1
INS_E1FB5302EF1D,REQ_454C6239212E,32,210.0,v0.1
INS_E1FB5302EF1D,REQ_2808C3B2ECDE,33,550.0,v0.1
INS_E1FB5302EF1D,REQ_A0706A148C46,34,200.0,v0.1
INS_E1FB5302EF1D,REQ_43D17450228A,35,1330.0,v0.1
INS_E1FB5302EF1D,REQ_E45E2EC4F8BD,36,610.0,v0.1
INS_E1FB5302EF1D,REQ_F702367571A0,37,1320.0,v0.1
INS_E1FB5302EF1D,REQ_8B27D90F9EE4,38,20860.0,v0.1
INS_E1FB5302EF1D,REQ_81E108DAD6A9,39,5120.0,v0.1
INS_E1FB5302EF1D,REQ_1844B18D00E1,40,1660.0000000000002,v0.1
INS_E1FB5302EF1D,REQ_98876F339FEF,41,8400.0,v0.1
INS_E1FB5302EF1D,REQ_448FAC8A46B4,42,30000.0,v0.1
INS_E1FB5302EF1D,REQ_95CDB6A1DEC5,43,30000.0,v0.1
INS_E1FB5302EF1D,REQ_549C008D3466,44,7940.0,v0.1
INS_E1FB5302EF1D,REQ_DDD9A6A40A7D,45,160.0,v0.1
INS_E1FB5302EF1D,REQ_9E1A9BFCF469,46,1090.0,v0.1
INS_E1FB5302EF1D,REQ_4405EDEC3837,47,30000.0,v0.1
INS_E1FB5302EF1D,REQ_EBB57A372956,48,6980.0,v0.1
INS_E1FB5302EF1D,REQ_15A5EE6C660D,49,21940.0,v0.1
INS_E1FB5302EF1D,REQ_DF62D2DB35DC,50,30000.0,v0.1
INS_E1FB5302EF1D,REQ_2AEC55AAF780,51,880.0,v0.1
INS_E1FB5302EF1D,REQ_95EF0D729B51,52,7250.0,v0.1
INS_E1FB5302EF1D,REQ_F3960116E18E,53,350.0,v0.1
INS_E1FB5302EF1D,REQ_C71F7D974E5B,54,27480.0,v0.1
INS_E1FB5302EF1D,REQ_AC9172A4F424,55,8750.0,v0.1
INS_A1FC277B2539,REQ_7E1916286D72,0,4800.0,v0.1
INS_A1FC277B2539,REQ_7611F0F3D948,1,13980.000000000002,v0.1
INS_A1FC277B2539,REQ_5C582CDE8990,2,4040.0,v0.1
INS_A1FC277B2539,REQ_7174B55A2E9F,3,7500.0,v0.1
INS_A1FC277B2539,REQ_AE712D34803D,4,30000.0,v0.1
INS_A1FC277B2539,REQ_4F1BE0394EA1,5,760.0,v0.1
INS_A1FC277B2539,REQ_F1644652E3CA,6,11760.0,v0.1
INS_A1FC277B2539,REQ_1C17D6358C20,7,229.99999999999997,v0.1
INS_A1FC277B2539,REQ_3BA6E66783BA,8,30000.0,v0.1
INS_A1FC277B2539,REQ_87DAC04A19FC,9,540.0,v0.1
INS_A1FC277B2539,REQ_08E9E45903F2,10,4430.0,v0.1
INS_A1FC277B2539,REQ_3017DAF66A13,11,30000.0,v0.1
INS_A1FC277B2539,REQ_FAC9E53ECFEA,12,450.0,v0.1
INS_A1FC277B2539,REQ_206EA3FABFA2,13,11600.0,v0.1
INS_A1FC277B2539,REQ_B22A3E1AED63,14,30000.0,v0.1
INS_A1FC277B2539,REQ_6A60DB1DEDA6,15,30000.0,v0.1
INS_A1FC277B2539,REQ_D3A41658A10F,16,5040.0,v0.1
INS_A1FC277B2539,REQ_16E839822ACE,17,1710.0000000000002,v0.1
INS_A1FC277B2539,REQ_0214F402CE67,18,30000.0,v0.1
INS_A1FC277B2539,REQ_F5EBEDBA165F,19,850.0,v0.1
INS_AF45882C44D7,REQ_BDCB3C5C09FE,0,16890.0,v0.1
INS_AF45882C44D7,REQ_420AD2D087BA,1,450.0,v0.1
INS_AF45882C44D7,REQ_729AD4249EFA,2,7680.0,v0.1
INS_AF45882C44D7,REQ_500454E16C06,3,30000.0,v0.1
INS_AF45882C44D7,REQ_90A632CE9D04,4,30000.0,v0.1
INS_AF45882C44D7,REQ_BE69F526649D,5,270.0,v0.1
INS_AF45882C44D7,REQ_AA7B95AF6FBA,6,30000.0,v0.1
INS_AF45882C44D7,REQ_1A5833FF6A1D,7,270.0,v0.1
INS_AF45882C44D7,REQ_6C49F78236B2,8,840.0,v0.1
INS_AF45882C44D7,REQ_126F0D6559E6,9,4300.0,v0.1
INS_AF45882C44D7,REQ_568B9C5A84F2,10,2910.0,v0.1
INS_AF45882C44D7,REQ_6351D7EB42CC,11,16020.0,v0.1
INS_AF45882C44D7,REQ_2D96322F2022,12,550.0,v0.1
INS_AF45882C44D7,REQ_6281802D758E,13,1180.0,v0.1
INS_AF45882C44D7,REQ_472743FC6E6C,14,4440.0,v0.1
INS_AF45882C44D7,REQ_619657029237,15,1370.0,v0.1
INS_AF45882C44D7,REQ_33C165516220,16,420.0,v0.1
INS_AF45882C44D7,REQ_DB29CB996B3A,17,250.0,v0.1
INS_AF45882C44D7,REQ_EE0AB6C254E5,18,2070.0,v0.1
INS_AF45882C44D7,REQ_ACB83D2C98D3,19,18000.0,v0.1
INS_AF45882C44D7,REQ_D7668C34CE3F,20,1100.0,v0.1
INS_AF45882C44D7,REQ_48F0F8492A0D,21,22270.0,v0.1
INS_AF45882C44D7,REQ_EB77AB839BAC,22,8490.0,v0.1
INS_AF45882C44D7,REQ_6C6842327EA2,23,21080.0,v0.1
INS_AF45882C44D7,REQ_5C110FDEC180,24,17190.0,v0.1
INS_AF45882C44D7,REQ_FC677AC3BBC4,25,1740.0,v0.1
INS_3A4120DA8C21,REQ_13957140455B,0,1300.0,v0.1
INS_3A4120DA8C21,REQ_3376601CB719,1,3830.0,v0.1
INS_3A4120DA8C21,REQ_B21FE2387414,2,590.0,v0.1
INS_3A4120DA8C21,REQ_479F203473B3,3,950.0,v0.1
INS_3A4120DA8C21,REQ_8C8A67AB9172,4,2890.0,v0.1
INS_3A4120DA8C21,REQ_D57F3493C929,5,1800.0,v0.1
INS_3A4120DA8C21,REQ_EB8B06CF887F,6,170.0,v0.1
INS_3A4120DA8C21,REQ_7CC16254BE5C,7,1000.0,v0.1
INS_3A4120DA8C21,REQ_C83A83B7837F,8,8700.0,v0.1
INS_3A4120DA8C21,REQ_D1A298714683,9,450.0,v0.1
INS_3A4120DA8C21,REQ_B6855C4329C7,10,550.0,v0.1
INS_3A4120DA8C21,REQ_C8BDE55410EB,11,4920.0,v0.1
INS_3A4120DA8C21,REQ_4107C52E8E2A,12,20470.0,v0.1
INS_3A4120DA8C21,REQ_2FDD16C64BB7,13,2080.0,v0.1
INS_B945862BB18A,REQ_36DA0662F827,0,450.0,v0.1
INS_B945862BB18A,REQ_BDFA37C955F9,1,11125.0,v0.1
INS_B945862BB18A,REQ_DCFCE8CA401C,2,100.0,v0.1
INS_B945862BB18A,REQ_133C04494D01,3,2900.0,v0.1
INS_B945862BB18A,REQ_CA2D82E29DF3,4,600.0,v0.1
INS_B945862BB18A,REQ_0B07EEE1F9EF,5,10430.0,v0.1
INS_B945862BB18A,REQ_1665CDC9FA53,6,1040.0,v0.1
INS_B945862BB18A,REQ_861D90FF6AB0,7,710.0,v0.1
INS_B945862BB18A,REQ_5B4F148514FA,8,1340.0,v0.1
INS_B945862BB18A,REQ_D5C0823C508F,9,30000.0,v0.1
INS_B945862BB18A,REQ_3685512F12E2,10,1560.0,v0.1
INS_B945862BB18A,REQ_6E1D7F09FDEF,11,30000.0,v0.1
INS_B945862BB18A,REQ_6C241FCCF081,12,30000.0,v0.1
INS_B945862BB18A,REQ_9705A6CB05E7,13,2290.0,v0.1
INS_B945862BB18A,REQ_19CBA370BA45,14,330.0,v0.1
INS_B945862BB18A,REQ_3F1FE8A0841C,15,30000.0,v0.1
INS_B945862BB18A,REQ_7BA10341697B,16,3320.0,v0.1
INS_B945862BB18A,REQ_3FA95497AC93,17,4000.0,v0.1
INS_B945862BB18A,REQ_F0E5C9CCA437,18,1940.0,v0.1
INS_B945862BB18A,REQ_90D147896CFB,19,960.0,v0.1
INS_B945862BB18A,REQ_168790C7E8D1,20,400.0,v0.1
INS_B945862BB18A,REQ_016B2EC386D5,21,6220.0,v0.1
INS_B945862BB18A,REQ_E292C5FEE08C,22,11550.0,v0.1
INS_B945862BB18A,REQ_21173A3E50A6,23,210.0,v0.1
INS_B945862BB18A,REQ_2629E305D59D,24,30000.0,v0.1
INS_B945862BB18A,REQ_CB0C986F6D51,25,9375.0,v0.1
INS_B945862BB18A,REQ_7EEF441A9861,26,11800.0,v0.1
INS_B945862BB18A,REQ_A990BE8F2F44,27,7000.0,v0.1
INS_B945862BB18A,REQ_734F3E354772,28,530.0,v0.1
INS_B945862BB18A,REQ_C043703552E3,29,250.0,v0.1
INS_353FAA0570A4,REQ_402B13BDD723,0,7750.0,v0.1
INS_353FAA0570A4,REQ_F76709F1D78E,1,1400.0,v0.1
INS_353FAA0570A4,REQ_1673C7E6D792,2,6500.0,v0.1
INS_353FAA0570A4,REQ_400CD44740C5,3,15730.0,v0.1
INS_353FAA0570A4,REQ_1AF495868F9D,4,2660.0,v0.1
INS_353FAA0570A4,REQ_CCF94F299CC9,5,890.0,v0.1
INS_353FAA0570A4,REQ_AECE4B031CAC,6,2150.0,v0.1
INS_353FAA0570A4,REQ_B323B2EA31C2,7,550.0,v0.1
INS_353FAA0570A4,REQ_938331F9BBDE,8,1290.0,v0.1
INS_353FAA0570A4,REQ_25BE227B9ACA,9,5210.0,v0.1
INS_353FAA0570A4,REQ_7A7A07684929,10,830.0000000000001,v0.1
INS_353FAA0570A4,REQ_95C454D31CF6,11,1270.0,v0.1
INS_353FAA0570A4,REQ_F2989CF21949,12,19000.0,v0.1
INS_353FAA0570A4,REQ_244830AF6F6D,13,2450.0,v0.1
INS_353FAA0570A4,REQ_ADD8E27CC023,14,480.0,v0.1
INS_353FAA0570A4,REQ_4BFF7CE034B7,15,10250.0,v0.1
INS_353FAA0570A4,REQ_048F36C70B27,16,30000.0,v0.1
INS_353FAA0570A4,REQ_0DC23BDC07FE,17,280.0,v0.1
INS_353FAA0570A4,REQ_50629076BA9D,18,1040.0,v0.1
INS_353FAA0570A4,REQ_9F6B7F211B17,19,15090.0,v0.1
INS_353FAA0570A4,REQ_089BD9D6C2E9,20,480.0,v0.1
INS_353FAA0570A4,REQ_B5660623F366,21,1600.0,v0.1
INS_353FAA0570A4,REQ_0C8F74CBB161,22,6510.0,v0.1
INS_353FAA0570A4,REQ_1FA11ED55EAA,23,9710.0,v0.1
INS_353FAA0570A4,REQ_A3F3CF306EF7,24,6170.0,v0.1
INS_353FAA0570A4,REQ_F3D47B5A64BC,25,5040.0,v0.1
INS_353FAA0570A4,REQ_6DCB0BD277CD,26,2340.0,v0.1
INS_353FAA0570A4,REQ_14FED6AB5DDB,27,950.0,v0.1
INS_353FAA0570A4,REQ_70AB4D192A67,28,30000.0,v0.1
INS_353FAA0570A4,REQ_6467AD619765,29,6210.0,v0.1
INS_353FAA0570A4,REQ_8A2A4090EB2B,30,580.0,v0.1
INS_353FAA0570A4,REQ_200D68E70400,31,15525.0,v0.1
INS_353FAA0570A4,REQ_D5DE925A186F,32,3500.0,v0.1
INS_353FAA0570A4,REQ_5E000D52ADBC,33,30000.0,v0.1
INS_353FAA0570A4,REQ_7A44B0D859DC,34,15020.0,v0.1
INS_353FAA0570A4,REQ_EAF4AE0CB4D7,35,900.0,v0.1
INS_353FAA0570A4,REQ_2EE8DD3E44CC,36,12720.0,v0.1
INS_353FAA0570A4,REQ_68CC5161FC94,37,670.0,v0.1
INS_353FAA0570A4,REQ_0F6D5996EADF,38,1100.0,v0.1
INS_353FAA0570A4,REQ_D35F82BFD056,39,8200.0,v0.1
INS_353FAA0570A4,REQ_165AC7AB9EB4,40,13970.0,v0.1
INS_353FAA0570A4,REQ_97C697DC28CA,41,15000.0,v0.1
INS_353FAA0570A4,REQ_BDEAB0E10C38,42,30000.0,v0.1
INS_353FAA0570A4,REQ_2E8AE57455A2,43,4190.0,v0.1
INS_353FAA0570A4,REQ_CF18424C27C9,44,1750.0,v0.1
INS_353FAA0570A4,REQ_A44EDC637760,45,1630.0,v0.1
INS_353FAA0570A4,REQ_3BD515FD172E,46,960.0,v0.1
INS_353FAA0570A4,REQ_58928AC711B5,47,15080.000000000002,v0.1
INS_353FAA0570A4,REQ_B60D909C857D,48,20780.0,v0.1
INS_353FAA0570A4,REQ_4E5524FD3E24,49,2350.0,v0.1
INS_353FAA0570A4,REQ_A9F1B61216F7,50,30000.0,v0.1
INS_353FAA0570A4,REQ_40A0927B72A2,51,3190.0,v0.1
INS_353FAA0570A4,REQ_69424EA6F602,52,5590.0,v0.1
INS_353FAA0570A4,REQ_F2C706D8D852,53,6450.0,v0.1
INS_49FB2E0E64E3,REQ_6AE422F7C09B,0,420.0,v0.1
INS_49FB2E0E64E3,REQ_6FFFFBBCD5EE,1,380.0,v0.1
INS_49FB2E0E64E3,REQ_99B1B9C33D1E,2,7975.0,v0.1
INS_49FB2E0E64E3,REQ_116354B3091F,3,220.0,v0.1
INS_49FB2E0E64E3,REQ_941D0A08513E,4,30000.0,v0.1
INS_49FB2E0E64E3,REQ_E75956822319,5,30000.0,v0.1
INS_49FB2E0E64E3,REQ_F585D9611665,6,3050.0,v0.1
INS_49FB2E0E64E3,REQ_5882472E6F36,7,30000.0,v0.1
INS_49FB2E0E64E3,REQ_9C6869E57FFF,8,440.0,v0.1
INS_49FB2E0E64E3,REQ_25E9EEF0DCBC,9,300.0,v0.1
INS_49FB2E0E64E3,REQ_542048EB8673,10,30000.0,v0.1
INS_49FB2E0E64E3,REQ_4CB2C4EB6902,11,600.0,v0.1
INS_49FB2E0E64E3,REQ_7651118206A6,12,1689.9999999999998,v0.1
INS_49FB2E0E64E3,REQ_FD3F483F433C,13,690.0,v0.1
INS_CAB5EE9825B0,REQ_D8A2B07CECE8,0,9360.0,v0.1
INS_CAB5EE9825B0,REQ_355A84870FA3,1,11490.0,v0.1
INS_CAB5EE9825B0,REQ_C2BB7DAF1DE0,2,9090.0,v0.1
INS_CAB5EE9825B0,REQ_B41A1A7B60DD,3,30000.0,v0.1
INS_CAB5EE9825B0,REQ_53C793DB47F4,4,18200.0,v0.1
INS_CAB5EE9825B0,REQ_990125A14FA7,5,30000.0,v0.1
INS_CAB5EE9825B0,REQ_F77D0CCE6CC5,6,480.0,v0.1
INS_CAB5EE9825B0,REQ_E8617E2CBE8E,7,13410.0,v0.1
INS_CAB5EE9825B0,REQ_90B83873CF20,8,12170.0,v0.1
INS_CAB5EE9825B0,REQ_D294DDCBDDDD,9,6460.0,v0.1
INS_CAB5EE9825B0,REQ_D8010BFA7DB6,10,1770.0,v0.1
INS_CAB5EE9825B0,REQ_BA1787400639,11,7640.0,v0.1
INS_CAB5EE9825B0,REQ_282C719B2136,12,18440.0,v0.1
INS_CAB5EE9825B0,REQ_1860762F22B6,13,13950.0,v0.1
INS_CAB5EE9825B0,REQ_CF16BCBC7153,14,2280.0,v0.1
INS_CAB5EE9825B0,REQ_24B1D620F128,15,100.0,v0.1
INS_CAB5EE9825B0,REQ_0C500BEF5D0F,16,390.0,v0.1
INS_CAB5EE9825B0,REQ_3AEA5C6C435B,17,6730.0,v0.1
INS_CAB5EE9825B0,REQ_91816EA845DE,18,4460.0,v0.1
INS_2438FA129BC4,REQ_16000AC93CBF,0,17000.0,v0.1
INS_2438FA129BC4,REQ_788FAF911A5E,1,550.0,v0.1
INS_2438FA129BC4,REQ_919DD27012C6,2,30000.0,v0.1
INS_2438FA129BC4,REQ_BC1B952684D8,3,30000.0,v0.1
INS_2438FA129BC4,REQ_8BEBDFC315FC,4,15350.0,v0.1
INS_2438FA129BC4,REQ_B884FFFCE234,5,30000.0,v0.1
INS_2438FA129BC4,REQ_48C9BCADCABD,6,30000.0,v0.1
INS_2438FA129BC4,REQ_C21D9002E4B1,7,22540.0,v0.1
INS_2438FA129BC4,REQ_D7C981DEE0E7,8,7309.999999999999,v0.1
INS_2438FA129BC4,REQ_0C29D1C7632C,9,30000.0,v0.1
INS_2438FA129BC4,REQ_25F94CE4E455,10,30000.0,v0.1
INS_2438FA129BC4,REQ_9137C155DD72,11,13460.0,v0.1
INS_2438FA129BC4,REQ_75AB6204EF53,12,390.0,v0.1
INS_2438FA129BC4,REQ_A673DE68CE58,13,26980.0,v0.1
INS_2438FA129BC4,REQ_4CC2DA46AECF,14,30000.0,v0.1
INS_19A314649B1D,REQ_46461EE48A15,0,11310.0,v0.1
INS_19A314649B1D,REQ_DD7715C30243,1,7310.0,v0.1
INS_19A314649B1D,REQ_5A8EDB060881,2,24975.0,v0.1
INS_19A314649B1D,REQ_DFC08757532D,3,30000.0,v0.1
INS_19A314649B1D,REQ_549DFC59330C,4,26140.0,v0.1
INS_19A314649B1D,REQ_C6E293A21418,5,650.0,v0.1
INS_19A314649B1D,REQ_E2B0CE29A84C,6,10930.0,v0.1
INS_19A314649B1D,REQ_B4470138690B,7,11450.0,v0.1
INS_19A314649B1D,REQ_A9444A9F8868,8,1300.0,v0.1
INS_19A314649B1D,REQ_F8F21F488EF5,9,30000.0,v0.1
INS_19A314649B1D,REQ_2A8C1DF32A7C,10,150.0,v0.1
INS_19A314649B1D,REQ_0A4B5A6CBF51,11,1310.0,v0.1
INS_19A314649B1D,REQ_4A50BAFF0AF6,12,860.0,v0.1
INS_19A314649B1D,REQ_5DCD5CBEC970,13,480.0,v0.1
INS_19A314649B1D,REQ_5D013184DDAE,14,13450.0,v0.1
INS_19A314649B1D,REQ_3552FA72883B,15,220.00000000000003,v0.1
INS_19A314649B1D,REQ_9670BD2B672D,16,13500.0,v0.1
INS_19A314649B1D,REQ_DA23B8B77C71,17,540.0,v0.1
INS_19A314649B1D,REQ_20C493ED4F87,18,780.0,v0.1
INS_8195F783A704,REQ_B1C77303325F,0,24250.0,v0.1
INS_8195F783A704,REQ_0D09D8E2D46A,1,490.00000000000006,v0.1
INS_8195F783A704,REQ_DC0573640BAD,2,21270.0,v0.1
INS_8195F783A704,REQ_FF02A839E6FF,3,2650.0,v0.1
INS_8195F783A704,REQ_FBE7FB7B2824,4,17460.0,v0.1
INS_8195F783A704,REQ_581B92C94DFF,5,150.0,v0.1
INS_8195F783A704,REQ_790CCE562F04,6,950.0,v0.1
INS_8195F783A704,REQ_DC798C900EFA,7,27420.0,v0.1
INS_B4661A7B9AF5,REQ_EBEF4840CDA9,0,1700.0,v0.1
INS_B4661A7B9AF5,REQ_CCF8B094C151,1,790.0,v0.1
INS_B4661A7B9AF5,REQ_CE89E718AA3B,2,1290.0,v0.1
INS_B4661A7B9AF5,REQ_9FC2031F1455,3,30000.0,v0.1
INS_B4661A7B9AF5,REQ_3D0675C1D7B6,4,3060.0,v0.1
INS_B4661A7B9AF5,REQ_6231A76A78E9,5,30000.0,v0.1
INS_B4661A7B9AF5,REQ_35A7E7DFFE25,6,1019.9999999999999,v0.1
INS_B4661A7B9AF5,REQ_9829E92DA16D,7,490.00000000000006,v0.1
INS_B4661A7B9AF5,REQ_B61153844BFD,8,29730.0,v0.1
INS_B4661A7B9AF5,REQ_0D91D809D024,9,1050.0,v0.1
INS_B4661A7B9AF5,REQ_B5FDDD6BA446,10,1480.0,v0.1
INS_B4661A7B9AF5,REQ_ECABD863DB81,11,800.0,v0.1
INS_F5E45EBDE774,REQ_C08CF7889EDC,0,2400.0,v0.1
INS_F5E45EBDE774,REQ_3CD7BDEA44AC,1,420.0,v0.1
INS_F5E45EBDE774,REQ_9720091D1AC6,2,30000.0,v0.1
INS_F5E45EBDE774,REQ_07BAC3F3E29B,3,10480.0,v0.1
INS_F5E45EBDE774,REQ_3CAE272E496E,4,30000.0,v0.1
INS_F5E45EBDE774,REQ_8061C6F88F7B,5,1000.0,v0.1
INS_F5E45EBDE774,REQ_66D0C1980DD4,6,1250.0,v0.1
INS_F5E45EBDE774,REQ_75921E4DC9F7,7,500.0,v0.1
INS_F5E45EBDE774,REQ_10475AA74803,8,1670.0,v0.1
INS_F5E45EBDE774,REQ_D8D6AA6EB80E,9,260.0,v0.1
INS_F5E45EBDE774,REQ_07BCF18A9494,10,409.99999999999994,v0.1
INS_F5E45EBDE774,REQ_06AB3427B157,11,660.0,v0.1
INS_F5E45EBDE774,REQ_068EEF634B46,12,22975.0,v0.1
INS_F5E45EBDE774,REQ_BCFA7A6F34C3,13,250.0,v0.1
INS_F5E45EBDE774,REQ_FA6B2DBF5AFB,14,180.0,v0.1
INS_F5E45EBDE774,REQ_831BB694CAA3,15,250.0,v0.1
INS_F5E45EBDE774,REQ_54C9D727873A,16,17660.0,v0.1
INS_F5E45EBDE774,REQ_752F91BABB4E,17,30000.0,v0.1
INS_F5E45EBDE774,REQ_AFF5DBE6478D,18,8050.000000000001,v0.1
INS_F5E45EBDE774,REQ_3690D7D128AA,19,30000.0,v0.1
INS_F5E45EBDE774,REQ_53F895841C13,20,710.0,v0.1
INS_F5E45EBDE774,REQ_0EAE7D255CD3,21,450.0,v0.1
INS_F5E45EBDE774,REQ_6F17BA899E90,22,7590.0,v0.1
INS_F5E45EBDE774,REQ_96D25564980C,23,5330.0,v0.1
INS_F5E45EBDE774,REQ_BC5F12978C3E,24,30000.0,v0.1
INS_F5E45EBDE774,REQ_10066B432E57,25,11500.0,v0.1
INS_5581B69CBE8E,REQ_655631435BDB,0,11870.0,v0.1
INS_5581B69CBE8E,REQ_813BBE29D7ED,1,390.0,v0.1
INS_5581B69CBE8E,REQ_BDE33C3E57BE,2,1200.0,v0.1
INS_5581B69CBE8E,REQ_BB1998B8D17B,3,2750.0,v0.1
INS_5581B69CBE8E,REQ_FC982EBB1A49,4,310.0,v0.1
INS_5581B69CBE8E,REQ_8A3BC90A038A,5,1650.0,v0.1
INS_5581B69CBE8E,REQ_77B3AA8B0835,6,9350.0,v0.1
INS_5581B69CBE8E,REQ_56BD1ECD85B3,7,760.0,v0.1
INS_5581B69CBE8E,REQ_03120AE81182,8,2280.0,v0.1
INS_5581B69CBE8E,REQ_31A910FAA7F0,9,11120.0,v0.1
INS_AA348CC5BA0B,REQ_9422F7363AF5,0,1610.0000000000002,v0.1
INS_AA348CC5BA0B,REQ_DE018F0B7AE1,1,8710.0,v0.1
INS_AA348CC5BA0B,REQ_E2659A5F5FE7,2,5560.0,v0.1
INS_AA348CC5BA0B,REQ_1E6E39FD7418,3,21860.0,v0.1
INS_AA348CC5BA0B,REQ_4B99E390D918,4,2100.0,v0.1
INS_AA348CC5BA0B,REQ_52A730D2A4D0,5,30000.0,v0.1
INS_AA348CC5BA0B,REQ_732C52F414A8,6,300.0,v0.1
INS_AA348CC5BA0B,REQ_8FE32C50FC26,7,1070.0,v0.1
INS_AA348CC5BA0B,REQ_C218BDD55ACC,8,1680.0,v0.1
INS_AA348CC5BA0B,REQ_C250F24A6D31,9,15950.0,v0.1
INS_AA348CC5BA0B,REQ_DCA1BBDE538A,10,550.0,v0.1
INS_E2BC09D6EFDE,REQ_B656FF0C5052,0,819.9999999999999,v0.1
INS_E2BC09D6EFDE,REQ_552CF2FE4F8A,1,509.99999999999994,v0.1
INS_E2BC09D6EFDE,REQ_2460B2EDC42A,2,1540.0,v0.1
INS_E2BC09D6EFDE,REQ_C063698F1CAC,3,200.0,v0.1
INS_E2BC09D6EFDE,REQ_654DC0C3938A,4,7200.0,v0.1
INS_E2BC09D6EFDE,REQ_204E4C8A0308,5,4470.0,v0.1
INS_E2BC09D6EFDE,REQ_FCE180C3C273,6,26389.999999999996,v0.1
INS_E2BC09D6EFDE,REQ_94CFF6A1AE48,7,5690.0,v0.1
INS_E2BC09D6EFDE,REQ_C743FD875FDE,8,28900.0,v0.1
INS_E2BC09D6EFDE,REQ_7C6244086BA6,9,30000.0,v0.1
INS_E2BC09D6EFDE,REQ_F7C7320276F5,10,5520.0,v0.1
INS_E2BC09D6EFDE,REQ_E8E9A6DC8E50,11,630.0,v0.1
INS_E2BC09D6EFDE,REQ_713ACE5C8CC9,12,7020.0,v0.1
INS_E2BC09D6EFDE,REQ_C0992D66F80D,13,1080.0,v0.1
INS_E2BC09D6EFDE,REQ_EE3C19E57510,14,20470.0,v0.1
INS_E2BC09D6EFDE,REQ_00572427D972,15,650.0,v0.1
INS_E2BC09D6EFDE,REQ_9A1A9E46DD1F,16,1689.9999999999998,v0.1
INS_E2BC09D6EFDE,REQ_93FDD857FA15,17,7140.000000000001,v0.1
INS_E2BC09D6EFDE,REQ_FD441287FCAD,18,360.0,v0.1
INS_E2BC09D6EFDE,REQ_1D3C12B824B0,19,21590.0,v0.1
INS_13FFA6DD5F27,REQ_B884FFFCE234,0,30000.0,v0.1
INS_13FFA6DD5F27,REQ_A673DE68CE58,1,26980.0,v0.1
INS_13FFA6DD5F27,REQ_25F94CE4E455,2,30000.0,v0.1
INS_13FFA6DD5F27,REQ_9137C155DD72,3,13460.0,v0.1
INS_13FFA6DD5F27,REQ_919DD27012C6,4,30000.0,v0.1
INS_13FFA6DD5F27,REQ_AA4AFAE13C6E,5,9800.0,v0.1
INS_13FFA6DD5F27,REQ_D7C981DEE0E7,6,7309.999999999999,v0.1
INS_13FFA6DD5F27,REQ_0C29D1C7632C,7,30000.0,v0.1
INS_13FFA6DD5F27,REQ_89498E831993,8,30000.0,v0.1
INS_13FFA6DD5F27,REQ_2A92DFD89864,9,17760.0,v0.1
INS_13FFA6DD5F27,REQ_0CC67604B2B7,10,24350.0,v0.1
INS_13FFA6DD5F27,REQ_788FAF911A5E,11,550.0,v0.1
INS_13FFA6DD5F27,REQ_C21D9002E4B1,12,22540.0,v0.1
INS_13FFA6DD5F27,REQ_48C9BCADCABD,13,30000.0,v0.1
INS_13FFA6DD5F27,REQ_43CCF80E4E99,14,30000.0,v0.1
INS_13FFA6DD5F27,REQ_16000AC93CBF,15,17000.0,v0.1
INS_13FFA6DD5F27,REQ_75AB6204EF53,16,390.0,v0.1
INS_13FFA6DD5F27,REQ_BA4765F3E68D,17,30000.0,v0.1
INS_13FFA6DD5F27,REQ_4CC2DA46AECF,18,30000.0,v0.1
INS_13FFA6DD5F27,REQ_754815DAB900,19,30000.0,v0.1
INS_13FFA6DD5F27,REQ_CB81322F5C84,20,6800.0,v0.1
INS_13FFA6DD5F27,REQ_AF8CDDA4D5E0,21,30000.0,v0.1
INS_13FFA6DD5F27,REQ_CECF7A168639,22,30000.0,v0.1
INS_13FFA6DD5F27,REQ_B928B17119AE,23,6080.0,v0.1
INS_13FFA6DD5F27,REQ_BC1B952684D8,24,30000.0,v0.1
INS_13FFA6DD5F27,REQ_8F909F86C457,25,17800.0,v0.1
INS_13FFA6DD5F27,REQ_6C087EA6F86F,26,30000.0,v0.1
INS_13FFA6DD5F27,REQ_8BEBDFC315FC,27,15350.0,v0.1
INS_13FFA6DD5F27,REQ_895E7DF735BD,28,14200.0,v0.1
INS_13FFA6DD5F27,REQ_05AC31DD7CD8,29,9310.0,v0.1
INS_E55D0596E637,REQ_4D5FB5191AEC,0,1080.0,v0.1
INS_E55D0596E637,REQ_741D7C899A40,1,28300.0,v0.1
INS_E55D0596E637,REQ_D0C666B4243B,2,11400.0,v0.1
INS_E55D0596E637,REQ_7ACA61B92264,3,30000.0,v0.1
INS_E55D0596E637,REQ_B5B4E68C1ABC,4,450.0,v0.1
INS_E55D0596E637,REQ_E4D8046DF96D,5,340.0,v0.1
INS_E55D0596E637,REQ_DF100C8DF137,6,1070.0,v0.1
INS_E55D0596E637,REQ_DF983F7575E5,7,140.0,v0.1
INS_E55D0596E637,REQ_8E26BBF349D2,8,16170.0,v0.1
INS_E55D0596E637,REQ_3500BCD0B043,9,1450.0,v0.1
INS_E55D0596E637,REQ_C06D4C8F2F9C,10,2750.0,v0.1
INS_E55D0596E637,REQ_189A45856D76,11,950.0,v0.1
INS_E55D0596E637,REQ_F3B0B3B940DF,12,8700.0,v0.1
INS_E55D0596E637,REQ_F315057BDA65,13,1550.0,v0.1
INS_E55D0596E637,REQ_7FCC4E0BF2FC,14,15610.0,v0.1
INS_E55D0596E637,REQ_7E92BEF65FB0,15,1670.0,v0.1
INS_E55D0596E637,REQ_0A2D40EC1532,16,13650.0,v0.1
INS_E55D0596E637,REQ_EEC8A15A9D1C,17,1500.0,v0.1
INS_E55D0596E637,REQ_BE56207A12D2,18,8850.0,v0.1
INS_E55D0596E637,REQ_F7096718A566,19,30000.0,v0.1
INS_E55D0596E637,REQ_EFB04D709781,20,280.0,v0.1
INS_E55D0596E637,REQ_D5A369FF33F6,21,1200.0,v0.1
INS_E55D0596E637,REQ_23AE1A4F5118,22,1160.0,v0.1
INS_E55D0596E637,REQ_D477868F8EA7,23,1390.0,v0.1
INS_E55D0596E637,REQ_B2104E66F2AC,24,80.0,v0.1
INS_E55D0596E637,REQ_2FDF400E8823,25,180.0,v0.1
INS_E55D0596E637,REQ_6A7D2965453F,26,320.0,v0.1
INS_798D2372761D,REQ_29955146490B,0,240.0,v0.1
INS_798D2372761D,REQ_B07B6770A8AF,1,90.0,v0.1
INS_798D2372761D,REQ_B8BC7A88DD3F,2,3340.0,v0.1
INS_798D2372761D,REQ_6AB9739A608E,3,30000.0,v0.1
INS_798D2372761D,REQ_C241B50D74CB,4,7380.0,v0.1
INS_798D2372761D,REQ_D8BE48ED7FDE,5,3080.0,v0.1
INS_798D2372761D,REQ_A37294C566DB,6,23020.0,v0.1
INS_798D2372761D,REQ_B8626305861C,7,30000.0,v0.1
INS_798D2372761D,REQ_CE3455DB88C0,8,9260.0,v0.1
INS_798D2372761D,REQ_E4EF27D11EA0,9,24180.0,v0.1
INS_798D2372761D,REQ_A6E08097317D,10,30000.0,v0.1
INS_798D2372761D,REQ_5ADE234F250B,11,150.0,v0.1
INS_798D2372761D,REQ_24ACF5DD0CD8,12,7550.0,v0.1
INS_798D2372761D,REQ_56619A0C6008,13,30000.0,v0.1
INS_798D2372761D,REQ_E3A4C96F2545,14,6630.0,v0.1
INS_798D2372761D,REQ_646C40127093,15,4520.0,v0.1
INS_798D2372761D,REQ_62F7D31C3A9B,16,10130.0,v0.1
INS_798D2372761D,REQ_05DD965B3498,17,100.0,v0.1
INS_798D2372761D,REQ_7EE87CB7929B,18,3330.0,v0.1
INS_798D2372761D,REQ_4AD35C76BCA6,19,7400.0,v0.1
INS_798D2372761D,REQ_9992BE8B594D,20,100.0,v0.1
INS_798D2372761D,REQ_03BB0869FE97,21,13930.0,v0.1
INS_798D2372761D,REQ_9A8B3F974AA1,22,21770.0,v0.1
INS_798D2372761D,REQ_EA4C7592BC5B,23,12240.0,v0.1
INS_798D2372761D,REQ_ECA3480848AE,24,3880.0,v0.1
INS_798D2372761D,REQ_A7A8415D7938,25,30000.0,v0.1
INS_798D2372761D,REQ_97A034723106,26,30000.0,v0.1
INS_798D2372761D,REQ_332D30EF20E9,27,30000.0,v0.1
INS_798D2372761D,REQ_3D27752AA263,28,30000.0,v0.1
INS_798D2372761D,REQ_21C768BD8F3A,29,310.0,v0.1
INS_798D2372761D,REQ_2B57DB723306,30,13240.0,v0.1
INS_798D2372761D,REQ_7973ADD2994E,31,320.0,v0.1
INS_798D2372761D,REQ_5D2A5C5631EA,32,5270.0,v0.1
INS_798D2372761D,REQ_0B4782F7DADB,33,4300.0,v0.1
INS_357A74C9304B,REQ_24B1D620F128,0,100.0,v0.1
INS_357A74C9304B,REQ_4A86CCC412E3,1,30000.0,v0.1
INS_357A74C9304B,REQ_C7DB60E1F9B8,2,7600.0,v0.1
INS_357A74C9304B,REQ_CDD9C78A4B12,3,30000.0,v0.1
INS_357A74C9304B,REQ_B8FD1259FCA4,4,250.0,v0.1
INS_357A74C9304B,REQ_A9285A4D8E27,5,2270.0,v0.1
INS_357A74C9304B,REQ_28C9A8141C4D,6,300.0,v0.1
INS_357A74C9304B,REQ_7E4FA4B82524,7,1300.0,v0.1
INS_357A74C9304B,REQ_955CCF8CB570,8,14500.0,v0.1
INS_88565D0EAFBB,REQ_3404ADAE8CF6,0,30000.0,v0.1
INS_88565D0EAFBB,REQ_A76F3C47F862,1,30000.0,v0.1
INS_88565D0EAFBB,REQ_1AE16A77D5BA,2,2320.0,v0.1
INS_88565D0EAFBB,REQ_4A2214739E9A,3,30000.0,v0.1
INS_88565D0EAFBB,REQ_5300FF45CEAC,4,750.0,v0.1
INS_88565D0EAFBB,REQ_F19EB2D4DDE4,5,1570.0,v0.1
INS_88565D0EAFBB,REQ_CA8D8D5DD7A5,6,430.0,v0.1
INS_88565D0EAFBB,REQ_E43E47514FEF,7,2080.0,v0.1
INS_88565D0EAFBB,REQ_C4F0E6F51732,8,3240.0,v0.1
INS_88565D0EAFBB,REQ_F8356410EE1F,9,19410.0,v0.1
INS_88565D0EAFBB,REQ_2D0F5F47B50C,10,400.0,v0.1
INS_88565D0EAFBB,REQ_0E69555FE6E6,11,2130.0,v0.1
INS_88565D0EAFBB,REQ_45FE55CA7E08,12,240.0,v0.1
INS_40A94757338C,REQ_C2989DBF746F,0,2230.0,v0.1
INS_40A94757338C,REQ_EC10F1F02F91,1,1770.0,v0.1
INS_40A94757338C,REQ_287FD55F78EF,2,30000.0,v0.1
INS_40A94757338C,REQ_1E1649441192,3,30000.0,v0.1
INS_40A94757338C,REQ_3756806BC8EE,4,969.9999999999999,v0.1
INS_40A94757338C,REQ_EFA4D57EC38F,5,30000.0,v0.1
INS_40A94757338C,REQ_56B0ACC7A46D,6,1120.0,v0.1
INS_40A94757338C,REQ_FFE428014ADC,7,1670.0,v0.1
INS_40A94757338C,REQ_AD6FB131E5D3,8,820.0,v0.1
INS_40A94757338C,REQ_47B95BD115EA,9,25590.0,v0.1
INS_40A94757338C,REQ_773068D7947B,10,30000.0,v0.1
INS_40A94757338C,REQ_C6A0CDE92148,11,100.0,v0.1
INS_40A94757338C,REQ_B5A83472960E,12,1750.0,v0.1
INS_40A94757338C,REQ_B246229BAAA2,13,1580.0,v0.1
INS_BEF4FFA67C41,REQ_3737168ACBCF,0,30000.0,v0.1
INS_BEF4FFA67C41,REQ_9049BAE09ACF,1,9200.0,v0.1
INS_BEF4FFA67C41,REQ_1C2971C73F91,2,24390.0,v0.1
INS_BEF4FFA67C41,REQ_7FF6C05EC8A2,3,30000.0,v0.1
INS_BEF4FFA67C41,REQ_BB6D3BAB14DA,4,1460.0,v0.1
INS_BEF4FFA67C41,REQ_A229F61BBA14,5,10870.0,v0.1
INS_BEF4FFA67C41,REQ_F9B2D1946F8D,6,500.0,v0.1
INS_BEF4FFA67C41,REQ_071CF1B37726,7,10400.0,v0.1
INS_BEF4FFA67C41,REQ_03D08502C980,8,7420.0,v0.1
INS_BEF4FFA67C41,REQ_EEC14C117DA3,9,100.0,v0.1
INS_BEF4FFA67C41,REQ_5A1BDE7620FF,10,570.0,v0.1
INS_BEF4FFA67C41,REQ_39A99B3597CE,11,1100.0,v0.1
INS_BEF4FFA67C41,REQ_10DB3BA96AF2,12,30000.0,v0.1
INS_BEF4FFA67C41,REQ_2FA45B74B7F8,13,400.0,v0.1
INS_BEF4FFA67C41,REQ_506F8B39236F,14,16940.0,v0.1
INS_BEF4FFA67C41,REQ_5E683882AE31,15,15960.0,v0.1
INS_BEF4FFA67C41,REQ_FEA77BF6B558,16,600.0,v0.1
INS_BEF4FFA67C41,REQ_6809208C73FE,17,30000.0,v0.1
INS_BEF4FFA67C41,REQ_0718E995E41A,18,490.00000000000006,v0.1
INS_BEF4FFA67C41,REQ_D76EAD87D19F,19,1470.0,v0.1
INS_BEF4FFA67C41,REQ_C28BE693E601,20,450.0,v0.1
INS_BEF4FFA67C41,REQ_439CE7A5C3A3,21,2030.0,v0.1
INS_BEF4FFA67C41,REQ_6AE344F94ED7,22,8920.0,v0.1
INS_BEF4FFA67C41,REQ_BC08AAF124D3,23,550.0,v0.1
INS_BEF4FFA67C41,REQ_3DDDE0F597B1,24,18280.0,v0.1
INS_F65F16D1722B,REQ_75F10E935EE1,0,30000.0,v0.1
INS_F65F16D1722B,REQ_2BEAC4526E54,1,30000.0,v0.1
INS_F65F16D1722B,REQ_2D6D358E8DCC,2,30000.0,v0.1
INS_F65F16D1722B,REQ_948820C577EE,3,30000.0,v0.1
INS_F65F16D1722B,REQ_3A14AA639842,4,30000.0,v0.1
INS_F65F16D1722B,REQ_DED8AA21E0B6,5,29790.0,v0.1
INS_F65F16D1722B,REQ_0B9FFD6545E3,6,18720.0,v0.1
INS_F65F16D1722B,REQ_F6D705542F1C,7,13680.0,v0.1
INS_F65F16D1722B,REQ_E50524A96B19,8,20540.0,v0.1
INS_F65F16D1722B,REQ_C467DA777186,9,26070.0,v0.1
INS_F65F16D1722B,REQ_74A931FA1079,10,18820.0,v0.1
INS_9DA4471E2C5B,REQ_E5E472A22536,0,30000.0,v0.1
INS_9DA4471E2C5B,REQ_46804F936A09,1,2600.0,v0.1
INS_9DA4471E2C5B,REQ_58DEFD3DA710,2,1240.0,v0.1
INS_9DA4471E2C5B,REQ_507147B6E973,3,1430.0,v0.1
INS_9DA4471E2C5B,REQ_18B25F82060D,4,18260.0,v0.1
INS_9DA4471E2C5B,REQ_4D6F744B58CC,5,1260.0,v0.1
INS_9DA4471E2C5B,REQ_89DFD0FFDB51,6,21740.0,v0.1
INS_9DA4471E2C5B,REQ_A040F095C1E1,7,2100.0,v0.1
INS_9DA4471E2C5B,REQ_DDA8CE7282C7,8,3930.0,v0.1
INS_9DA4471E2C5B,REQ_A5BAD5CDE8AD,9,1000.0,v0.1
INS_9DA4471E2C5B,REQ_CAE7C3409402,10,1410.0,v0.1
INS_9DA4471E2C5B,REQ_1BE93C217713,11,3720.0,v0.1
INS_9DA4471E2C5B,REQ_4405897770EB,12,1550.0,v0.1
INS_9DA4471E2C5B,REQ_30D5468DDF0D,13,16770.0,v0.1
INS_9DA4471E2C5B,REQ_A8B3AEBA9B37,14,240.0,v0.1
INS_9DA4471E2C5B,REQ_6053F024DF0D,15,150.0,v0.1
INS_9DA4471E2C5B,REQ_5D623A424068,16,15590.0,v0.1
INS_9DA4471E2C5B,REQ_28B9A77D99B0,17,800.0,v0.1
INS_9DA4471E2C5B,REQ_28307DCEB7EF,18,30000.0,v0.1
INS_9DA4471E2C5B,REQ_8F5FBEEACA66,19,330.0,v0.1
INS_9DA4471E2C5B,REQ_7E651B3D50A2,20,180.0,v0.1
INS_9DA4471E2C5B,REQ_B0B5D7A53783,21,150.0,v0.1
INS_9DA4471E2C5B,REQ_08078C8F2DE6,22,1950.0,v0.1
INS_9DA4471E2C5B,REQ_8199AB01ED90,23,3040.0,v0.1
INS_9DA4471E2C5B,REQ_2FD589487799,24,22910.0,v0.1
INS_9DA4471E2C5B,REQ_1FF2F9719E8E,25,8700.0,v0.1
INS_9DA4471E2C5B,REQ_9CD5FAAA1601,26,3760.0,v0.1
INS_9DA4471E2C5B,REQ_2FD046238FB5,27,650.0,v0.1
INS_9DA4471E2C5B,REQ_BC94E6186E48,28,1000.0,v0.1
INS_EA92A1C89022,REQ_A7B64C610CE5,0,740.0,v0.1
INS_EA92A1C89022,REQ_D297049501E4,1,30000.0,v0.1
INS_EA92A1C89022,REQ_C686F676A9EE,2,450.0,v0.1
INS_EA92A1C89022,REQ_A953EDCF02EB,3,200.0,v0.1
INS_EA92A1C89022,REQ_D28A4EE41699,4,13590.0,v0.1
INS_EA92A1C89022,REQ_C95E9A223414,5,350.0,v0.1
INS_EA92A1C89022,REQ_0D67E8F7F27C,6,2810.0,v0.1
INS_EA92A1C89022,REQ_5ABDB5E47C1B,7,7780.0,v0.1
INS_EA92A1C89022,REQ_255AD214CC0A,8,1500.0,v0.1
INS_EA92A1C89022,REQ_0181E2C4E673,9,360.0,v0.1
INS_EA92A1C89022,REQ_EB0A69100AD6,10,18050.0,v0.1
INS_EA92A1C89022,REQ_CC3FBA2FE25C,11,3430.0,v0.1
INS_EA92A1C89022,REQ_FA5985699D46,12,11600.0,v0.1
INS_EA92A1C89022,REQ_5D19A65A8FDD,13,1100.0,v0.1
INS_EA92A1C89022,REQ_CBE4B4EE796A,14,250.0,v0.1
INS_EA92A1C89022,REQ_EF1E67FDA3F4,15,930.0000000000001,v0.1
INS_EA92A1C89022,REQ_A98900A17C73,16,200.0,v0.1
INS_EA92A1C89022,REQ_08E6FB5D2650,17,810.0,v0.1
INS_EA92A1C89022,REQ_77C0E16DF643,18,10890.0,v0.1
INS_EA92A1C89022,REQ_D2FDA454EB82,19,430.0,v0.1
INS_EA92A1C89022,REQ_C96CC75FC21E,20,17700.0,v0.1
INS_EA92A1C89022,REQ_627CC9626DBD,21,900.0,v0.1
INS_EA92A1C89022,REQ_0DBBBB4AE152,22,24140.0,v0.1
INS_EA92A1C89022,REQ_39D53D345B81,23,16850.0,v0.1
INS_EA92A1C89022,REQ_2699640B502D,24,4230.0,v0.1
INS_EA92A1C89022,REQ_CB56AFDF5EBF,25,2700.0,v0.1
INS_EA92A1C89022,REQ_5A55A0A5B5D2,26,1940.0,v0.1
INS_EA92A1C89022,REQ_C35CF239DF99,27,190.0,v0.1
INS_EA92A1C89022,REQ_86BC325BEBA8,28,2450.0,v0.1
INS_EA92A1C89022,REQ_6B2958605ADA,29,5940.0,v0.1
INS_EA92A1C89022,REQ_F8E3057965A9,30,1300.0,v0.1
INS_EA92A1C89022,REQ_53E23D626FDA,31,1660.0000000000002,v0.1
INS_EA92A1C89022,REQ_A2495342764C,32,1700.0,v0.1
INS_EA92A1C89022,REQ_ABEA462EF0DC,33,3430.0,v0.1
INS_EA92A1C89022,REQ_487A563D9596,34,560.0,v0.1
INS_EA92A1C89022,REQ_5044E1700977,35,350.0,v0.1
INS_EA92A1C89022,REQ_034688197AB8,36,12000.0,v0.1
INS_EA92A1C89022,REQ_924371EFEBAB,37,30000.0,v0.1
INS_EA92A1C89022,REQ_A1FADA87A35B,38,1130.0,v0.1
INS_EA92A1C89022,REQ_4D0A0CC5CD9E,39,11870.0,v0.1
INS_EA92A1C89022,REQ_9004D1B2C466,40,80.0,v0.1
INS_EA92A1C89022,REQ_947D65C5F540,41,9350.0,v0.1
INS_EA92A1C89022,REQ_228CE21B0576,42,30000.0,v0.1
INS_EA92A1C89022,REQ_FE9BF78D982B,43,450.0,v0.1
INS_EA92A1C89022,REQ_69DAA71E2DFC,44,30000.0,v0.1
INS_EA92A1C89022,REQ_F38705A5101B,45,30000.0,v0.1
INS_EA92A1C89022,REQ_DCB8B963C296,46,9370.0,v0.1
INS_EA92A1C89022,REQ_DD07DC3202F6,47,26730.0,v0.1
INS_EA92A1C89022,REQ_F169B409920E,48,610.0,v0.1
INS_EA92A1C89022,REQ_D9D5D30E5EB7,49,330.0,v0.1
INS_EA92A1C89022,REQ_C12EF48B5D66,50,8310.0,v0.1
INS_EA92A1C89022,REQ_0D6A04A13F33,51,2200.0,v0.1
INS_EA92A1C89022,REQ_95F8B41D5818,52,21850.0,v0.1
INS_EA92A1C89022,REQ_F136DECE4283,53,30000.0,v0.1
INS_EA92A1C89022,REQ_DCE5073AA9A5,54,12470.0,v0.1
INS_EA92A1C89022,REQ_BADC9CBE7F02,55,30000.0,v0.1
INS_EA92A1C89022,REQ_6A4B55C96D39,56,7350.0,v0.1
INS_EA92A1C89022,REQ_C2083D95BDA0,57,5260.0,v0.1
INS_1F94B5CEAF45,REQ_958305EC72C9,0,9780.0,v0.1
INS_1F94B5CEAF45,REQ_C612F0691FB0,1,680.0,v0.1
INS_1F94B5CEAF45,REQ_C3AED58ADAB0,2,100.0,v0.1
INS_1F94B5CEAF45,REQ_1172EDCCA1D6,3,30000.0,v0.1
INS_1F94B5CEAF45,REQ_DE008BA6FDE1,4,620.0,v0.1
INS_1F94B5CEAF45,REQ_8F3BD89B8C29,5,19200.0,v0.1
INS_1F94B5CEAF45,REQ_126D0FF6BD89,6,640.0,v0.1
INS_1F94B5CEAF45,REQ_94530EDC1579,7,3600.0,v0.1
INS_B032C1276D65,REQ_806F16078670,0,1450.0,v0.1
INS_B032C1276D65,REQ_BE125481E9D7,1,12570.0,v0.1
INS_B032C1276D65,REQ_7419FB7412F1,2,30000.0,v0.1
INS_B032C1276D65,REQ_DA0FF62AA0CA,3,5750.0,v0.1
INS_B032C1276D65,REQ_6589D7539281,4,1520.0,v0.1
INS_B032C1276D65,REQ_2741E3BC401F,5,15640.0,v0.1
INS_B032C1276D65,REQ_6AFE66F5B936,6,8790.0,v0.1
INS_B032C1276D65,REQ_43C9A3FA4766,7,13880.000000000002,v0.1
INS_B032C1276D65,REQ_847F0B82C374,8,20470.0,v0.1
INS_B032C1276D65,REQ_7E81263B15E9,9,1800.0,v0.1
INS_B7E920FBE658,REQ_EAD811232333,0,1710.0000000000002,v0.1
INS_B7E920FBE658,REQ_F4A5532F36CC,1,30000.0,v0.1
INS_B7E920FBE658,REQ_D7535F9401CC,2,1870.0,v0.1
INS_B7E920FBE658,REQ_BC823A16BF77,3,1689.9999999999998,v0.1
INS_B7E920FBE658,REQ_907C5B8D861D,4,160.0,v0.1
INS_B7E920FBE658,REQ_D5B834240A6A,5,10050.0,v0.1
INS_B7E920FBE658,REQ_BA80F34DAA20,6,2100.0,v0.1
INS_B7E920FBE658,REQ_81B64047C1E0,7,360.0,v0.1
INS_B7E920FBE658,REQ_6B147236E2AB,8,680.0,v0.1
INS_B7E920FBE658,REQ_38EC6FD93652,9,100.0,v0.1
INS_B7E920FBE658,REQ_CE6B3B6B37DF,10,200.0,v0.1
INS_B7E920FBE658,REQ_7CA4361FDA43,11,30000.0,v0.1
INS_B7E920FBE658,REQ_677152C95D2B,12,1000.0,v0.1
INS_B7E920FBE658,REQ_84CD142BB2C8,13,3690.0,v0.1
INS_B7E920FBE658,REQ_A81113AE39FF,14,19520.0,v0.1
INS_B7E920FBE658,REQ_B056A391EFBC,15,280.0,v0.1
INS_B7E920FBE658,REQ_50E5C5F54B70,16,830.0,v0.1
INS_B7E920FBE658,REQ_3DD105791429,17,3600.0,v0.1
INS_B7E920FBE658,REQ_FC876D04B1CA,18,110.00000000000001,v0.1
INS_B7E920FBE658,REQ_847A3D974D3B,19,140.0,v0.1
INS_B7E920FBE658,REQ_9E409FDFD498,20,850.0,v0.1
INS_B7E920FBE658,REQ_E655BE748010,21,670.0,v0.1
INS_5698BFA6B445,REQ_1CC44BABC882,0,18480.0,v0.1
INS_5698BFA6B445,REQ_77152EB16AC8,1,30000.0,v0.1
INS_5698BFA6B445,REQ_4444D2432E4F,2,10550.0,v0.1
INS_5698BFA6B445,REQ_39FC9F2E4361,3,30000.0,v0.1
INS_5698BFA6B445,REQ_D4749913544E,4,240.0,v0.1
INS_5698BFA6B445,REQ_86E7FCCDA59F,5,26920.0,v0.1
INS_5698BFA6B445,REQ_660DF57E5C60,6,420.0,v0.1
INS_5698BFA6B445,REQ_971381117570,7,10510.0,v0.1
INS_5698BFA6B445,REQ_CF54A647A46B,8,30000.0,v0.1
INS_5698BFA6B445,REQ_972044FB3724,9,969.9999999999999,v0.1
INS_5698BFA6B445,REQ_798ADCEF7F03,10,229.99999999999997,v0.1
INS_5698BFA6B445,REQ_07673F68EC0C,11,1850.0,v0.1
INS_5698BFA6B445,REQ_D1C8CD568536,12,969.9999999999999,v0.1
INS_5698BFA6B445,REQ_181AA2B30C7F,13,10380.0,v0.1
INS_5698BFA6B445,REQ_0316DE5D0E73,14,23550.0,v0.1
INS_5698BFA6B445,REQ_01A90FBA2249,15,17450.0,v0.1
INS_5698BFA6B445,REQ_7AEE23AE9778,16,1689.9999999999998,v0.1
INS_5698BFA6B445,REQ_022DFE0D461B,17,21250.0,v0.1
INS_5698BFA6B445,REQ_C2825BAB5011,18,11770.0,v0.1
INS_5698BFA6B445,REQ_E9A0100BC8A2,19,1960.0,v0.1
INS_5698BFA6B445,REQ_3616794B865B,20,10750.0,v0.1
INS_5698BFA6B445,REQ_688367AF0918,21,860.0,v0.1
INS_5698BFA6B445,REQ_98BE0487939E,22,14820.0,v0.1
INS_5698BFA6B445,REQ_59810E027B28,23,17680.0,v0.1
INS_5698BFA6B445,REQ_5EEE0A814B0D,24,440.00000000000006,v0.1
INS_5698BFA6B445,REQ_71DB354DC4E5,25,8375.0,v0.1
INS_5698BFA6B445,REQ_829E8C61F677,26,530.0,v0.1
INS_5698BFA6B445,REQ_25C5F2E1F761,27,16379.999999999998,v0.1
INS_3A6AD7480B90,REQ_B4A24CC53D96,0,700.0,v0.1
INS_3A6AD7480B90,REQ_FB81F99BEFC8,1,20590.0,v0.1
INS_3A6AD7480B90,REQ_F5EE2A8DE040,2,30000.0,v0.1
INS_3A6AD7480B90,REQ_F03D84022B1D,3,660.0,v0.1
INS_3A6AD7480B90,REQ_36D4C6AC62E3,4,2560.0,v0.1
INS_3A6AD7480B90,REQ_4CDB2E50BE33,5,1150.0,v0.1
INS_3A6AD7480B90,REQ_7551FC3E2BB6,6,1900.0,v0.1
INS_3A6AD7480B90,REQ_184EA327ED07,7,3840.0,v0.1
INS_3A6AD7480B90,REQ_25495EC8E8CF,8,480.0,v0.1
INS_3A6AD7480B90,REQ_6F8C8FE918DB,9,2030.0,v0.1
INS_3A6AD7480B90,REQ_39D6CBE53DEC,10,30000.0,v0.1
INS_3A6AD7480B90,REQ_EA1C9C10956D,11,11020.0,v0.1
INS_3A6AD7480B90,REQ_CA1F34195ED1,12,10290.0,v0.1
INS_3A6AD7480B90,REQ_DD58CFB6E458,13,30000.0,v0.1
INS_3A6AD7480B90,REQ_72CAA28865E8,14,1610.0,v0.1
INS_3A6AD7480B90,REQ_400519F26E89,15,350.0,v0.1
INS_3A6AD7480B90,REQ_5338B4DF7F26,16,6300.0,v0.1
INS_3A6AD7480B90,REQ_0E0155C19CC3,17,19980.0,v0.1
INS_3A6AD7480B90,REQ_1E484AB73806,18,250.0,v0.1
INS_3A6AD7480B90,REQ_BF8630911444,19,2190.0,v0.1
INS_6AFB6E83C3D2,REQ_90E42D3FBA72,0,30000.0,v0.1
INS_6AFB6E83C3D2,REQ_CC82FBBEBC1E,1,9240.0,v0.1
INS_6AFB6E83C3D2,REQ_36D7A4399338,2,10960.0,v0.1
INS_6AFB6E83C3D2,REQ_591999E48160,3,1540.0,v0.1
INS_6AFB6E83C3D2,REQ_1BB317A15F19,4,30000.0,v0.1
INS_6AFB6E83C3D2,REQ_E1D2884790D8,5,2870.0,v0.1
INS_6AFB6E83C3D2,REQ_988CEC18E682,6,30000.0,v0.1
INS_6AFB6E83C3D2,REQ_231C522DB140,7,550.0,v0.1
INS_6AFB6E83C3D2,REQ_FC5672887B99,8,1400.0,v0.1
INS_6AFB6E83C3D2,REQ_4F24421B2107,9,6040.0,v0.1
INS_6AFB6E83C3D2,REQ_BEB0C58EAF7F,10,30000.0,v0.1
INS_6AFB6E83C3D2,REQ_F05425EB4B5F,11,16520.0,v0.1
INS_6AFB6E83C3D2,REQ_672872653816,12,1460.0,v0.1
INS_6AFB6E83C3D2,REQ_FDB5B602498D,13,1700.0,v0.1
INS_6AFB6E83C3D2,REQ_D02202BC365A,14,30000.0,v0.1
INS_6AFB6E83C3D2,REQ_B0DB739B1B2C,15,10070.0,v0.1
INS_6AFB6E83C3D2,REQ_409862E7C973,16,3500.0,v0.1
INS_6AFB6E83C3D2,REQ_49A935C756F4,17,6060.0,v0.1
INS_6AFB6E83C3D2,REQ_6B3674688BF6,18,13840.0,v0.1
INS_6AFB6E83C3D2,REQ_84DCB863BDE5,19,550.0,v0.1
INS_2C0F1110AD58,REQ_C4B0A7BD85F7,0,430.0,v0.1
INS_2C0F1110AD58,REQ_37FDAFE257BF,1,1430.0,v0.1
INS_2C0F1110AD58,REQ_0CCDCB0D44A8,2,3820.0,v0.1
INS_2C0F1110AD58,REQ_E175DE306516,3,700.0,v0.1
INS_2C0F1110AD58,REQ_94608E003334,4,30000.0,v0.1
INS_2C0F1110AD58,REQ_D871F9FBC3F7,5,7540.0,v0.1
INS_2C0F1110AD58,REQ_4B31F931F746,6,3020.0,v0.1
INS_2C0F1110AD58,REQ_86AF9E44A1C2,7,14740.0,v0.1
INS_2C0F1110AD58,REQ_62D161A096B6,8,8220.0,v0.1
INS_2C0F1110AD58,REQ_BED4A4AC3CFC,9,1080.0,v0.1
INS_2C0F1110AD58,REQ_311056F608DA,10,30000.0,v0.1
INS_2C0F1110AD58,REQ_B06EE1FBD790,11,440.0,v0.1
INS_2C0F1110AD58,REQ_F77F56A3553A,12,960.0,v0.1
INS_2C0F1110AD58,REQ_72718D156290,13,160.0,v0.1
INS_2C0F1110AD58,REQ_778A17E1EDA1,14,650.0,v0.1
INS_2C0F1110AD58,REQ_2888FCBC87BA,15,30000.0,v0.1
INS_2C0F1110AD58,REQ_03F878AF7420,16,30000.0,v0.1
INS_2C0F1110AD58,REQ_6B20DF372E10,17,480.0,v0.1
INS_2C0F1110AD58,REQ_00CF4AC5B243,18,16059.999999999998,v0.1
INS_2C0F1110AD58,REQ_4A23242941AD,19,1050.0,v0.1
INS_2C0F1110AD58,REQ_5A6566DAFC6C,20,1050.0,v0.1
INS_2C0F1110AD58,REQ_27B4C6F471BB,21,30000.0,v0.1
INS_2C0F1110AD58,REQ_DC90A30FB68E,22,8270.0,v0.1
INS_2C0F1110AD58,REQ_5EB88076CE0B,23,3250.0,v0.1
INS_2C0F1110AD58,REQ_3606C5A57A52,24,320.0,v0.1
INS_2C0F1110AD58,REQ_557A644DF69E,25,30000.0,v0.1
INS_2C0F1110AD58,REQ_F1BCE2171353,26,30000.0,v0.1
INS_2C0F1110AD58,REQ_DE6DDD1940AC,27,30000.0,v0.1
INS_2C0F1110AD58,REQ_68F49D54D105,28,30000.0,v0.1
INS_2C0F1110AD58,REQ_13BD76B8941D,29,430.0,v0.1
INS_2C0F1110AD58,REQ_640C240DB4EC,30,320.0,v0.1
INS_2C0F1110AD58,REQ_96CAFFF38343,31,30000.0,v0.1
INS_2C0F1110AD58,REQ_C298899600A4,32,11490.0,v0.1
INS_2C0F1110AD58,REQ_361625296175,33,760.0,v0.1
INS_2C0F1110AD58,REQ_DA9804E4207F,34,700.0,v0.1
INS_2C0F1110AD58,REQ_BD2D6B2E0207,35,9650.0,v0.1
INS_2C0F1110AD58,REQ_2BE4704EFB60,36,270.0,v0.1
INS_2C0F1110AD58,REQ_D6CE35E0432E,37,4840.0,v0.1
INS_2C0F1110AD58,REQ_7A6BD429118B,38,12290.0,v0.1
INS_2C0F1110AD58,REQ_2D5C6A5F2813,39,1130.0,v0.1
INS_2C0F1110AD58,REQ_43949A6DCBFE,40,30000.0,v0.1
INS_2C0F1110AD58,REQ_B5E35BCF69A4,41,30000.0,v0.1
INS_2C0F1110AD58,REQ_3E52F7FF91EF,42,30000.0,v0.1
INS_2C0F1110AD58,REQ_9AE4BA7FB8C4,43,18850.0,v0.1
INS_2C0F1110AD58,REQ_DDDBFE9B56BE,44,30000.0,v0.1
INS_2C0F1110AD58,REQ_CD46E38AE293,45,19010.0,v0.1
INS_2C0F1110AD58,REQ_7D8774617386,46,1130.0,v0.1
INS_2C0F1110AD58,REQ_BE03A802B4DF,47,1270.0,v0.1
INS_2C0F1110AD58,REQ_7BF139A4D4AD,48,27120.0,v0.1
INS_2C0F1110AD58,REQ_B28C9C438DBA,49,21460.0,v0.1
INS_2C0F1110AD58,REQ_0CB5319CA597,50,320.0,v0.1
INS_2C0F1110AD58,REQ_809E38F7BDBD,51,5620.0,v0.1
INS_2C0F1110AD58,REQ_073392287219,52,400.0,v0.1
INS_2C0F1110AD58,REQ_231A91044222,53,600.0,v0.1
INS_2C0F1110AD58,REQ_360A8748CB18,54,30000.0,v0.1
INS_2C0F1110AD58,REQ_04C5EB60AB97,55,30000.0,v0.1
INS_34D8FFB5FB23,REQ_BA4765F3E68D,0,30000.0,v0.1
INS_34D8FFB5FB23,REQ_D7C981DEE0E7,1,7309.999999999999,v0.1
INS_34D8FFB5FB23,REQ_48C9BCADCABD,2,30000.0,v0.1
INS_34D8FFB5FB23,REQ_0CC67604B2B7,3,24350.0,v0.1
INS_34D8FFB5FB23,REQ_A673DE68CE58,4,26980.0,v0.1
INS_34D8FFB5FB23,REQ_6C087EA6F86F,5,30000.0,v0.1
INS_34D8FFB5FB23,REQ_919DD27012C6,6,30000.0,v0.1
INS_34D8FFB5FB23,REQ_0C29D1C7632C,7,30000.0,v0.1
INS_34D8FFB5FB23,REQ_754815DAB900,8,30000.0,v0.1
INS_34D8FFB5FB23,REQ_895E7DF735BD,9,14200.0,v0.1
INS_708FCCC2E828,REQ_DB40E149ED2A,0,5550.0,v0.1
INS_708FCCC2E828,REQ_CE9328E6D317,1,9270.0,v0.1
INS_708FCCC2E828,REQ_C1736CC2ED3D,2,5470.0,v0.1
INS_708FCCC2E828,REQ_040FABC7A9E0,3,3940.0,v0.1
INS_708FCCC2E828,REQ_ADE7E9B77A98,4,8500.0,v0.1
INS_708FCCC2E828,REQ_9BF104039CBE,5,10350.0,v0.1
INS_708FCCC2E828,REQ_9B85DFE72FD9,6,860.0,v0.1
INS_708FCCC2E828,REQ_616E3E8BAC14,7,870.0,v0.1
INS_708FCCC2E828,REQ_0B915180F5B4,8,550.0,v0.1
INS_708FCCC2E828,REQ_1B54720C91B5,9,550.0,v0.1
INS_708FCCC2E828,REQ_94888E40CC70,10,30000.0,v0.1
INS_708FCCC2E828,REQ_8CBD357ED03A,11,17230.0,v0.1
INS_685E5303A4F2,REQ_245C25648A9A,0,30000.0,v0.1
INS_685E5303A4F2,REQ_95705959FB4C,1,660.0,v0.1
INS_685E5303A4F2,REQ_DE32239BCE15,2,2490.0,v0.1
INS_685E5303A4F2,REQ_939B6C52B1B8,3,30000.0,v0.1
INS_685E5303A4F2,REQ_3DAC68CA210D,4,1889.9999999999998,v0.1
INS_685E5303A4F2,REQ_E61D66AE4EB5,5,19490.0,v0.1
INS_685E5303A4F2,REQ_BBE144F49F9C,6,1350.0,v0.1
INS_685E5303A4F2,REQ_F171355774C6,7,330.0,v0.1
INS_685E5303A4F2,REQ_3742A9F1AD30,8,190.0,v0.1
INS_685E5303A4F2,REQ_BFDD7943B0E5,9,1150.0,v0.1
INS_685E5303A4F2,REQ_F328D4110CD7,10,11540.0,v0.1
INS_685E5303A4F2,REQ_05BC3307E04D,11,28700.0,v0.1
INS_685E5303A4F2,REQ_92272EA82130,12,6330.0,v0.1
INS_685E5303A4F2,REQ_EEAD77B781F1,13,30000.0,v0.1
INS_685E5303A4F2,REQ_36E5BC396DE3,14,30000.0,v0.1
INS_685E5303A4F2,REQ_5E1BDCEF6C02,15,30000.0,v0.1
INS_685E5303A4F2,REQ_B2AF89FC329C,16,30000.0,v0.1
INS_685E5303A4F2,REQ_DAB8CFFC32BF,17,750.0,v0.1
INS_685E5303A4F2,REQ_8BCADB53CD68,18,840.0,v0.1
INS_685E5303A4F2,REQ_F562EF78C0B2,19,30000.0,v0.1
INS_685E5303A4F2,REQ_249F7AA4AFD5,20,260.0,v0.1
INS_685E5303A4F2,REQ_98CDF735F436,21,30000.0,v0.1
INS_685E5303A4F2,REQ_890AC0ACCC8F,22,30000.0,v0.1
INS_685E5303A4F2,REQ_F91B88272DE3,23,90.0,v0.1
INS_685E5303A4F2,REQ_87E11C77002B,24,1160.0,v0.1
INS_685E5303A4F2,REQ_B4D82BDD46F5,25,14040.0,v0.1
INS_685E5303A4F2,REQ_739D83C97BA1,26,4240.0,v0.1
INS_685E5303A4F2,REQ_C167B6869083,27,30275.0,v0.1
INS_38CA50303FF8,REQ_A8A796745767,0,2340.0,v0.1
INS_38CA50303FF8,REQ_61AAF1A16775,1,30000.0,v0.1
INS_38CA50303FF8,REQ_DDB817B722A2,2,30000.0,v0.1
INS_38CA50303FF8,REQ_E711ACB22092,3,30000.0,v0.1
INS_38CA50303FF8,REQ_C2224BAB0D20,4,900.0,v0.1
INS_38CA50303FF8,REQ_9CBAB0D00B27,5,30000.0,v0.1
INS_38CA50303FF8,REQ_072D5D427A73,6,16440.0,v0.1
INS_38CA50303FF8,REQ_2736D83C786A,7,30000.0,v0.1
INS_38CA50303FF8,REQ_CC5A547B6557,8,23360.0,v0.1
INS_38CA50303FF8,REQ_A1522B97F8C2,9,30000.0,v0.1
INS_38CA50303FF8,REQ_F6D219960707,10,1440.0,v0.1
INS_38CA50303FF8,REQ_160D9FE554FF,11,30000.0,v0.1
INS_38CA50303FF8,REQ_01C5EF112911,12,30000.0,v0.1
INS_38CA50303FF8,REQ_5DEC6F33BD84,13,30000.0,v0.1
INS_38CA50303FF8,REQ_74D80E6419D3,14,710.0,v0.1
INS_38CA50303FF8,REQ_9FE8B11E2C00,15,30000.0,v0.1
INS_38CA50303FF8,REQ_C532521B97BC,16,30000.0,v0.1
INS_38CA50303FF8,REQ_D53D2A8D9117,17,30000.0,v0.1
INS_38CA50303FF8,REQ_9F137379FC36,18,24850.0,v0.1
INS_38CA50303FF8,REQ_031A651A7125,19,22580.0,v0.1
INS_38CA50303FF8,REQ_5C3C34C9A6CA,20,2100.0,v0.1
INS_38CA50303FF8,REQ_7E0DB3DC29AA,21,30000.0,v0.1
INS_38CA50303FF8,REQ_7191A28F7BB3,22,930.0000000000001,v0.1
INS_38CA50303FF8,REQ_4D79D46DFF98,23,500.0,v0.1
INS_38CA50303FF8,REQ_E38CF4B73015,24,30000.0,v0.1
INS_38CA50303FF8,REQ_54DDBBCDA87F,25,2070.0,v0.1
INS_38CA50303FF8,REQ_DAFE6C80BD50,26,30000.0,v0.1
INS_68C1D82C0CCC,REQ_958305EC72C9,0,9780.0,v0.1
INS_68C1D82C0CCC,REQ_2CA191175619,1,190.0,v0.1
INS_68C1D82C0CCC,REQ_9B6237117D87,2,240.0,v0.1
INS_68C1D82C0CCC,REQ_3A0EAE16218A,3,5330.0,v0.1
INS_68C1D82C0CCC,REQ_49313FAA0FFE,4,600.0,v0.1
INS_68C1D82C0CCC,REQ_C5E285534B5F,5,1160.0,v0.1
INS_68C1D82C0CCC,REQ_E982EDE70AEE,6,370.0,v0.1
INS_68C1D82C0CCC,REQ_3168DE636FD0,7,25500.0,v0.1
INS_68C1D82C0CCC,REQ_443E20FC97F7,8,25770.0,v0.1
INS_68C1D82C0CCC,REQ_1A93E68A553A,9,24980.0,v0.1
INS_68C1D82C0CCC,REQ_0C8AD2C458A4,10,30000.0,v0.1
INS_68C1D82C0CCC,REQ_6B7CA34C65E0,11,9650.0,v0.1
INS_68C1D82C0CCC,REQ_2CCDF194B4DF,12,140.0,v0.1
INS_68C1D82C0CCC,REQ_3A1039C4A0F6,13,11340.0,v0.1
INS_68C1D82C0CCC,REQ_1822E21DD462,14,400.0,v0.1
INS_68C1D82C0CCC,REQ_BED90CB5A9E4,15,30000.0,v0.1
INS_68C1D82C0CCC,REQ_78E5CC497448,16,250.0,v0.1
INS_68C1D82C0CCC,REQ_ED3FEF99F6DB,17,30000.0,v0.1
INS_68C1D82C0CCC,REQ_20D47B017E6C,18,30000.0,v0.1
INS_68C1D82C0CCC,REQ_5366AD7EA89D,19,250.0,v0.1
INS_68C1D82C0CCC,REQ_DD2BB99A8ACC,20,7400.0,v0.1
INS_68C1D82C0CCC,REQ_8F3BD89B8C29,21,19200.0,v0.1
INS_68C1D82C0CCC,REQ_863993A2E698,22,290.0,v0.1
INS_68C1D82C0CCC,REQ_CE309AD2C6CC,23,30000.0,v0.1
INS_68C1D82C0CCC,REQ_642E228A08E4,24,13230.0,v0.1
INS_68C1D82C0CCC,REQ_54A399306166,25,15760.0,v0.1
INS_68C1D82C0CCC,REQ_372BF2DC87F1,26,220.0,v0.1
INS_68C1D82C0CCC,REQ_CAFFBA9F3F97,27,14440.0,v0.1
INS_68C1D82C0CCC,REQ_A5AEC04C86C9,28,360.0,v0.1
INS_68C1D82C0CCC,REQ_AF8F3D7B8D21,29,24970.0,v0.1
INS_68C1D82C0CCC,REQ_3FD42D7D0B4B,30,19180.0,v0.1
INS_68C1D82C0CCC,REQ_9244511959E9,31,29170.0,v0.1
INS_A77004523904,REQ_BAC7AC0AF5EB,0,17010.0,v0.1
INS_A77004523904,REQ_6A39B0D15421,1,30000.0,v0.1
INS_A77004523904,REQ_E3823E359C43,2,30000.0,v0.1
INS_A77004523904,REQ_F0A10F651168,3,30000.0,v0.1
INS_A77004523904,REQ_1BF3BCE15319,4,440.00000000000006,v0.1
INS_A77004523904,REQ_1B118BFC769A,5,30000.0,v0.1
INS_A77004523904,REQ_EDD88DB464D3,6,30000.0,v0.1
INS_A77004523904,REQ_D4D0B2FA3545,7,630.0,v0.1
INS_AA6D322FD5D2,REQ_DA13888D7128,0,310.0,v0.1
INS_AA6D322FD5D2,REQ_44634139268E,1,17610.0,v0.1
INS_AA6D322FD5D2,REQ_1F7E512C7469,2,1520.0,v0.1
INS_AA6D322FD5D2,REQ_CFA6A24D2EC1,3,2720.0,v0.1
INS_AA6D322FD5D2,REQ_9B2A1891DD70,4,400.0,v0.1
INS_AA6D322FD5D2,REQ_E691FF10BB50,5,490.0,v0.1
INS_AA6D322FD5D2,REQ_97F5C3AE2253,6,670.0,v0.1
INS_AA6D322FD5D2,REQ_F120BDA3DAC4,7,1280.0,v0.1
INS_AA6D322FD5D2,REQ_9CBC0C6E0E78,8,8600.0,v0.1
INS_AA6D322FD5D2,REQ_BB03635599B3,9,4150.0,v0.1
INS_AA6D322FD5D2,REQ_B1123790A2C3,10,7360.0,v0.1
INS_AA6D322FD5D2,REQ_DF2F62F31A66,11,200.0,v0.1
INS_55BA5AFA3370,REQ_618DFE35B7DE,0,440.0,v0.1
INS_55BA5AFA3370,REQ_C4BBA0EE78C2,1,2350.0,v0.1
INS_55BA5AFA3370,REQ_4E4B093A2F89,2,1000.0,v0.1
INS_55BA5AFA3370,REQ_5D942A41C4D3,3,1810.0000000000002,v0.1
INS_55BA5AFA3370,REQ_1A1E66BE6867,4,30000.0,v0.1
INS_55BA5AFA3370,REQ_20A11A7BA89B,5,2060.0,v0.1
INS_55BA5AFA3370,REQ_9FBCD1FA6F78,6,5580.0,v0.1
INS_55BA5AFA3370,REQ_E9E29AF16E0F,7,7370.0,v0.1
INS_55BA5AFA3370,REQ_25BB92F38F51,8,1450.0,v0.1
INS_55BA5AFA3370,REQ_07673F68EC0C,9,1850.0,v0.1
INS_55BA5AFA3370,REQ_C2F2EAD59F0A,10,6650.0,v0.1
INS_55BA5AFA3370,REQ_0AECB8D82235,11,21300.0,v0.1
INS_55BA5AFA3370,REQ_8E8A36557244,12,1010.0,v0.1
INS_55BA5AFA3370,REQ_3C798AD3B279,13,13020.0,v0.1
INS_55BA5AFA3370,REQ_B5C8E4C5A577,14,27780.0,v0.1
INS_55BA5AFA3370,REQ_EEF5CA37D123,15,12050.0,v0.1
INS_FAFED5BB179F,REQ_E3823E359C43,0,30000.0,v0.1
INS_FAFED5BB179F,REQ_BF7E328E8BFD,1,810.0,v0.1
INS_FAFED5BB179F,REQ_043454D02EE0,2,14270.0,v0.1
INS_FAFED5BB179F,REQ_908CB7D54068,3,30000.0,v0.1
INS_FAFED5BB179F,REQ_EFA9925942C8,4,2680.0,v0.1
INS_FAFED5BB179F,REQ_3E8F666F8087,5,8280.0,v0.1
INS_FAFED5BB179F,REQ_C119F03EB0CD,6,30000.0,v0.1
INS_FAFED5BB179F,REQ_98D1624C2D86,7,30000.0,v0.1
INS_FAFED5BB179F,REQ_9AAB9312845B,8,30000.0,v0.1
INS_FAFED5BB179F,REQ_3F49749CF18A,9,30000.0,v0.1
INS_FAFED5BB179F,REQ_8637059E5BE3,10,700.0,v0.1
INS_FAFED5BB179F,REQ_15CE59A382EE,11,30000.0,v0.1
INS_FAFED5BB179F,REQ_EDD88DB464D3,12,30000.0,v0.1
INS_99ACDB7712EE,REQ_8C4797CDE380,0,260.0,v0.1
INS_99ACDB7712EE,REQ_A328D948D8A2,1,12130.0,v0.1
INS_99ACDB7712EE,REQ_9996C632F0DB,2,18940.0,v0.1
INS_99ACDB7712EE,REQ_3A0EAE16218A,3,5330.0,v0.1
INS_99ACDB7712EE,REQ_DE008BA6FDE1,4,620.0,v0.1
INS_99ACDB7712EE,REQ_79671DD90B7C,5,30000.0,v0.1
INS_99ACDB7712EE,REQ_4307B8714003,6,5750.0,v0.1
INS_99ACDB7712EE,REQ_B7C2F36D754D,7,250.0,v0.1
INS_99ACDB7712EE,REQ_49313FAA0FFE,8,600.0,v0.1
INS_99ACDB7712EE,REQ_2467C338C29D,9,28310.0,v0.1
INS_99ACDB7712EE,REQ_029084C94DC0,10,570.0,v0.1
INS_370D7D3E576E,REQ_924969DF1707,0,8160.0,v0.1
INS_370D7D3E576E,REQ_B6B31FD01C0A,1,300.0,v0.1
INS_370D7D3E576E,REQ_EC356BCDC10F,2,30000.0,v0.1
INS_370D7D3E576E,REQ_FB6C6EB978B9,3,869.9999999999999,v0.1
INS_370D7D3E576E,REQ_A23B6A3D281B,4,1960.0,v0.1
INS_370D7D3E576E,REQ_02C0E6C73973,5,200.0,v0.1
INS_370D7D3E576E,REQ_C3D11242A41B,6,900.0,v0.1
INS_370D7D3E576E,REQ_8B0804981D76,7,30000.0,v0.1
INS_F5F9494AEDBA,REQ_C85A6B2E3893,0,30000.0,v0.1
INS_F5F9494AEDBA,REQ_0BFB79A89C42,1,830.0,v0.1
INS_F5F9494AEDBA,REQ_6E25F830CFDF,2,30750.0,v0.1
INS_F5F9494AEDBA,REQ_9F7846E4B91B,3,30000.0,v0.1
INS_F5F9494AEDBA,REQ_5674D32B575F,4,30000.0,v0.1
INS_F5F9494AEDBA,REQ_FDBE7FE2A030,5,16070.0,v0.1
INS_F5F9494AEDBA,REQ_1DB96C622F88,6,4920.0,v0.1
INS_F5F9494AEDBA,REQ_F15035B559D5,7,30000.0,v0.1
INS_F5F9494AEDBA,REQ_275D14BE0499,8,23230.0,v0.1
INS_F5F9494AEDBA,REQ_00FD6D99668B,9,4510.0,v0.1
INS_F5F9494AEDBA,REQ_892879E4704E,10,630.0,v0.1
INS_F5F9494AEDBA,REQ_878B152114DC,11,1500.0,v0.1
INS_F5F9494AEDBA,REQ_82FFB58CEE26,12,2020.0,v0.1
INS_F5F9494AEDBA,REQ_A36074E2F158,13,20460.0,v0.1
INS_F5F9494AEDBA,REQ_F147C564BFF8,14,520.0,v0.1
INS_F5F9494AEDBA,REQ_EB14E042DEE6,15,30000.0,v0.1
INS_F5F9494AEDBA,REQ_4BADC816B436,16,30000.0,v0.1
INS_F5F9494AEDBA,REQ_4B262B8B1B19,17,750.0,v0.1
INS_F5F9494AEDBA,REQ_695E1D519F04,18,2810.0,v0.1
INS_F5F9494AEDBA,REQ_BEFB5C6A6665,19,30000.0,v0.1
INS_F5F9494AEDBA,REQ_EA52FE2676F8,20,28850.0,v0.1
INS_F5F9494AEDBA,REQ_B5F25B74DACF,21,19190.0,v0.1
INS_F5F9494AEDBA,REQ_DDD7B56A6E40,22,740.0,v0.1
INS_F5F9494AEDBA,REQ_81EA05F86D02,23,2350.0,v0.1
INS_F5F9494AEDBA,REQ_4B28389D8C08,24,5900.0,v0.1
INS_F5F9494AEDBA,REQ_F62143B202A6,25,1920.0,v0.1
INS_F5F9494AEDBA,REQ_584E571F24D4,26,5590.0,v0.1
INS_F5F9494AEDBA,REQ_1C4390A52F31,27,30000.0,v0.1
INS_F5F9494AEDBA,REQ_C8BA1847DF81,28,730.0,v0.1
INS_57194F03E10D,REQ_E754453B489F,0,4020.0,v0.1
INS_57194F03E10D,REQ_4AAA731DB411,1,5250.0,v0.1
INS_57194F03E10D,REQ_C8332B841EB2,2,680.0,v0.1
INS_57194F03E10D,REQ_6616DA7B8B85,3,30000.0,v0.1
INS_57194F03E10D,REQ_29417744D98C,4,600.0,v0.1
INS_57194F03E10D,REQ_1A910078C614,5,760.0,v0.1
INS_57194F03E10D,REQ_7B769263F9D6,6,30000.0,v0.1
INS_57194F03E10D,REQ_CF44081C9C9C,7,9600.0,v0.1
INS_57194F03E10D,REQ_1735DE316E61,8,4980.0,v0.1
INS_57194F03E10D,REQ_F326FEA01005,9,30000.0,v0.1
INS_57194F03E10D,REQ_2E3613D9EC6D,10,250.0,v0.1
INS_57194F03E10D,REQ_31E483310672,11,4680.0,v0.1
INS_57194F03E10D,REQ_99A6021106C6,12,650.0,v0.1
INS_57194F03E10D,REQ_8C44FEABBD4B,13,6110.0,v0.1
INS_57194F03E10D,REQ_ECF353D4DC4B,14,1080.0,v0.1
INS_57194F03E10D,REQ_5A1BDE7620FF,15,570.0,v0.1
INS_57194F03E10D,REQ_D37EB237DE4D,16,2690.0,v0.1
INS_57194F03E10D,REQ_420346AEA998,17,1410.0,v0.1
INS_57194F03E10D,REQ_5A69EA82D721,18,14050.0,v0.1
INS_57194F03E10D,REQ_B677A82B5439,19,1350.0,v0.1
INS_57194F03E10D,REQ_4CD57EF6AE03,20,1800.0,v0.1
INS_57194F03E10D,REQ_AE16ACCE6DC4,21,2150.0,v0.1
INS_57194F03E10D,REQ_6B152531701B,22,700.0,v0.1
INS_57194F03E10D,REQ_7B10951B0863,23,690.0,v0.1
INS_57194F03E10D,REQ_8691C039EAE8,24,11000.0,v0.1
INS_57194F03E10D,REQ_5E683882AE31,25,15960.0,v0.1
INS_57194F03E10D,REQ_6F1D14788973,26,16020.0,v0.1
INS_D9937CA01DC5,REQ_1DA03B636B4A,0,869.9999999999999,v0.1
INS_D9937CA01DC5,REQ_4916DE9811D0,1,20650.0,v0.1
INS_D9937CA01DC5,REQ_8745DBFB3CE3,2,7780.0,v0.1
INS_D9937CA01DC5,REQ_A6E81DE90623,3,30000.0,v0.1
INS_D9937CA01DC5,REQ_4047C57721C9,4,450.0,v0.1
INS_D9937CA01DC5,REQ_582DD689676B,5,400.0,v0.1
INS_D9937CA01DC5,REQ_7FA24236A58D,6,1000.0,v0.1
INS_D9937CA01DC5,REQ_506CDF6AC7B6,7,280.0,v0.1
INS_D9937CA01DC5,REQ_4DC6C29A29E3,8,21490.0,v0.1
INS_A10992C0AEE6,REQ_C7AE263E845F,0,26350.0,v0.1
INS_A10992C0AEE6,REQ_BA871C8E953D,1,30000.0,v0.1
INS_A10992C0AEE6,REQ_279C79809B7C,2,12260.0,v0.1
INS_A10992C0AEE6,REQ_0F28E95A8C62,3,2050.0,v0.1
INS_A10992C0AEE6,REQ_D09B14797496,4,30000.0,v0.1
INS_A10992C0AEE6,REQ_EF4A623B7DD8,5,30000.0,v0.1
INS_A10992C0AEE6,REQ_5185AB28B1C3,6,25080.0,v0.1
INS_A10992C0AEE6,REQ_CE6688EAAF11,7,30000.0,v0.1
INS_A10992C0AEE6,REQ_66369F5FF960,8,2650.0,v0.1
INS_E23B523B7A1B,REQ_5D7C07E678AE,0,5150.0,v0.1
INS_E23B523B7A1B,REQ_DD2D7C303370,1,13060.0,v0.1
INS_E23B523B7A1B,REQ_33E9BF23B6C4,2,6960.0,v0.1
INS_E23B523B7A1B,REQ_E9974F9A0B55,3,660.0,v0.1
INS_E23B523B7A1B,REQ_E24BC30C6418,4,100.0,v0.1
INS_E23B523B7A1B,REQ_56425C65ADC3,5,19640.0,v0.1
INS_E23B523B7A1B,REQ_F4B06B7D9474,6,1160.0,v0.1
INS_E23B523B7A1B,REQ_CF4A45C62C23,7,350.0,v0.1
INS_E23B523B7A1B,REQ_5ECE9548C717,8,1330.0,v0.1
INS_E23B523B7A1B,REQ_38A6A0AB35FF,9,2090.0,v0.1
INS_E23B523B7A1B,REQ_3D0526F36130,10,790.0,v0.1
INS_E23B523B7A1B,REQ_DE7BB3856739,11,700.0,v0.1
INS_E23B523B7A1B,REQ_6B2840F0F86D,12,650.0,v0.1
INS_E23B523B7A1B,REQ_3BE08DF5243A,13,750.0,v0.1
INS_E23B523B7A1B,REQ_817E915B1620,14,330.0,v0.1
INS_28BF317084E1,REQ_C5E285534B5F,0,1160.0,v0.1
INS_28BF317084E1,REQ_8616D1DFCF12,1,2070.0,v0.1
INS_28BF317084E1,REQ_A122C226913E,2,7150.0,v0.1
INS_28BF317084E1,REQ_DBBD8DE99F15,3,30000.0,v0.1
INS_28BF317084E1,REQ_1B1BE46C9771,4,30000.0,v0.1
INS_28BF317084E1,REQ_79671DD90B7C,5,30000.0,v0.1
INS_28BF317084E1,REQ_A328D948D8A2,6,12130.0,v0.1
INS_28BF317084E1,REQ_25FCA32763F5,7,30000.0,v0.1
INS_28BF317084E1,REQ_322DC5B84E72,8,30000.0,v0.1
INS_28BF317084E1,REQ_96F0B1E40C1E,9,16760.0,v0.1
INS_28BF317084E1,REQ_59169D1C42EB,10,600.0,v0.1
INS_28BF317084E1,REQ_DA9001594022,11,160.0,v0.1
INS_28BF317084E1,REQ_B22EBEE6526B,12,30000.0,v0.1
INS_28BF317084E1,REQ_FB6F53CC7461,13,26350.0,v0.1
INS_B65B4B4ADA03,REQ_FE2DD524AB81,0,23990.0,v0.1
INS_B65B4B4ADA03,REQ_3CEA749516F8,1,13540.0,v0.1
INS_B65B4B4ADA03,REQ_DB94E0C29307,2,30000.0,v0.1
INS_B65B4B4ADA03,REQ_9B0F91E2C180,3,1180.0,v0.1
INS_B65B4B4ADA03,REQ_83F36DA01736,4,640.0,v0.1
INS_B65B4B4ADA03,REQ_A0562A45B51D,5,14480.0,v0.1
INS_B65B4B4ADA03,REQ_D955F7DFB52D,6,30000.0,v0.1
INS_B65B4B4ADA03,REQ_2227361FACDB,7,350.0,v0.1
INS_B65B4B4ADA03,REQ_B547DBDD06B6,8,1900.0,v0.1
INS_B65B4B4ADA03,REQ_6B53CB7C3B5E,9,300.0,v0.1
INS_B65B4B4ADA03,REQ_A1E9E04CD6E0,10,2300.0,v0.1
INS_B65B4B4ADA03,REQ_FBB1316DB5C9,11,2140.0,v0.1
INS_B65B4B4ADA03,REQ_09E62CF51BA0,12,540.0,v0.1
INS_B65B4B4ADA03,REQ_1A91A2C8CEDA,13,30000.0,v0.1
INS_B65B4B4ADA03,REQ_15725A6D0C43,14,6770.0,v0.1
INS_B65B4B4ADA03,REQ_74577D6FE522,15,30000.0,v0.1
INS_B65B4B4ADA03,REQ_60DBA0922864,16,2030.0,v0.1
INS_B65B4B4ADA03,REQ_4987B0092974,17,550.0,v0.1
INS_B65B4B4ADA03,REQ_B1A9D09AFE67,18,30000.0,v0.1
INS_B65B4B4ADA03,REQ_CB0039D99065,19,30000.0,v0.1
INS_B65B4B4ADA03,REQ_21AFB93DE244,20,2400.0,v0.1
INS_B65B4B4ADA03,REQ_FE33D7013B69,21,1210.0,v0.1
INS_B65B4B4ADA03,REQ_5D0DE971D0B8,22,2880.0,v0.1
INS_B65B4B4ADA03,REQ_1CA12EFF264F,23,16860.0,v0.1
INS_B65B4B4ADA03,REQ_3AC1B5FB0896,24,30000.0,v0.1
INS_B65B4B4ADA03,REQ_A117B6E3D8CE,25,27500.0,v0.1
INS_B65B4B4ADA03,REQ_7E491C7F3202,26,30000.0,v0.1
INS_B65B4B4ADA03,REQ_D6616880B14F,27,9860.0,v0.1
INS_B65B4B4ADA03,REQ_24CAFB68EA9A,28,30000.0,v0.1
INS_B65B4B4ADA03,REQ_F2DE6C6E8DFA,29,570.0,v0.1
INS_B65B4B4ADA03,REQ_00CADBDE7D2F,30,30000.0,v0.1
INS_B65B4B4ADA03,REQ_C89ED64BE17C,31,23830.0,v0.1
INS_B65B4B4ADA03,REQ_FBEECB9A6F32,32,1230.0,v0.1
INS_B65B4B4ADA03,REQ_2DCBB6B84C64,33,770.0,v0.1
INS_B65B4B4ADA03,REQ_B676804BBCD9,34,2430.0,v0.1
INS_B65B4B4ADA03,REQ_9730023004AE,35,29200.0,v0.1
INS_B65B4B4ADA03,REQ_893A3BB0F7DB,36,230.0,v0.1
INS_B65B4B4ADA03,REQ_A7C8DCDD5325,37,11820.0,v0.1
INS_B65B4B4ADA03,REQ_572C93FCFF09,38,700.0,v0.1
INS_B65B4B4ADA03,REQ_27C9007FCF36,39,9520.0,v0.1
INS_B65B4B4ADA03,REQ_C84EB8546C5D,40,20200.0,v0.1
INS_3D989BBDEB52,REQ_390DB91BF4A5,0,2580.0,v0.1
INS_3D989BBDEB52,REQ_4AAA731DB411,1,5250.0,v0.1
INS_3D989BBDEB52,REQ_47E08230C586,2,30000.0,v0.1
INS_3D989BBDEB52,REQ_6809208C73FE,3,30000.0,v0.1
INS_3D989BBDEB52,REQ_73940FDD1A39,4,3850.0,v0.1
INS_3D989BBDEB52,REQ_2102D84AC1BB,5,440.00000000000006,v0.1
INS_3D989BBDEB52,REQ_6D5EA328E1AC,6,1700.0,v0.1
INS_3D989BBDEB52,REQ_31E483310672,7,4680.0,v0.1
INS_3D989BBDEB52,REQ_A2866441C009,8,5440.0,v0.1
INS_3D989BBDEB52,REQ_6B152531701B,9,700.0,v0.1
INS_3D989BBDEB52,REQ_5A1BDE7620FF,10,570.0,v0.1
INS_3D989BBDEB52,REQ_0329B11D7EAE,11,620.0,v0.1
INS_3D989BBDEB52,REQ_1A910078C614,12,760.0,v0.1
INS_3D989BBDEB52,REQ_06863561E196,13,1110.0,v0.1
INS_3D989BBDEB52,REQ_13B608D0D41E,14,210.0,v0.1
INS_3D989BBDEB52,REQ_30E8418FC85D,15,30000.0,v0.1
INS_3D989BBDEB52,REQ_FF9DCA056048,16,27230.0,v0.1
INS_3D989BBDEB52,REQ_9D7F639576AE,17,30000.0,v0.1
INS_3D989BBDEB52,REQ_5D90BD27C24A,18,870.0,v0.1
INS_3D989BBDEB52,REQ_D28417B60E21,19,1000.0,v0.1
INS_3D989BBDEB52,REQ_42572774EF72,20,15860.0,v0.1
INS_3D989BBDEB52,REQ_33E8FA80038F,21,200.0,v0.1
INS_3D989BBDEB52,REQ_7C377D1D3388,22,1120.0,v0.1
INS_3D989BBDEB52,REQ_60B83172E469,23,13900.0,v0.1
INS_3D989BBDEB52,REQ_AC5BA126695F,24,740.0,v0.1
INS_3D989BBDEB52,REQ_439CE7A5C3A3,25,2030.0,v0.1
INS_3D989BBDEB52,REQ_E3A91DF2866D,26,950.0,v0.1
INS_3D989BBDEB52,REQ_A6422A451DB1,27,30000.0,v0.1
INS_3D989BBDEB52,REQ_6B85287F1E2C,28,30000.0,v0.1
INS_3D989BBDEB52,REQ_9C091FF8786C,29,22160.0,v0.1
INS_39744508276C,REQ_3CD5AE32C2B3,0,6150.0,v0.1
INS_39744508276C,REQ_256E134FE119,1,4520.0,v0.1
INS_39744508276C,REQ_4425DEF4FAB3,2,24150.0,v0.1
INS_39744508276C,REQ_4E25C335B0BC,3,23770.0,v0.1
INS_39744508276C,REQ_C5A4CB19CB3B,4,21950.0,v0.1
INS_39744508276C,REQ_9EF86E795107,5,2750.0,v0.1
INS_39744508276C,REQ_66682726482C,6,23280.0,v0.1
INS_39744508276C,REQ_4113E784FD60,7,23160.0,v0.1
INS_39744508276C,REQ_B6FBECE15B8A,8,300.0,v0.1
INS_3E82066EFDD9,REQ_6C087EA6F86F,0,30000.0,v0.1
INS_3E82066EFDD9,REQ_2A92DFD89864,1,17760.0,v0.1
INS_3E82066EFDD9,REQ_05AC31DD7CD8,2,9310.0,v0.1
INS_3E82066EFDD9,REQ_895E7DF735BD,3,14200.0,v0.1
INS_3E82066EFDD9,REQ_9137C155DD72,4,13460.0,v0.1
INS_3E82066EFDD9,REQ_4CC2DA46AECF,5,30000.0,v0.1
INS_3E82066EFDD9,REQ_89498E831993,6,30000.0,v0.1
INS_3E82066EFDD9,REQ_CB81322F5C84,7,6800.0,v0.1
INS_3E82066EFDD9,REQ_75AB6204EF53,8,390.0,v0.1
INS_3E82066EFDD9,REQ_25F94CE4E455,9,30000.0,v0.1
INS_3E82066EFDD9,REQ_8BEBDFC315FC,10,15350.0,v0.1
INS_3E82066EFDD9,REQ_AA4AFAE13C6E,11,9800.0,v0.1
INS_3E82066EFDD9,REQ_BA4765F3E68D,12,30000.0,v0.1
INS_3E82066EFDD9,REQ_AF8CDDA4D5E0,13,30000.0,v0.1
INS_3E82066EFDD9,REQ_A673DE68CE58,14,26980.0,v0.1
INS_3E82066EFDD9,REQ_B884FFFCE234,15,30000.0,v0.1
INS_3E82066EFDD9,REQ_C21D9002E4B1,16,22540.0,v0.1
INS_3E82066EFDD9,REQ_16000AC93CBF,17,17000.0,v0.1
INS_3E82066EFDD9,REQ_919DD27012C6,18,30000.0,v0.1
INS_3E82066EFDD9,REQ_BC1B952684D8,19,30000.0,v0.1
INS_3E82066EFDD9,REQ_48C9BCADCABD,20,30000.0,v0.1
INS_3E82066EFDD9,REQ_CECF7A168639,21,30000.0,v0.1
INS_3E82066EFDD9,REQ_754815DAB900,22,30000.0,v0.1
INS_3E82066EFDD9,REQ_8F909F86C457,23,17800.0,v0.1
INS_3E82066EFDD9,REQ_B928B17119AE,24,6080.0,v0.1
INS_3E82066EFDD9,REQ_43CCF80E4E99,25,30000.0,v0.1
INS_3E82066EFDD9,REQ_788FAF911A5E,26,550.0,v0.1
INS_3E82066EFDD9,REQ_0CC67604B2B7,27,24350.0,v0.1
INS_3E82066EFDD9,REQ_D7C981DEE0E7,28,7309.999999999999,v0.1
INS_3E82066EFDD9,REQ_0C29D1C7632C,29,30000.0,v0.1
INS_2E271D791DA6,REQ_3EEBB86092EC,0,30000.0,v0.1
INS_2E271D791DA6,REQ_FDD057568520,1,30000.0,v0.1
INS_2E271D791DA6,REQ_D83381E9970B,2,30000.0,v0.1
INS_2E271D791DA6,REQ_A7BC46973A10,3,15700.0,v0.1
INS_2E271D791DA6,REQ_546A19D960B0,4,30000.0,v0.1
INS_2E271D791DA6,REQ_D6A702805405,5,13950.0,v0.1
INS_2E271D791DA6,REQ_CBE58178588E,6,10570.0,v0.1
INS_2E271D791DA6,REQ_5397DF010582,7,30000.0,v0.1
INS_2E271D791DA6,REQ_7CF9F5A90A05,8,14280.0,v0.1
INS_2E271D791DA6,REQ_05284FE85B1C,9,25360.0,v0.1
INS_2E271D791DA6,REQ_C40ABD233FAB,10,30000.0,v0.1
INS_2E271D791DA6,REQ_EDCDD411CC74,11,30000.0,v0.1
INS_2E271D791DA6,REQ_1FF03DAE2839,12,30000.0,v0.1
INS_2E271D791DA6,REQ_811D4A5B9CC3,13,30000.0,v0.1
INS_2E271D791DA6,REQ_57FD9283ECDD,14,13890.0,v0.1
INS_2E271D791DA6,REQ_BBCB6F5C41EE,15,27060.0,v0.1
INS_2E271D791DA6,REQ_8D6E1C7C1E4E,16,30000.0,v0.1
INS_2E271D791DA6,REQ_8F717200F89D,17,11430.0,v0.1
INS_A4781908BD3C,REQ_FC3EFB58CA9F,0,210.0,v0.1
INS_A4781908BD3C,REQ_5950185F7B68,1,210.0,v0.1
INS_A4781908BD3C,REQ_8CDD07E84BC6,2,150.0,v0.1
INS_A4781908BD3C,REQ_F1D8D9097F85,3,13590.0,v0.1
INS_A4781908BD3C,REQ_2AC48A82BA90,4,24840.0,v0.1
INS_A4781908BD3C,REQ_295F829B00FA,5,790.0,v0.1
INS_A4781908BD3C,REQ_4C0C5015A487,6,7450.0,v0.1
INS_A4781908BD3C,REQ_86F18819F99B,7,30000.0,v0.1
INS_A4781908BD3C,REQ_8CB03FFD2ABD,8,390.0,v0.1
INS_A4781908BD3C,REQ_C6087EC05AE6,9,27530.0,v0.1
INS_A4781908BD3C,REQ_87E89B6D97F9,10,1580.0,v0.1
INS_A4781908BD3C,REQ_289EF150977C,11,15460.0,v0.1
INS_A4781908BD3C,REQ_A34A8CEDC219,12,290.0,v0.1
INS_A4781908BD3C,REQ_4BC63D0A46B4,13,800.0,v0.1
INS_A4781908BD3C,REQ_2C6D0A37FF3E,14,30000.0,v0.1
INS_A4781908BD3C,REQ_63E738F50E16,15,17530.0,v0.1
INS_1258FB5FD546,REQ_4A6CFBBF62E2,0,8630.0,v0.1
INS_1258FB5FD546,REQ_4E1BA3955A6E,1,570.0,v0.1
INS_1258FB5FD546,REQ_C247A495EAED,2,10960.0,v0.1
INS_1258FB5FD546,REQ_1A3DBCD923B4,3,4970.0,v0.1
INS_1258FB5FD546,REQ_E84DD0D3CE59,4,7120.0,v0.1
INS_1258FB5FD546,REQ_39335F20C8AE,5,630.0,v0.1
INS_1258FB5FD546,REQ_15EA1EFED84D,6,1675.0,v0.1
INS_1258FB5FD546,REQ_BEB9C5D75740,7,11280.0,v0.1
INS_1258FB5FD546,REQ_585D4C3DE0A8,8,350.0,v0.1
INS_1258FB5FD546,REQ_9858C6B74A3F,9,970.0,v0.1
INS_1258FB5FD546,REQ_E7E1F283E94B,10,1580.0,v0.1
INS_1258FB5FD546,REQ_AC4AEEE3D128,11,640.0,v0.1
INS_1258FB5FD546,REQ_D55BEDA76FEC,12,509.99999999999994,v0.1
INS_1258FB5FD546,REQ_FDED3822362E,13,5720.0,v0.1
INS_1258FB5FD546,REQ_E65621287B7B,14,4930.0,v0.1
INS_1258FB5FD546,REQ_581450F8CDEC,15,24680.0,v0.1
INS_1258FB5FD546,REQ_B309684F271D,16,4400.0,v0.1
INS_1258FB5FD546,REQ_5804C7B7F29C,17,5080.0,v0.1
INS_1258FB5FD546,REQ_A518BF61A22B,18,2460.0,v0.1
INS_1258FB5FD546,REQ_CA12A32F6C8C,19,5030.0,v0.1
INS_1258FB5FD546,REQ_C713AE8C844F,20,200.0,v0.1
INS_1258FB5FD546,REQ_966CA34CFEC7,21,3970.0,v0.1
INS_1258FB5FD546,REQ_B40D98129F86,22,4230.0,v0.1
INS_1258FB5FD546,REQ_6A0A3F7C5156,23,9160.0,v0.1
INS_1258FB5FD546,REQ_6AFDE9B47FF5,24,550.0,v0.1
INS_56ED88419C88,REQ_7D3B1220DEE8,0,3250.0,v0.1
INS_56ED88419C88,REQ_68DC9E88D0D3,1,4420.0,v0.1
INS_56ED88419C88,REQ_4C5A87048AA3,2,400.0,v0.1
INS_56ED88419C88,REQ_E95BDB1239C5,3,30000.0,v0.1
INS_56ED88419C88,REQ_BCC3A4C371B8,4,27100.0,v0.1
INS_56ED88419C88,REQ_A438155C4282,5,1050.0,v0.1
INS_56ED88419C88,REQ_FCDB96FB740C,6,210.0,v0.1
INS_56ED88419C88,REQ_CA61DAADD421,7,2870.0,v0.1
INS_56ED88419C88,REQ_63B2CF1EEE19,8,3440.0,v0.1
INS_56ED88419C88,REQ_774FD1E70EDE,9,9950.0,v0.1
INS_8B04A690064D,REQ_E30BD6A5C6CA,0,14800.0,v0.1
INS_8B04A690064D,REQ_33A75344AE55,1,660.0,v0.1
INS_8B04A690064D,REQ_F4342AD7F70D,2,6300.0,v0.1
INS_8B04A690064D,REQ_6D750B6F9B4A,3,6970.0,v0.1
INS_8B04A690064D,REQ_D41C70A8CCAF,4,1580.0,v0.1
INS_8B04A690064D,REQ_6B1BF084FD80,5,29160.0,v0.1
INS_8B04A690064D,REQ_7F48CFE92239,6,8320.0,v0.1
INS_8B04A690064D,REQ_2E89D839C23E,7,13390.0,v0.1
INS_8B04A690064D,REQ_59D3CFAD1C58,8,20850.0,v0.1
INS_8B04A690064D,REQ_62B396703873,9,540.0,v0.1
INS_8B04A690064D,REQ_C62CE9C7FFE2,10,30000.0,v0.1
INS_8B04A690064D,REQ_0FF05389D5AA,11,600.0,v0.1
INS_8B04A690064D,REQ_9EE68FBEEB55,12,1800.0,v0.1
INS_8B04A690064D,REQ_AD35BC75783F,13,7830.0,v0.1
INS_417D24430CB3,REQ_B4470138690B,0,11450.0,v0.1
INS_417D24430CB3,REQ_C1CA7DDD3EBD,1,870.0,v0.1
INS_417D24430CB3,REQ_227B8C6A2063,2,30000.0,v0.1
INS_417D24430CB3,REQ_C67CE0C30BB6,3,790.0,v0.1
INS_417D24430CB3,REQ_D8883DD8EF5A,4,860.0,v0.1
INS_417D24430CB3,REQ_28308DB59C20,5,17170.0,v0.1
INS_417D24430CB3,REQ_175DDC3B46DA,6,500.0,v0.1
INS_417D24430CB3,REQ_503F97081091,7,560.0,v0.1
INS_417D24430CB3,REQ_A2F94972484F,8,1390.0,v0.1
INS_417D24430CB3,REQ_BFC2D02C3A19,9,150.0,v0.1
INS_417D24430CB3,REQ_0A4B5A6CBF51,10,1310.0,v0.1
INS_417D24430CB3,REQ_24124094D174,11,2300.0,v0.1
INS_417D24430CB3,REQ_B83A4276CF2A,12,18880.0,v0.1
INS_417D24430CB3,REQ_75410001A495,13,7310.0,v0.1
INS_417D24430CB3,REQ_B2B85BB5FD49,14,30000.0,v0.1
INS_417D24430CB3,REQ_79BE0D505D82,15,2580.0,v0.1
INS_417D24430CB3,REQ_CB709A1DA8C9,16,15980.0,v0.1
INS_417D24430CB3,REQ_2F2FD41ED2F3,17,25370.0,v0.1
INS_417D24430CB3,REQ_6EC517640203,18,870.0,v0.1
INS_417D24430CB3,REQ_ED84798382BF,19,11440.0,v0.1
INS_417D24430CB3,REQ_BBACFF1AE265,20,14680.0,v0.1
INS_417D24430CB3,REQ_739DFD9C6FB8,21,4470.0,v0.1
INS_417D24430CB3,REQ_20C493ED4F87,22,780.0,v0.1
INS_417D24430CB3,REQ_0C8967B0F3BB,23,770.0,v0.1
INS_417D24430CB3,REQ_F36AAA2BF231,24,2010.0,v0.1
INS_C0910EF2BF83,REQ_1C4FAE42C22B,0,480.0,v0.1
INS_C0910EF2BF83,REQ_D941466FCE4F,1,17310.0,v0.1
INS_C0910EF2BF83,REQ_9DC7FB938194,2,30000.0,v0.1
INS_C0910EF2BF83,REQ_767DB3903A78,3,340.0,v0.1
INS_C0910EF2BF83,REQ_762C33B954F0,4,229.99999999999997,v0.1
INS_C0910EF2BF83,REQ_50CA21A9568E,5,6800.0,v0.1
INS_C0910EF2BF83,REQ_4C204C504CF2,6,1000.0,v0.1
INS_C0910EF2BF83,REQ_C2B155A84AFC,7,24450.0,v0.1
INS_C0910EF2BF83,REQ_DDF0FB6AC992,8,3340.0,v0.1
INS_C0910EF2BF83,REQ_BFD041F7A2C6,9,509.99999999999994,v0.1
INS_C0910EF2BF83,REQ_F85EEBD4D4A5,10,23320.0,v0.1
INS_C0910EF2BF83,REQ_9D7C4F57C9AB,11,30000.0,v0.1
INS_C0910EF2BF83,REQ_AAD7378173BB,12,24140.0,v0.1
INS_C0910EF2BF83,REQ_E40A4545A431,13,11100.0,v0.1
INS_C0910EF2BF83,REQ_62FFC639234E,14,610.0,v0.1
INS_C0910EF2BF83,REQ_3FE71C2DEA30,15,2150.0,v0.1
INS_C0910EF2BF83,REQ_DA84C89578D1,16,840.0,v0.1
INS_C0910EF2BF83,REQ_B8331C7F4612,17,30000.0,v0.1
INS_C0910EF2BF83,REQ_BE69F526649D,18,270.0,v0.1
INS_C0910EF2BF83,REQ_D1574A588C71,19,18410.0,v0.1
INS_C0910EF2BF83,REQ_64BED0625036,20,17970.0,v0.1
INS_C0910EF2BF83,REQ_DC966C31B277,21,1040.0,v0.1
INS_C0910EF2BF83,REQ_2E91DDA10B2D,22,700.0,v0.1
INS_C0910EF2BF83,REQ_EB77AB839BAC,23,8490.0,v0.1
INS_C0910EF2BF83,REQ_9B4311F431DC,24,7225.0,v0.1
INS_C0910EF2BF83,REQ_6B6CE059D723,25,440.0,v0.1
INS_C0910EF2BF83,REQ_6737D2514D80,26,1200.0,v0.1
INS_C0910EF2BF83,REQ_79838F60EA39,27,2750.0,v0.1
INS_C0910EF2BF83,REQ_F3B974620926,28,2230.0,v0.1
INS_C0910EF2BF83,REQ_180AEAD865FD,29,24890.0,v0.1
INS_C0910EF2BF83,REQ_A0939033CB2E,30,790.0,v0.1
INS_C0910EF2BF83,REQ_D5DFD9811051,31,30000.0,v0.1
INS_C0910EF2BF83,REQ_AE8B02EF3314,32,1639.9999999999998,v0.1
INS_C0910EF2BF83,REQ_F382F14243B8,33,30000.0,v0.1
INS_C0910EF2BF83,REQ_D237D586179F,34,22410.0,v0.1
INS_C0910EF2BF83,REQ_F3F85A82467C,35,550.0,v0.1
INS_C0910EF2BF83,REQ_0CA61DDB27A2,36,2760.0,v0.1
INS_C0910EF2BF83,REQ_6351D7EB42CC,37,16020.0,v0.1
INS_C0910EF2BF83,REQ_6C49F78236B2,38,840.0,v0.1
INS_C0910EF2BF83,REQ_A7461C900EE5,39,22820.0,v0.1
INS_C0910EF2BF83,REQ_F0400934433E,40,1360.0,v0.1
INS_C0910EF2BF83,REQ_08209EDBE027,41,13010.0,v0.1
INS_C0910EF2BF83,REQ_27FAC6083CE1,42,940.0,v0.1
INS_C0910EF2BF83,REQ_7AE445247D1F,43,3690.0,v0.1
INS_C0910EF2BF83,REQ_568B9C5A84F2,44,2910.0,v0.1
INS_C0910EF2BF83,REQ_58856CEDEC4B,45,13880.0,v0.1
INS_C0910EF2BF83,REQ_6647DDC7FAAE,46,7070.0,v0.1
INS_C0910EF2BF83,REQ_50CFB51888D4,47,4340.0,v0.1
INS_C0910EF2BF83,REQ_776D5FB3F1E2,48,10320.0,v0.1
INS_C0910EF2BF83,REQ_3EE71E0C4B46,49,560.0,v0.1
INS_C0910EF2BF83,REQ_0CCAF14C6D8A,50,11250.0,v0.1
INS_C0910EF2BF83,REQ_2CAFB08AB446,51,2350.0,v0.1
INS_885162E92BFB,REQ_CFB07E8C604D,0,16420.0,v0.1
INS_885162E92BFB,REQ_0A075502CFEC,1,900.0,v0.1
INS_885162E92BFB,REQ_FEB6F6C68676,2,2550.0,v0.1
INS_885162E92BFB,REQ_5F372758DD7B,3,100.0,v0.1
INS_885162E92BFB,REQ_A5478C5828FF,4,1590.0,v0.1
INS_885162E92BFB,REQ_153536F7D1DF,5,30000.0,v0.1
INS_885162E92BFB,REQ_3A735D91433F,6,370.0,v0.1
INS_885162E92BFB,REQ_E4ECD63B482B,7,730.0,v0.1
INS_885162E92BFB,REQ_FEFA05720286,8,1550.0,v0.1
INS_885162E92BFB,REQ_AB761F6369E9,9,4170.0,v0.1
INS_582D3914ACD6,REQ_BB19A296C38F,0,270.0,v0.1
INS_582D3914ACD6,REQ_861D90FF6AB0,1,710.0,v0.1
INS_582D3914ACD6,REQ_A0FA4F1BFC28,2,30000.0,v0.1
INS_582D3914ACD6,REQ_3798BA4135AC,3,30000.0,v0.1
INS_582D3914ACD6,REQ_48757C340554,4,10010.0,v0.1
INS_582D3914ACD6,REQ_0026DF0F3379,5,1280.0,v0.1
INS_582D3914ACD6,REQ_1C952D511334,6,10930.0,v0.1
INS_582D3914ACD6,REQ_7734228A5E2E,7,30000.0,v0.1
INS_582D3914ACD6,REQ_45CE629DAA5B,8,490.0,v0.1
INS_582D3914ACD6,REQ_E292C5FEE08C,9,11550.0,v0.1
INS_582D3914ACD6,REQ_DC574E4DF174,10,2120.0,v0.1
INS_5CF97276B884,REQ_6749F0A30281,0,8250.0,v0.1
INS_5CF97276B884,REQ_E0059E731FC1,1,3190.0,v0.1
INS_5CF97276B884,REQ_4DA689F77DB9,2,14690.0,v0.1
INS_5CF97276B884,REQ_A2CE2FC211C9,3,1550.0,v0.1
INS_5CF97276B884,REQ_213D5A22466A,4,30000.0,v0.1
INS_5CF97276B884,REQ_22256639C8A7,5,3420.0000000000005,v0.1
INS_5CF97276B884,REQ_8FADF0376549,6,30000.0,v0.1
INS_5CF97276B884,REQ_6870D1AEAE62,7,300.0,v0.1
INS_5CF97276B884,REQ_CC55D3F40B04,8,840.0,v0.1
INS_5CF97276B884,REQ_9548C1369C46,9,2600.0,v0.1
INS_5CF97276B884,REQ_164202319EA8,10,1600.0,v0.1
INS_5CF97276B884,REQ_FDDC0F4356D5,11,3620.0000000000005,v0.1
INS_5CF97276B884,REQ_1DEF4872433B,12,2440.0,v0.1
INS_5CF97276B884,REQ_E7DCFD6E89AD,13,25800.0,v0.1
INS_657369A2A000,REQ_C5E887D3F3BA,0,7890.0,v0.1
INS_657369A2A000,REQ_00CF4AC5B243,1,16059.999999999998,v0.1
INS_657369A2A000,REQ_DA9804E4207F,2,700.0,v0.1
INS_657369A2A000,REQ_03DC46CF1F87,3,30000.0,v0.1
INS_657369A2A000,REQ_BBB2D0B068CA,4,2800.0,v0.1
INS_657369A2A000,REQ_7D8774617386,5,1130.0,v0.1
INS_657369A2A000,REQ_C0E13C1300B8,6,5310.0,v0.1
INS_657369A2A000,REQ_50C163893990,7,330.0,v0.1
INS_657369A2A000,REQ_72718D156290,8,160.0,v0.1
INS_657369A2A000,REQ_70BB444924A4,9,24690.0,v0.1
INS_657369A2A000,REQ_908CAF957017,10,1560.0,v0.1
INS_657369A2A000,REQ_BA5680351D93,11,140.0,v0.1
INS_657369A2A000,REQ_2888FCBC87BA,12,30000.0,v0.1
INS_657369A2A000,REQ_8375EEC9D338,13,30000.0,v0.1
INS_657369A2A000,REQ_B987BD564CE2,14,4920.0,v0.1
INS_657369A2A000,REQ_94B1E3B8E770,15,30000.0,v0.1
INS_657369A2A000,REQ_F1BCE2171353,16,30000.0,v0.1
INS_E24E6D37C8DD,REQ_D2582CEA65A9,0,29620.0,v0.1
INS_E24E6D37C8DD,REQ_6B74524AA38D,1,1720.0,v0.1
INS_E24E6D37C8DD,REQ_6473BC31BD5A,2,1970.0,v0.1
INS_E24E6D37C8DD,REQ_D8F16BA3F666,3,15350.0,v0.1
INS_E24E6D37C8DD,REQ_1FE894AB820A,4,969.9999999999999,v0.1
INS_E24E6D37C8DD,REQ_09AE9B6C6140,5,16720.0,v0.1
INS_E24E6D37C8DD,REQ_1E5623FE242E,6,250.0,v0.1
INS_E24E6D37C8DD,REQ_19F0568DF538,7,100.0,v0.1
INS_E24E6D37C8DD,REQ_77C84F3B24D8,8,2560.0,v0.1
INS_E24E6D37C8DD,REQ_520D8AD67519,9,80.0,v0.1
INS_E24E6D37C8DD,REQ_41AC752F203F,10,18200.0,v0.1
INS_E24E6D37C8DD,REQ_B01A6DE75CB4,11,20040.0,v0.1
INS_E24E6D37C8DD,REQ_EDDFE0D9F7E5,12,16670.0,v0.1
INS_E24E6D37C8DD,REQ_18E7FB064EE0,13,770.0,v0.1
INS_E24E6D37C8DD,REQ_ED62AEB32A83,14,1830.0,v0.1
INS_E24E6D37C8DD,REQ_770C781EDACD,15,30000.0,v0.1
INS_E24E6D37C8DD,REQ_FC6B8592406A,16,8100.0,v0.1
INS_E24E6D37C8DD,REQ_B5BD31A6528E,17,1200.0,v0.1
INS_E24E6D37C8DD,REQ_09C6EE095614,18,30000.0,v0.1
INS_E24E6D37C8DD,REQ_0A66D131C1AF,19,100.0,v0.1
INS_E24E6D37C8DD,REQ_920B031CB1E4,20,2600.0,v0.1
INS_E24E6D37C8DD,REQ_77A790C4EE5D,21,420.0,v0.1
INS_E24E6D37C8DD,REQ_E30BD6A5C6CA,22,14800.0,v0.1
INS_E24E6D37C8DD,REQ_D4A2097F4E30,23,5240.0,v0.1
INS_36C86C891006,REQ_66F48EF0518B,0,2180.0,v0.1
INS_36C86C891006,REQ_1835BC14A0F6,1,770.0,v0.1
INS_36C86C891006,REQ_164A74948DEB,2,380.0,v0.1
INS_36C86C891006,REQ_AEFE1A03484F,3,420.0,v0.1
INS_36C86C891006,REQ_FD1C92E86713,4,26025.0,v0.1
INS_36C86C891006,REQ_72B222DFCDE9,5,2360.0,v0.1
INS_36C86C891006,REQ_4C0D80552341,6,8270.0,v0.1
INS_36C86C891006,REQ_7A1C55615227,7,11200.0,v0.1
INS_36C86C891006,REQ_91EF3009F8BB,8,1989.9999999999998,v0.1
INS_36C86C891006,REQ_AB80688FD304,9,3270.0000000000005,v0.1
INS_36C86C891006,REQ_0046E052FCC9,10,450.0,v0.1
INS_36C86C891006,REQ_F0437239CF01,11,9820.0,v0.1
INS_36C86C891006,REQ_B551DB58B631,12,3160.0,v0.1
INS_36C86C891006,REQ_CDB4429D63C2,13,6800.0,v0.1
INS_36C86C891006,REQ_56425C65ADC3,14,19640.0,v0.1
INS_36C86C891006,REQ_6FA5A03774A6,15,30000.0,v0.1
INS_36C86C891006,REQ_073F2A198806,16,3380.0,v0.1
INS_36C86C891006,REQ_323DC6B9DDA6,17,1570.0,v0.1
INS_6DC9AB8C60A1,REQ_245C25648A9A,0,30000.0,v0.1
INS_6DC9AB8C60A1,REQ_F171355774C6,1,330.0,v0.1
INS_6DC9AB8C60A1,REQ_8A66F8E2A50E,2,1790.0,v0.1
INS_6DC9AB8C60A1,REQ_B2AF89FC329C,3,30000.0,v0.1
INS_6DC9AB8C60A1,REQ_2A50D1B19CD0,4,3680.0,v0.1
INS_6DC9AB8C60A1,REQ_1E6F949B367C,5,630.0,v0.1
INS_6DC9AB8C60A1,REQ_3ED63173690E,6,30000.0,v0.1
INS_6DC9AB8C60A1,REQ_84D041AE2264,7,650.0,v0.1
INS_6DC9AB8C60A1,REQ_45067B37061F,8,17270.0,v0.1
INS_6DC9AB8C60A1,REQ_4C9833091DE4,9,27970.0,v0.1
INS_6DC9AB8C60A1,REQ_73382BB866EA,10,15030.0,v0.1
INS_6DC9AB8C60A1,REQ_0396F75B9F6C,11,260.0,v0.1
INS_6DC9AB8C60A1,REQ_F1514BD3EBF8,12,30000.0,v0.1
INS_6DC9AB8C60A1,REQ_E3AAFE0EC04A,13,1019.9999999999999,v0.1
INS_6DC9AB8C60A1,REQ_52E9E310F4DF,14,1860.0,v0.1
INS_6DC9AB8C60A1,REQ_AE24A3C9CE7F,15,7159.999999999999,v0.1
INS_6DC9AB8C60A1,REQ_C23599EBE003,16,80.0,v0.1
INS_6DC9AB8C60A1,REQ_BDD0DF578E12,17,2470.0,v0.1
INS_6DC9AB8C60A1,REQ_7EA5F156BB9A,18,9850.0,v0.1
INS_6DC9AB8C60A1,REQ_A71482EDF58D,19,550.0,v0.1
INS_6DC9AB8C60A1,REQ_4B91B62B3F6F,20,24480.0,v0.1
INS_6DC9AB8C60A1,REQ_BD9BDFA2B1FD,21,30000.0,v0.1
INS_67B986846699,REQ_E25E2DD074FB,0,17740.0,v0.1
INS_67B986846699,REQ_4BE0C09F6875,1,20790.0,v0.1
INS_67B986846699,REQ_04EF78E78706,2,20060.0,v0.1
INS_67B986846699,REQ_5F446DF542CF,3,24970.0,v0.1
INS_EE6AB9ECF709,REQ_CDC9C58BD45F,0,3940.0,v0.1
INS_EE6AB9ECF709,REQ_4D9F94F7B99E,1,2250.0,v0.1
INS_EE6AB9ECF709,REQ_1C208B5F06A3,2,14760.0,v0.1
INS_EE6AB9ECF709,REQ_D763A16CE9D5,3,2800.0,v0.1
INS_EE6AB9ECF709,REQ_B55046A4AF29,4,6670.0,v0.1
INS_EE6AB9ECF709,REQ_36BA3A02EB71,5,2000.0,v0.1
INS_EE6AB9ECF709,REQ_17E99B566B63,6,280.0,v0.1
INS_EE6AB9ECF709,REQ_B6FF65312992,7,100.0,v0.1
INS_EE6AB9ECF709,REQ_0C1911938B95,8,1600.0,v0.1
INS_EE6AB9ECF709,REQ_9B992C0E6230,9,2210.0,v0.1
INS_EE6AB9ECF709,REQ_308604A81733,10,2110.0,v0.1
INS_EE6AB9ECF709,REQ_0B6E0863FA38,11,1810.0000000000002,v0.1
INS_EE6AB9ECF709,REQ_25C197F0CBB4,12,440.00000000000006,v0.1
INS_BD688FB6761E,REQ_3CF07DC23ECC,0,13330.0,v0.1
INS_BD688FB6761E,REQ_02926DD154BA,1,30000.0,v0.1
INS_BD688FB6761E,REQ_2B81D95BE0D2,2,240.0,v0.1
INS_BD688FB6761E,REQ_D0F72527152A,3,30000.0,v0.1
INS_BD688FB6761E,REQ_56EB82EE4678,4,2980.0,v0.1
INS_BD688FB6761E,REQ_7288EB6D13DE,5,3710.0,v0.1
INS_BD688FB6761E,REQ_48D8C7F9B571,6,30000.0,v0.1
INS_BD688FB6761E,REQ_832188AD652D,7,3190.0,v0.1
INS_BD688FB6761E,REQ_A7B659579809,8,16480.0,v0.1
INS_BD688FB6761E,REQ_347AFE23C1D8,9,30000.0,v0.1
INS_BD688FB6761E,REQ_82C9ECAA9478,10,260.0,v0.1
INS_BD688FB6761E,REQ_08DD1B5FAD33,11,30000.0,v0.1
INS_BD688FB6761E,REQ_4753998CFD07,12,23790.0,v0.1
INS_BD688FB6761E,REQ_E2E06A0CEF1D,13,290.0,v0.1
INS_BD688FB6761E,REQ_8998FA529C31,14,30000.0,v0.1
INS_BD688FB6761E,REQ_6DB69A374334,15,409.99999999999994,v0.1
INS_BD688FB6761E,REQ_3DE0C67C8741,16,17150.0,v0.1
INS_BD688FB6761E,REQ_77060F4D4F75,17,120.0,v0.1
INS_BD688FB6761E,REQ_DFAA0B89D396,18,18400.0,v0.1
INS_BD688FB6761E,REQ_04B033AB7DAC,19,25480.0,v0.1
INS_BD688FB6761E,REQ_F5211DD53E77,20,30000.0,v0.1
INS_BD688FB6761E,REQ_65EF94BAF7D4,21,510.0,v0.1
INS_BD688FB6761E,REQ_815F09641337,22,17790.0,v0.1
INS_BD688FB6761E,REQ_ACF326F6C1A9,23,30200.0,v0.1
INS_06D89CDCC097,REQ_6B147236E2AB,0,680.0,v0.1
INS_06D89CDCC097,REQ_DC861CE8BD2F,1,2940.0,v0.1
INS_06D89CDCC097,REQ_DC99BDF9AFEC,2,360.0,v0.1
INS_06D89CDCC097,REQ_B44F4F3D2A3D,3,18380.0,v0.1
INS_06D89CDCC097,REQ_859BDEB96A5A,4,440.0,v0.1
INS_06D89CDCC097,REQ_6C420F35F9DE,5,2080.0,v0.1
INS_06D89CDCC097,REQ_8BF4090A3416,6,800.0,v0.1
INS_06D89CDCC097,REQ_C2371FAE36CB,7,250.0,v0.1
INS_06D89CDCC097,REQ_8D487FB40E97,8,1840.0,v0.1
INS_06D89CDCC097,REQ_E717A4C6FDC7,9,1690.0,v0.1
INS_06D89CDCC097,REQ_EA7685EF1F0B,10,690.0,v0.1
INS_06D89CDCC097,REQ_3DD105791429,11,3600.0,v0.1
INS_06D89CDCC097,REQ_DE8C045C05AF,12,4029.9999999999995,v0.1
INS_06D89CDCC097,REQ_08F57BB26C32,13,25410.0,v0.1
INS_C13345CF299D,REQ_38E5F7F81A4F,0,30000.0,v0.1
INS_C13345CF299D,REQ_3925F4DD08D0,1,350.0,v0.1
INS_C13345CF299D,REQ_1D3022A56C59,2,29640.0,v0.1
INS_C13345CF299D,REQ_4431D64ECECA,3,1100.0,v0.1
INS_C13345CF299D,REQ_F7096718A566,4,30000.0,v0.1
INS_C13345CF299D,REQ_C6AD8010DC47,5,14919.999999999998,v0.1
INS_C13345CF299D,REQ_DC7C426A162E,6,840.0,v0.1
INS_C13345CF299D,REQ_7FCC4E0BF2FC,7,15610.0,v0.1
INS_C13345CF299D,REQ_6A7D2965453F,8,320.0,v0.1
INS_C13345CF299D,REQ_AE96F55073EE,9,150.0,v0.1
INS_C13345CF299D,REQ_1B462831047E,10,450.0,v0.1
INS_C13345CF299D,REQ_16B5B77CD70B,11,800.0,v0.1
INS_C13345CF299D,REQ_017C470AA3A8,12,23290.0,v0.1
INS_C13345CF299D,REQ_1FFFC69677B6,13,1410.0,v0.1
INS_C13345CF299D,REQ_C5F91943C6B3,14,130.0,v0.1
INS_C13345CF299D,REQ_1009E32B05C4,15,3490.0,v0.1
INS_40990406AC6A,REQ_B4FCACC48C64,0,450.0,v0.1
INS_40990406AC6A,REQ_084C8A4384D4,1,840.0,v0.1
INS_40990406AC6A,REQ_777589042EB6,2,2850.0,v0.1
INS_40990406AC6A,REQ_D6B633D79B1E,3,520.0,v0.1
INS_40990406AC6A,REQ_85E2AC42D119,4,30000.0,v0.1
INS_40990406AC6A,REQ_69E24789C32C,5,1320.0,v0.1
INS_40990406AC6A,REQ_022A6D3C97B2,6,30000.0,v0.1
INS_40990406AC6A,REQ_FF352E838EB0,7,770.0,v0.1
INS_40990406AC6A,REQ_701531437790,8,200.0,v0.1
INS_40990406AC6A,REQ_82FFCC7857C0,9,9100.0,v0.1
INS_40990406AC6A,REQ_2AF395172890,10,509.99999999999994,v0.1
INS_40990406AC6A,REQ_4943356EF127,11,1590.0,v0.1
INS_40990406AC6A,REQ_89A1D77F8BDC,12,250.0,v0.1
INS_40990406AC6A,REQ_7F588BC0DD0B,13,1350.0,v0.1
INS_40990406AC6A,REQ_97A96275FA06,14,10690.0,v0.1
INS_40990406AC6A,REQ_04ADF813A36D,15,30000.0,v0.1
INS_40990406AC6A,REQ_926B932DBB3A,16,630.0,v0.1
INS_40990406AC6A,REQ_3BB99183FE74,17,30000.0,v0.1
INS_40990406AC6A,REQ_9F2F8B494931,18,600.0,v0.1
INS_40990406AC6A,REQ_FEB6F6C68676,19,2550.0,v0.1
INS_40990406AC6A,REQ_F892051E10FB,20,29280.0,v0.1
INS_40990406AC6A,REQ_17D97CCEC111,21,22400.0,v0.1
INS_40990406AC6A,REQ_5AA67018D727,22,2110.0,v0.1
INS_40990406AC6A,REQ_5219E3B61110,23,200.0,v0.1
INS_40990406AC6A,REQ_D99FF0A420B6,24,740.0,v0.1
INS_A773DFCFB279,REQ_FFAC5A16912A,0,6670.0,v0.1
INS_A773DFCFB279,REQ_1958FBCC6120,1,30000.0,v0.1
INS_A773DFCFB279,REQ_7129D8CF936B,2,1310.0,v0.1
INS_A773DFCFB279,REQ_F5EBEDBA165F,3,850.0,v0.1
INS_A773DFCFB279,REQ_2D7DF292F6A6,4,5140.0,v0.1
INS_A773DFCFB279,REQ_27A1E54B11A6,5,6280.0,v0.1
INS_A773DFCFB279,REQ_4F1BE0394EA1,6,760.0,v0.1
INS_A773DFCFB279,REQ_6A60DB1DEDA6,7,30000.0,v0.1
INS_A773DFCFB279,REQ_722093F84ECA,8,250.0,v0.1
INS_A773DFCFB279,REQ_6DBDB48BFC75,9,4840.0,v0.1
INS_A773DFCFB279,REQ_E365E0D2353A,10,2150.0,v0.1
INS_A773DFCFB279,REQ_ADF541D8DBFF,11,840.0,v0.1
INS_A773DFCFB279,REQ_D964563C8282,12,30000.0,v0.1
INS_4797170122B5,REQ_CE35CC007BA4,0,7170.0,v0.1
INS_4797170122B5,REQ_973744DDDC67,1,6459.999999999999,v0.1
INS_4797170122B5,REQ_2580A44413F3,2,30000.0,v0.1
INS_4797170122B5,REQ_42B6B948A603,3,3720.0,v0.1
INS_4797170122B5,REQ_EA4B2B7CA528,4,680.0,v0.1
INS_4797170122B5,REQ_24E6A31CE150,5,22170.0,v0.1
INS_4797170122B5,REQ_347C368081A2,6,1300.0,v0.1
INS_4797170122B5,REQ_8F8EF5102D28,7,15500.0,v0.1
INS_4797170122B5,REQ_B717A70BDAE0,8,5640.0,v0.1
INS_4797170122B5,REQ_CDC63C174679,9,630.0,v0.1
INS_4797170122B5,REQ_9A385D448D80,10,30000.0,v0.1
INS_4797170122B5,REQ_1B54720C91B5,11,550.0,v0.1
INS_4797170122B5,REQ_A109534943FB,12,4880.0,v0.1
INS_4797170122B5,REQ_8720112ECCDB,13,4450.0,v0.1
INS_4797170122B5,REQ_E85FA3486415,14,30000.0,v0.1
INS_4797170122B5,REQ_148722E7626A,15,450.0,v0.1
INS_4797170122B5,REQ_55CD954B5D3F,16,13360.0,v0.1
INS_4797170122B5,REQ_D91287D92D62,17,3979.9999999999995,v0.1
INS_4797170122B5,REQ_A52A63507798,18,14169.999999999998,v0.1
INS_4797170122B5,REQ_4CFE7070C24B,19,2750.0,v0.1
INS_4797170122B5,REQ_8368F64A6749,20,9310.0,v0.1
INS_4797170122B5,REQ_8D7AD8A97548,21,1270.0,v0.1
INS_4797170122B5,REQ_1D246B38B642,22,260.0,v0.1
INS_4797170122B5,REQ_5B4A42F2E5B1,23,280.0,v0.1
INS_4797170122B5,REQ_3275AF5E6930,24,1780.0,v0.1
INS_4797170122B5,REQ_E9E0DDCE3356,25,12300.0,v0.1
INS_4797170122B5,REQ_AD26C9612F2A,26,10430.0,v0.1
INS_4797170122B5,REQ_A35C295642E3,27,1150.0,v0.1
INS_4797170122B5,REQ_7416697D8DE2,28,30000.0,v0.1
INS_4797170122B5,REQ_9BF104039CBE,29,10350.0,v0.1
INS_4797170122B5,REQ_D9357740C166,30,450.0,v0.1
INS_4797170122B5,REQ_7A284DD217A7,31,1040.0,v0.1
INS_4797170122B5,REQ_DE51641D6FB7,32,250.0,v0.1
INS_4797170122B5,REQ_9549F2A621F7,33,8030.0,v0.1
INS_4797170122B5,REQ_D7D2076403FD,34,17650.0,v0.1
INS_4797170122B5,REQ_905C89D640CA,35,750.0,v0.1
INS_4797170122B5,REQ_F4C4763D02EB,36,409.99999999999994,v0.1
INS_4797170122B5,REQ_F74760C272CC,37,30000.0,v0.1
INS_4797170122B5,REQ_384B14E64D10,38,4360.0,v0.1
INS_4797170122B5,REQ_B6646618FDB7,39,200.0,v0.1
INS_4797170122B5,REQ_334EE502C525,40,820.0,v0.1
INS_4797170122B5,REQ_F4CA547CD4D2,41,22010.0,v0.1
INS_4797170122B5,REQ_852B74375A9F,42,30000.0,v0.1
INS_4797170122B5,REQ_9B85DFE72FD9,43,860.0,v0.1
INS_4797170122B5,REQ_5616D8F7F091,44,950.0,v0.1
INS_4797170122B5,REQ_F581CA8E8641,45,400.0,v0.1
INS_4797170122B5,REQ_C1141AF81658,46,1450.0,v0.1
INS_4797170122B5,REQ_FE20F116D41A,47,930.0,v0.1
INS_4797170122B5,REQ_4EA908B53671,48,440.0,v0.1
INS_4797170122B5,REQ_3AF8D5287CF5,49,4880.0,v0.1
INS_4797170122B5,REQ_DB40E149ED2A,50,5550.0,v0.1
INS_4797170122B5,REQ_D5817FEB36F4,51,13320.0,v0.1
INS_4797170122B5,REQ_22B088693B21,52,2410.0,v0.1
INS_4797170122B5,REQ_417C6D72317E,53,660.0,v0.1
INS_4797170122B5,REQ_04BAB8CB41D8,54,4500.0,v0.1
INS_4797170122B5,REQ_BAE37C55A8F3,55,340.0,v0.1
INS_4797170122B5,REQ_A6DF18A72A58,56,3940.0,v0.1
INS_4797170122B5,REQ_8CBD357ED03A,57,17230.0,v0.1
INS_4797170122B5,REQ_13A2B7C746F6,58,18560.0,v0.1
INS_4797170122B5,REQ_FD70B51F804B,59,30150.0,v0.1
INS_DFFA66F751D4,REQ_EEFFA63568B2,0,30000.0,v0.1
INS_DFFA66F751D4,REQ_279612E9A6A9,1,1000.0,v0.1
INS_DFFA66F751D4,REQ_7AD811E7D46E,2,2770.0,v0.1
INS_DFFA66F751D4,REQ_8A0F0CAD1E0C,3,620.0,v0.1
INS_DFFA66F751D4,REQ_BBAECC813504,4,4870.0,v0.1
INS_DFFA66F751D4,REQ_8F925C82F58C,5,5550.0,v0.1
INS_DFFA66F751D4,REQ_0E79CB929E6B,6,120.0,v0.1
INS_DFFA66F751D4,REQ_356F7C6D90F3,7,28570.0,v0.1
INS_DFFA66F751D4,REQ_6A71D33B2244,8,900.0,v0.1
INS_DFFA66F751D4,REQ_9C54A4FC9A95,9,480.0,v0.1
INS_54AEB11BB31F,REQ_B49F3C07AB6E,0,9740.0,v0.1
INS_54AEB11BB31F,REQ_A096D26794C8,1,350.0,v0.1
INS_54AEB11BB31F,REQ_3EF59E59B850,2,30000.0,v0.1
INS_54AEB11BB31F,REQ_A7F898AE564F,3,7850.0,v0.1
INS_54AEB11BB31F,REQ_04A7DD8874E0,4,950.0,v0.1
INS_54AEB11BB31F,REQ_46F1505D7A04,5,120.0,v0.1
INS_54AEB11BB31F,REQ_1ED9F211CD80,6,960.0,v0.1
INS_54AEB11BB31F,REQ_32C8EF63CADD,7,18050.0,v0.1
INS_54AEB11BB31F,REQ_E523C5B07612,8,820.0,v0.1
INS_54AEB11BB31F,REQ_3ECA4572E2F8,9,4580.0,v0.1
INS_54AEB11BB31F,REQ_5A3FB3A50B74,10,3120.0,v0.1
INS_54AEB11BB31F,REQ_4E9B916D03CE,11,1360.0,v0.1
INS_54AEB11BB31F,REQ_9B3683A21FA6,12,5120.0,v0.1
INS_54AEB11BB31F,REQ_E8D07FBCBBA5,13,30000.0,v0.1
INS_54AEB11BB31F,REQ_6E75270BA358,14,5970.0,v0.1
INS_54AEB11BB31F,REQ_700BC791EE95,15,2920.0,v0.1
INS_54AEB11BB31F,REQ_27D4EE8103C5,16,19850.0,v0.1
INS_54AEB11BB31F,REQ_AE6417C3CF5C,17,26720.0,v0.1
INS_54AEB11BB31F,REQ_BB6DE49315D2,18,30000.0,v0.1
INS_54AEB11BB31F,REQ_AC3BF158689E,19,21710.0,v0.1
INS_54AEB11BB31F,REQ_AD42A1372A57,20,24080.0,v0.1
INS_54AEB11BB31F,REQ_5FA72031A4C9,21,30000.0,v0.1
INS_54AEB11BB31F,REQ_7B0DD199F18A,22,1420.0,v0.1
INS_54AEB11BB31F,REQ_1CFF6EDDE47E,23,22460.0,v0.1
INS_54AEB11BB31F,REQ_63936FE418FD,24,1820.0,v0.1
INS_54AEB11BB31F,REQ_4FD695384C49,25,1510.0,v0.1
INS_54AEB11BB31F,REQ_1802C553A51B,26,16750.0,v0.1
INS_54AEB11BB31F,REQ_DEFCF33777E9,27,30000.0,v0.1
INS_54AEB11BB31F,REQ_B1593591C368,28,2600.0,v0.1
INS_54AEB11BB31F,REQ_BFDC6BC4B44D,29,16760.0,v0.1
INS_54AEB11BB31F,REQ_256A170B841D,30,690.0,v0.1
INS_54AEB11BB31F,REQ_CD4A6D8BD164,31,480.0,v0.1
INS_54AEB11BB31F,REQ_95B05314B864,32,1710.0000000000002,v0.1
INS_54AEB11BB31F,REQ_F1DDB36C319C,33,27020.0,v0.1
INS_54AEB11BB31F,REQ_4A4F5FCD9C49,34,2700.0,v0.1
INS_54AEB11BB31F,REQ_CD7298DD4844,35,4480.0,v0.1
INS_90B6697B0540,REQ_4D02E71B408F,0,10730.0,v0.1
INS_90B6697B0540,REQ_29774BBA1ADA,1,740.0,v0.1
INS_90B6697B0540,REQ_A0915A927FA6,2,2550.0,v0.1
INS_90B6697B0540,REQ_16FFDE5890DB,3,14700.0,v0.1
INS_90B6697B0540,REQ_6697AE293B7B,4,3290.0,v0.1
INS_90B6697B0540,REQ_61C5B70AF4B9,5,30000.0,v0.1
INS_90B6697B0540,REQ_31E357384F1D,6,2510.0,v0.1
INS_90B6697B0540,REQ_64775AFC2C62,7,760.0,v0.1
INS_90B6697B0540,REQ_0834BFDA1073,8,30900.0,v0.1
INS_90B6697B0540,REQ_07F57F3DBFB0,9,1200.0,v0.1
INS_90B6697B0540,REQ_89D647E1FD3F,10,860.0,v0.1
INS_90B6697B0540,REQ_DAF200223318,11,230.0,v0.1
INS_90B6697B0540,REQ_6CDBED1ED03E,12,570.0,v0.1
INS_90B6697B0540,REQ_B824C0F8C6C2,13,470.0,v0.1
INS_90B6697B0540,REQ_F7623CAA3E87,14,2940.0,v0.1
INS_90B6697B0540,REQ_0796184F908B,15,390.0,v0.1
INS_90B6697B0540,REQ_7ECE712727D4,16,13160.0,v0.1
INS_90B6697B0540,REQ_E300214DB8D9,17,2940.0,v0.1
INS_90B6697B0540,REQ_525C7375A0E2,18,190.0,v0.1
INS_90B6697B0540,REQ_68431E8866C4,19,2300.0,v0.1
INS_90B6697B0540,REQ_795B4F58C8A2,20,7670.0,v0.1
INS_90B6697B0540,REQ_AAB58EEC93EB,21,2650.0,v0.1
INS_90B6697B0540,REQ_5339B314BBD0,22,30000.0,v0.1
INS_90B6697B0540,REQ_97FD4DF5602E,23,1750.0,v0.1
INS_90B6697B0540,REQ_6E01EE9323FD,24,13440.0,v0.1
INS_90B6697B0540,REQ_588F4845325E,25,1880.0,v0.1
INS_90B6697B0540,REQ_A613CB4EE918,26,3360.0,v0.1
INS_8B2A41867747,REQ_4659D0684F96,0,1510.0,v0.1
INS_8B2A41867747,REQ_46817DF8D720,1,27740.0,v0.1
INS_8B2A41867747,REQ_34905FBD03F2,2,580.0,v0.1
INS_8B2A41867747,REQ_741C2E14884A,3,4990.0,v0.1
INS_8B2A41867747,REQ_FB5D8E055B7F,4,2000.0,v0.1
INS_8B2A41867747,REQ_A884253EBCFD,5,30000.0,v0.1
INS_8B2A41867747,REQ_3B7E55E6C00F,6,300.0,v0.1
INS_8B2A41867747,REQ_0CBB60E110D3,7,1550.0,v0.1
INS_8B2A41867747,REQ_9D95F801868D,8,150.0,v0.1
INS_8B2A41867747,REQ_23BFA346994C,9,30000.0,v0.1
INS_8B2A41867747,REQ_C067FF94E514,10,2160.0,v0.1
INS_8B2A41867747,REQ_6A26E795956F,11,1700.0,v0.1
INS_8B2A41867747,REQ_A08574D0A8CF,12,9450.0,v0.1
INS_D649675B645E,REQ_04EF78E78706,0,20060.0,v0.1
INS_D649675B645E,REQ_E25E2DD074FB,1,17740.0,v0.1
INS_D649675B645E,REQ_5F446DF542CF,2,24970.0,v0.1
INS_D649675B645E,REQ_4BE0C09F6875,3,20790.0,v0.1
INS_CE352132D969,REQ_076194017D2F,0,370.0,v0.1
INS_CE352132D969,REQ_2D0A8CF5FAF9,1,650.0,v0.1
INS_CE352132D969,REQ_CB22FE72D57B,2,300.0,v0.1
INS_CE352132D969,REQ_8053591824B2,3,900.0,v0.1
INS_CE352132D969,REQ_236297E70874,4,8200.0,v0.1
INS_CE352132D969,REQ_DC4408A4654A,5,170.0,v0.1
INS_CE352132D969,REQ_767E7A0EF68F,6,4250.0,v0.1
INS_CE352132D969,REQ_6971B978CA98,7,1000.0,v0.1
INS_CE352132D969,REQ_A2832381E8BA,8,350.0,v0.1
INS_CE352132D969,REQ_C5FBC7172473,9,1019.9999999999999,v0.1
INS_CE352132D969,REQ_10F0F14D4802,10,550.0,v0.1
INS_CE352132D969,REQ_4B1A8ACE2EAA,11,3000.0,v0.1
INS_CE352132D969,REQ_D3C30F9D68B5,12,220.0,v0.1
INS_CE352132D969,REQ_CD52DC75D0B8,13,2630.0,v0.1
INS_CE352132D969,REQ_B0C231E7680A,14,140.0,v0.1
INS_CE352132D969,REQ_EF08F240B49A,15,400.0,v0.1
INS_CE352132D969,REQ_941FF4112A2E,16,2530.0,v0.1
INS_CE352132D969,REQ_34E21E9E088D,17,680.0,v0.1
INS_CE352132D969,REQ_59382C7882F6,18,300.0,v0.1
INS_CE352132D969,REQ_79C8906CE538,19,4080.0,v0.1
INS_CE352132D969,REQ_B9AA29F2C1E2,20,300.0,v0.1
INS_CE352132D969,REQ_84E8C63CB158,21,3075.0,v0.1
INS_CE352132D969,REQ_8246BF987974,22,11590.0,v0.1
INS_CE352132D969,REQ_F039590B9CD0,23,890.0,v0.1
INS_CE352132D969,REQ_BFD8AAE149CC,24,940.0,v0.1
INS_CE352132D969,REQ_A9E09C21F797,25,500.0,v0.1
INS_CE352132D969,REQ_92A3469E27FF,26,600.0,v0.1
INS_CE352132D969,REQ_62AFFF35CC7C,27,1890.0,v0.1
INS_CE352132D969,REQ_C5E04ACEB99B,28,700.0,v0.1
INS_CE352132D969,REQ_26C5F3968406,29,660.0,v0.1
INS_CE352132D969,REQ_EE9F961160F0,30,4900.0,v0.1
INS_CE352132D969,REQ_18536C76D193,31,5400.0,v0.1
INS_CE352132D969,REQ_14A765D1D8D4,32,350.0,v0.1
INS_CE352132D969,REQ_3E3F8F51F693,33,1230.0,v0.1
INS_CE352132D969,REQ_4476DC7FAF88,34,4670.0,v0.1
INS_CE352132D969,REQ_BC5DF0FBB62D,35,4300.0,v0.1
INS_CE352132D969,REQ_82F600FB49D2,36,420.0,v0.1
INS_CE352132D969,REQ_E2171647CCA3,37,7300.0,v0.1
INS_CE352132D969,REQ_5DBA8AC4FF55,38,680.0,v0.1
INS_E39E5E0B820B,REQ_084BE72395DE,0,1180.0,v0.1
INS_E39E5E0B820B,REQ_EB95AFA2FC66,1,430.0,v0.1
INS_E39E5E0B820B,REQ_60ECAA0AFCF7,2,30000.0,v0.1
INS_E39E5E0B820B,REQ_2FBB47696E22,3,4910.0,v0.1
INS_E39E5E0B820B,REQ_ABEF335172A0,4,17750.0,v0.1
INS_E39E5E0B820B,REQ_0165B5A50B1E,5,2140.0,v0.1
INS_E39E5E0B820B,REQ_179403864327,6,30000.0,v0.1
INS_E39E5E0B820B,REQ_2B8ACD8846C6,7,550.0,v0.1
INS_E39E5E0B820B,REQ_E71B4C72984D,8,30990.0,v0.1
INS_E39E5E0B820B,REQ_5758BA674236,9,18740.0,v0.1
INS_E39E5E0B820B,REQ_B1A9D09AFE67,10,30000.0,v0.1
INS_E39E5E0B820B,REQ_A1781DCB85F6,11,960.0,v0.1
INS_E39E5E0B820B,REQ_D3048698D248,12,430.0,v0.1
INS_E39E5E0B820B,REQ_542823B12358,13,430.0,v0.1
INS_983E51D69FBB,REQ_7E7EAFC7ED21,0,1030.0,v0.1
INS_983E51D69FBB,REQ_1A910078C614,1,760.0,v0.1
INS_983E51D69FBB,REQ_6A88EEC8108F,2,30000.0,v0.1
INS_983E51D69FBB,REQ_73940FDD1A39,3,3850.0,v0.1
INS_983E51D69FBB,REQ_AFDECDCB471C,4,409.99999999999994,v0.1
INS_983E51D69FBB,REQ_32627DA53A4B,5,26700.0,v0.1
INS_983E51D69FBB,REQ_59466EF8A148,6,850.0,v0.1
INS_983E51D69FBB,REQ_E85DBB87291F,7,1080.0,v0.1
INS_983E51D69FBB,REQ_29EBFECAF6F8,8,790.0,v0.1
INS_983E51D69FBB,REQ_C3E50E8C49DE,9,780.0,v0.1
INS_983E51D69FBB,REQ_BEDD287E6FEC,10,500.0,v0.1
INS_983E51D69FBB,REQ_BC9AEC6C7E73,11,869.9999999999999,v0.1
INS_983E51D69FBB,REQ_D5DF6911DE6D,12,570.0,v0.1
INS_983E51D69FBB,REQ_52E88E063CF5,13,12320.0,v0.1
INS_983E51D69FBB,REQ_D468598C9FC1,14,19370.0,v0.1
INS_983E51D69FBB,REQ_ED01C50447E5,15,30000.0,v0.1
INS_983E51D69FBB,REQ_53DFA5F4371E,16,2440.0,v0.1
INS_983E51D69FBB,REQ_29DF565E61A4,17,300.0,v0.1
INS_983E51D69FBB,REQ_3DA9B41ABACD,18,30000.0,v0.1
INS_983E51D69FBB,REQ_741440E265F1,19,750.0,v0.1
INS_983E51D69FBB,REQ_2EE2ED617C8A,20,13300.0,v0.1
INS_983E51D69FBB,REQ_FEA77BF6B558,21,600.0,v0.1
INS_983E51D69FBB,REQ_D37EB237DE4D,22,2690.0,v0.1
INS_983E51D69FBB,REQ_6616DA7B8B85,23,30000.0,v0.1
INS_983E51D69FBB,REQ_9C091FF8786C,24,22160.0,v0.1
INS_983E51D69FBB,REQ_81F482E0353B,25,1100.0,v0.1
INS_983E51D69FBB,REQ_00E2820EC36A,26,9380.0,v0.1
INS_983E51D69FBB,REQ_20FB754A6DC0,27,130.0,v0.1
INS_983E51D69FBB,REQ_47E08230C586,28,30000.0,v0.1
INS_983E51D69FBB,REQ_3933CF760B7A,29,900.0,v0.1
INS_C6576147BDC6,REQ_4A558301B0A7,0,3660.0,v0.1
INS_C6576147BDC6,REQ_2C4E1C06F254,1,11220.0,v0.1
INS_C6576147BDC6,REQ_1E7F900A9484,2,2050.0,v0.1
INS_C6576147BDC6,REQ_220DF6FE60F0,3,2400.0,v0.1
INS_C6576147BDC6,REQ_208A1B114090,4,1050.0,v0.1
INS_C6576147BDC6,REQ_94989857435F,5,310.0,v0.1
INS_C6576147BDC6,REQ_CB10E439B3EB,6,670.0,v0.1
INS_C6576147BDC6,REQ_CB61DE9026AC,7,1350.0,v0.1
INS_C6576147BDC6,REQ_51EFF18D4D6E,8,3779.9999999999995,v0.1
INS_C6576147BDC6,REQ_F2CF03720882,9,30000.0,v0.1
INS_C6576147BDC6,REQ_24CF8A84BF7C,10,370.0,v0.1
INS_C6576147BDC6,REQ_4A471E3D4E3D,11,3660.0,v0.1
INS_721DB1B9780C,REQ_CA97D6808B54,0,19290.0,v0.1
INS_721DB1B9780C,REQ_A3B9D5951F97,1,7980.0,v0.1
INS_721DB1B9780C,REQ_2D92DED237B1,2,270.0,v0.1
INS_721DB1B9780C,REQ_A5443336A0DA,3,29790.0,v0.1
INS_721DB1B9780C,REQ_52381F61C474,4,15850.0,v0.1
INS_721DB1B9780C,REQ_2FE12C476DDA,5,13740.0,v0.1
INS_721DB1B9780C,REQ_951A0A1B5690,6,2350.0,v0.1
INS_721DB1B9780C,REQ_7DABF8D2CC0E,7,1100.0,v0.1
INS_721DB1B9780C,REQ_69BDB917DA96,8,4250.0,v0.1
INS_721DB1B9780C,REQ_B0988AFEED77,9,130.0,v0.1
INS_721DB1B9780C,REQ_FCB77BB930D6,10,1280.0,v0.1
INS_721DB1B9780C,REQ_6951307933BF,11,10520.0,v0.1
INS_721DB1B9780C,REQ_CECD65E78866,12,1360.0,v0.1
INS_721DB1B9780C,REQ_A52EA8EC4495,13,30000.0,v0.1
INS_721DB1B9780C,REQ_D5D91096E1D4,14,16260.000000000002,v0.1
INS_721DB1B9780C,REQ_9B945CE9F096,15,6850.0,v0.1
INS_721DB1B9780C,REQ_81496D90303D,16,120.0,v0.1
INS_721DB1B9780C,REQ_6B55619E965B,17,30000.0,v0.1
INS_721DB1B9780C,REQ_41DE3F2E79C7,18,30000.0,v0.1
INS_721DB1B9780C,REQ_E719922852C7,19,10490.0,v0.1
INS_721DB1B9780C,REQ_3A171A687380,20,1070.0,v0.1
INS_721DB1B9780C,REQ_54E88BDABC5D,21,7950.0,v0.1
INS_721DB1B9780C,REQ_4B67746260EB,22,250.0,v0.1
INS_721DB1B9780C,REQ_D0A98EAE75DB,23,560.0,v0.1
INS_721DB1B9780C,REQ_2B8791FC42DC,24,1430.0,v0.1
INS_721DB1B9780C,REQ_39710B033C9B,25,2580.0,v0.1
INS_721DB1B9780C,REQ_C76472E125F6,26,18340.0,v0.1
INS_721DB1B9780C,REQ_DA39C335CF46,27,140.0,v0.1
INS_721DB1B9780C,REQ_205F985B77CD,28,400.0,v0.1
INS_721DB1B9780C,REQ_A4830DDA5DCD,29,6200.0,v0.1
INS_721DB1B9780C,REQ_0F27753A3802,30,30000.0,v0.1
INS_721DB1B9780C,REQ_CF2F6087994E,31,7910.0,v0.1
INS_721DB1B9780C,REQ_7762CA625C89,32,6430.0,v0.1
INS_721DB1B9780C,REQ_98401D1FA462,33,1800.0,v0.1
INS_721DB1B9780C,REQ_8E463610CAD3,34,25920.0,v0.1
INS_721DB1B9780C,REQ_075B54B7EC0B,35,310.0,v0.1
INS_721DB1B9780C,REQ_AD923901604A,36,6600.0,v0.1
INS_721DB1B9780C,REQ_C6BD0F768288,37,30000.0,v0.1
INS_721DB1B9780C,REQ_D1FFA7CE569E,38,3530.0,v0.1
INS_721DB1B9780C,REQ_DC026EE82E67,39,30000.0,v0.1
INS_721DB1B9780C,REQ_2FBFB2C57386,40,770.0,v0.1
INS_721DB1B9780C,REQ_E1395EC408CD,41,1410.0,v0.1
INS_721DB1B9780C,REQ_B62556FD0FA3,42,29480.0,v0.1
INS_721DB1B9780C,REQ_4DC4B31ADD06,43,30000.0,v0.1
INS_721DB1B9780C,REQ_69AF365D0940,44,3860.0,v0.1
INS_1B92A751789A,REQ_0B4389B1765E,0,18290.0,v0.1
INS_1B92A751789A,REQ_5A5908868305,1,880.0,v0.1
INS_1B92A751789A,REQ_C3ACF7A6C380,2,1470.0,v0.1
INS_1B92A751789A,REQ_C89ED64BE17C,3,23830.0,v0.1
INS_1B92A751789A,REQ_24CAFB68EA9A,4,30000.0,v0.1
INS_1B92A751789A,REQ_C20D4A7DF0D4,5,30000.0,v0.1
INS_1B92A751789A,REQ_ABB81C6FDD7A,6,550.0,v0.1
INS_1B92A751789A,REQ_957E1F91B23C,7,550.0,v0.1
INS_1B92A751789A,REQ_7E0258532D20,8,17910.0,v0.1
INS_1B92A751789A,REQ_6B53CB7C3B5E,9,300.0,v0.1
INS_1B92A751789A,REQ_39D455A59A2E,10,7450.0,v0.1
INS_1B92A751789A,REQ_D29CCE314A89,11,2180.0,v0.1
INS_1B92A751789A,REQ_4394F23F22D2,12,30000.0,v0.1
INS_1B92A751789A,REQ_2FBB47696E22,13,4910.0,v0.1
INS_1B92A751789A,REQ_9155AC901C5C,14,28510.0,v0.1
INS_1B92A751789A,REQ_ABEF335172A0,15,17750.0,v0.1
INS_1B92A751789A,REQ_22EB58B6E9EF,16,30000.0,v0.1
INS_1B92A751789A,REQ_AA916FB3DEE6,17,9550.0,v0.1
INS_1B92A751789A,REQ_7DDB5E6E375A,18,3879.9999999999995,v0.1
INS_1B92A751789A,REQ_E1533F13F00E,19,1010.0,v0.1
INS_1B92A751789A,REQ_28A2481023D5,20,1500.0,v0.1
INS_1B92A751789A,REQ_F44582B10D46,21,30000.0,v0.1
INS_1B92A751789A,REQ_74E8A36BAFCB,22,15700.0,v0.1
INS_1B92A751789A,REQ_F1C707AFF7B5,23,1500.0,v0.1
INS_1B92A751789A,REQ_929A5F92DC05,24,1350.0,v0.1
INS_1B92A751789A,REQ_7261391FB2B8,25,30000.0,v0.1
INS_1B92A751789A,REQ_084BE72395DE,26,1180.0,v0.1
INS_1B92A751789A,REQ_27E7052ECB2D,27,1060.0,v0.1
INS_1B92A751789A,REQ_D6616880B14F,28,9860.0,v0.1
INS_1B92A751789A,REQ_AD3747E5431B,29,160.0,v0.1
INS_1B92A751789A,REQ_8D4D3DA7B39E,30,1070.0,v0.1
INS_1B92A751789A,REQ_00CADBDE7D2F,31,30000.0,v0.1
INS_1B92A751789A,REQ_179403864327,32,30000.0,v0.1
INS_1B92A751789A,REQ_228DCCE6A829,33,26070.0,v0.1
INS_1B92A751789A,REQ_D1F570780BD5,34,250.0,v0.1
INS_1B92A751789A,REQ_C6D95619A16A,35,2520.0,v0.1
INS_1B92A751789A,REQ_3F094F695A89,36,2190.0,v0.1
INS_1B92A751789A,REQ_903DC3BBF41B,37,1040.0,v0.1
INS_B02A62205728,REQ_B16030DA3EBB,0,200.0,v0.1
INS_B02A62205728,REQ_BE525C359984,1,2580.0,v0.1
INS_B02A62205728,REQ_36B37F4F5E70,2,3850.0,v0.1
INS_B02A62205728,REQ_B6A7D5071B88,3,14310.0,v0.1
INS_B02A62205728,REQ_FC2B20DACFB5,4,1410.0,v0.1
INS_B02A62205728,REQ_807467DFD98B,5,2660.0,v0.1
INS_B02A62205728,REQ_D638DFF5F24A,6,1150.0,v0.1
INS_B02A62205728,REQ_5052A5D8ACA2,7,19200.0,v0.1
INS_B02A62205728,REQ_A86DD8C34DFB,8,7400.0,v0.1
INS_B02A62205728,REQ_549D05C02C01,9,2650.0,v0.1
INS_B02A62205728,REQ_924969DF1707,10,8160.0,v0.1
INS_B02A62205728,REQ_D8FECAC367DC,11,100.0,v0.1
INS_B02A62205728,REQ_8CE200660091,12,580.0,v0.1
INS_B02A62205728,REQ_EAB38E597836,13,1300.0,v0.1
INS_EFA201345EC8,REQ_DC0573640BAD,0,21270.0,v0.1
INS_EFA201345EC8,REQ_58555CF2B768,1,400.0,v0.1
INS_EFA201345EC8,REQ_063349EDF7A9,2,5850.0,v0.1
INS_EFA201345EC8,REQ_BAE3823DD50B,3,3820.0,v0.1
INS_EFA201345EC8,REQ_DC798C900EFA,4,27420.0,v0.1
INS_EFA201345EC8,REQ_1684EAB3BCC8,5,1380.0,v0.1
INS_EFA201345EC8,REQ_6AD4C56348A3,6,869.9999999999999,v0.1
INS_EFA201345EC8,REQ_A424277F866C,7,6710.0,v0.1
INS_EFA201345EC8,REQ_1711CFB221A3,8,150.0,v0.1
INS_EFA201345EC8,REQ_5A906F68AC18,9,30000.0,v0.1
INS_EFA201345EC8,REQ_3240C47BDC34,10,1980.0,v0.1
INS_EFA201345EC8,REQ_790CCE562F04,11,950.0,v0.1
INS_EFA201345EC8,REQ_1C60F17C52A2,12,12700.0,v0.1
INS_EFA201345EC8,REQ_FBE7FB7B2824,13,17460.0,v0.1
INS_EFA201345EC8,REQ_2DBF37D6FF38,14,1230.0,v0.1
INS_9F6C2C0CD1D2,REQ_E6011102DD02,0,2750.0,v0.1
INS_9F6C2C0CD1D2,REQ_10F9F137725F,1,6900.0,v0.1
INS_9F6C2C0CD1D2,REQ_07002C285A1B,2,1290.0,v0.1
INS_9F6C2C0CD1D2,REQ_469AB51B8F02,3,1750.0,v0.1
INS_9F6C2C0CD1D2,REQ_E8D9D067834C,4,22360.0,v0.1
INS_9F6C2C0CD1D2,REQ_C89669CBAB35,5,560.0,v0.1
INS_9F6C2C0CD1D2,REQ_74946FF9CDFB,6,3700.0,v0.1
INS_9F6C2C0CD1D2,REQ_409607B57ABE,7,5350.0,v0.1
INS_9F6C2C0CD1D2,REQ_8DF3F0BBB18A,8,700.0,v0.1
INS_9F6C2C0CD1D2,REQ_B72A5FD3C865,9,2880.0,v0.1
INS_9F6C2C0CD1D2,REQ_4CC608F3275D,10,27300.0,v0.1
INS_9F6C2C0CD1D2,REQ_6012BA37E9BC,11,27740.0,v0.1
INS_9F6C2C0CD1D2,REQ_3CB96AB1343B,12,1800.0,v0.1
INS_9F6C2C0CD1D2,REQ_FF3A4F60DBC1,13,29320.0,v0.1
INS_9F6C2C0CD1D2,REQ_C9C43E4A4268,14,970.0,v0.1
INS_9F6C2C0CD1D2,REQ_AB76EA88470A,15,1530.0,v0.1
INS_9F6C2C0CD1D2,REQ_DF4709F741E9,16,20390.0,v0.1
INS_04E803AFEE8D,REQ_AC8037BA2F2E,0,30000.0,v0.1
INS_04E803AFEE8D,REQ_6D4773D6C17E,1,30000.0,v0.1
INS_04E803AFEE8D,REQ_679BC58331F7,2,30000.0,v0.1
INS_04E803AFEE8D,REQ_C4D22C0E3D71,3,30000.0,v0.1
INS_04E803AFEE8D,REQ_0294C15A932B,4,2039.9999999999998,v0.1
INS_04E803AFEE8D,REQ_D16E33298D6E,5,10550.0,v0.1
INS_04E803AFEE8D,REQ_F3A5F55BC7CB,6,3600.0,v0.1
INS_04E803AFEE8D,REQ_F1AD7F82994C,7,800.0,v0.1
INS_04E803AFEE8D,REQ_3A5299372AD5,8,1210.0,v0.1
INS_04E803AFEE8D,REQ_C3E55D807625,9,450.0,v0.1
INS_04E803AFEE8D,REQ_5D91C3DC1577,10,1600.0,v0.1
INS_04E803AFEE8D,REQ_F8A97E7E9C81,11,3950.0,v0.1
INS_04E803AFEE8D,REQ_7C50742321D7,12,5000.0,v0.1
INS_04E803AFEE8D,REQ_E1AE480B5AA7,13,30000.0,v0.1
INS_5EB02539F098,REQ_9A1EACDCD830,0,14750.0,v0.1
INS_5EB02539F098,REQ_396E6E10F4FE,1,2370.0,v0.1
INS_5EB02539F098,REQ_04D6587A13E6,2,30000.0,v0.1
INS_5EB02539F098,REQ_92A2CE39931D,3,450.0,v0.1
INS_5EB02539F098,REQ_54F4B31DC0CE,4,4940.0,v0.1
INS_5EB02539F098,REQ_E1A9BB741908,5,30000.0,v0.1
INS_5EB02539F098,REQ_669D4ACB2B24,6,19490.0,v0.1
INS_5EB02539F098,REQ_C9857D52D786,7,2000.0,v0.1
INS_5EB02539F098,REQ_069A710EFC77,8,30000.0,v0.1
INS_5EB02539F098,REQ_9CEA1EDABCC4,9,30000.0,v0.1
INS_5EB02539F098,REQ_6A538F6C3B60,10,16129.999999999998,v0.1
INS_5EB02539F098,REQ_D526E1D7FCEF,11,3690.0,v0.1
INS_5EB02539F098,REQ_6B3674688BF6,12,13840.0,v0.1
INS_5EB02539F098,REQ_588F465EDFD7,13,2150.0,v0.1
INS_5EB02539F098,REQ_F6C928A98FD1,14,6150.0,v0.1
INS_5EB02539F098,REQ_312C8A61BB8F,15,760.0,v0.1
INS_5EB02539F098,REQ_2DD2DB04CE7D,16,21570.0,v0.1
INS_5EB02539F098,REQ_D8E4BE8FCEE2,17,13630.0,v0.1
INS_5EB02539F098,REQ_D5D48A8BAD84,18,25640.0,v0.1
INS_5EB02539F098,REQ_9B62619A3F6A,19,810.0,v0.1
INS_5EB02539F098,REQ_3383222AB8B2,20,30000.0,v0.1
INS_59641EF98E46,REQ_CA3C5A1725F5,0,6170.0,v0.1
INS_59641EF98E46,REQ_1B8B0B496C4E,1,1190.0,v0.1
INS_59641EF98E46,REQ_FED70DA8A987,2,1960.0000000000002,v0.1
INS_59641EF98E46,REQ_CE08909F6F0A,3,220.0,v0.1
INS_59641EF98E46,REQ_8741A342CA67,4,12120.0,v0.1
INS_59641EF98E46,REQ_4FB973EC53CF,5,480.0,v0.1
INS_59641EF98E46,REQ_F3D14DDCE0CB,6,4150.0,v0.1
INS_59641EF98E46,REQ_D9D72577B855,7,28950.0,v0.1
INS_59641EF98E46,REQ_9807FEEC729B,8,20180.0,v0.1
INS_59641EF98E46,REQ_73044B292A9A,9,27380.0,v0.1
INS_59641EF98E46,REQ_A4A642D0DDC6,10,30000.0,v0.1
INS_59641EF98E46,REQ_FC9594C96F15,11,7059.999999999999,v0.1
INS_59641EF98E46,REQ_ED45D622737B,12,2490.0,v0.1
INS_59641EF98E46,REQ_2916B1BF0C17,13,250.0,v0.1
INS_59641EF98E46,REQ_01A78081792F,14,1200.0,v0.1
INS_59641EF98E46,REQ_DD33DECA51CF,15,1900.0,v0.1
INS_59641EF98E46,REQ_565C814BC5CF,16,1000.0,v0.1
INS_59641EF98E46,REQ_1705D1A5AC49,17,11050.0,v0.1
INS_59641EF98E46,REQ_5DEE6170CF47,18,30000.0,v0.1
INS_59641EF98E46,REQ_B40D23A4030F,19,3290.0,v0.1
INS_59641EF98E46,REQ_85585E79F9FD,20,14900.0,v0.1
INS_59641EF98E46,REQ_44B5626CC83D,21,2900.0,v0.1
INS_59641EF98E46,REQ_AD62621E8799,22,5850.0,v0.1
INS_59641EF98E46,REQ_AE7CC8B2100A,23,30000.0,v0.1
INS_59641EF98E46,REQ_AF766983FFB2,24,30000.0,v0.1
INS_59641EF98E46,REQ_CD4A263AAF2B,25,1350.0,v0.1
INS_59641EF98E46,REQ_1A85CAB157A1,26,2480.0,v0.1
INS_59641EF98E46,REQ_CD4A2A3AC913,27,1000.0,v0.1
INS_59641EF98E46,REQ_7CE9552B3848,28,1510.0,v0.1
INS_59641EF98E46,REQ_3A00DBF5EF19,29,23360.0,v0.1
INS_59641EF98E46,REQ_81E6611A6345,30,25790.0,v0.1
INS_59641EF98E46,REQ_9C662FF73FD1,31,919.9999999999999,v0.1
INS_59641EF98E46,REQ_1D599856099B,32,30000.0,v0.1
INS_59641EF98E46,REQ_7B9A53888550,33,30000.0,v0.1
INS_59641EF98E46,REQ_66732104AFA4,34,30000.0,v0.1
INS_59641EF98E46,REQ_9AC09D9C02CC,35,1280.0,v0.1
INS_59641EF98E46,REQ_77BE2073690D,36,500.0,v0.1
INS_59641EF98E46,REQ_AD054544E83F,37,150.0,v0.1
INS_59641EF98E46,REQ_A0540CDA396A,38,30000.0,v0.1
INS_59641EF98E46,REQ_5CCDE1076C51,39,30000.0,v0.1
INS_59641EF98E46,REQ_942616555374,40,1980.0,v0.1
INS_59641EF98E46,REQ_CBFA6CF5B103,41,11840.0,v0.1
INS_9C8803F64370,REQ_FBB110998B9F,0,1460.0,v0.1
INS_9C8803F64370,REQ_680762FBBC8A,1,5160.0,v0.1
INS_9C8803F64370,REQ_133B5A3F3BCA,2,1760.0,v0.1
INS_9C8803F64370,REQ_AD5469B2EF26,3,9920.0,v0.1
INS_9C8803F64370,REQ_A804724B01E3,4,660.0,v0.1
INS_9C8803F64370,REQ_4E4898881D1F,5,4550.0,v0.1
INS_9C8803F64370,REQ_783F117D7CD5,6,5900.0,v0.1
INS_9C8803F64370,REQ_3B9EF0191F4F,7,30000.0,v0.1
INS_9C8803F64370,REQ_B108F8302E04,8,3800.0,v0.1
INS_9C8803F64370,REQ_06E359693CA6,9,19720.0,v0.1
INS_9C8803F64370,REQ_831270F8291A,10,900.0,v0.1
INS_9C8803F64370,REQ_D2CED42CDEF4,11,190.0,v0.1
INS_9C8803F64370,REQ_1C547F3C9E0A,12,6470.0,v0.1
INS_9B171A1F0DF6,REQ_8CF8D3DC5D4F,0,25210.0,v0.1
INS_9B171A1F0DF6,REQ_CC67F1804610,1,1600.0,v0.1
INS_9B171A1F0DF6,REQ_DDD9A6A40A7D,2,160.0,v0.1
INS_9B171A1F0DF6,REQ_2320C474B88F,3,30000.0,v0.1
INS_9B171A1F0DF6,REQ_461D9868612A,4,27100.0,v0.1
INS_9B171A1F0DF6,REQ_8E4E0ED93B16,5,770.0,v0.1
INS_9B171A1F0DF6,REQ_597B26ECABD1,6,950.0,v0.1
INS_9B171A1F0DF6,REQ_2045C8304F6C,7,30000.0,v0.1
INS_9B171A1F0DF6,REQ_DF62D2DB35DC,8,30000.0,v0.1
INS_9B171A1F0DF6,REQ_95EF0D729B51,9,7250.0,v0.1
INS_9B171A1F0DF6,REQ_016F191EF3EB,10,23950.0,v0.1
INS_9B171A1F0DF6,REQ_0E81BD04C6DC,11,19240.0,v0.1
INS_9B171A1F0DF6,REQ_77DCCAB6157B,12,7580.0,v0.1
INS_9B171A1F0DF6,REQ_8E3D4F0D5363,13,10830.0,v0.1
INS_9B171A1F0DF6,REQ_F75EA1AFCA7F,14,670.0,v0.1
INS_9B171A1F0DF6,REQ_7CC86299D9BD,15,6540.0,v0.1
INS_9B171A1F0DF6,REQ_1536A79B1A40,16,17760.0,v0.1
INS_9B171A1F0DF6,REQ_448FAC8A46B4,17,30000.0,v0.1
INS_9B171A1F0DF6,REQ_42EFE2840429,18,540.0,v0.1
INS_9B171A1F0DF6,REQ_3F496CE4D6C4,19,869.9999999999999,v0.1
INS_9B171A1F0DF6,REQ_F249503D9D23,20,790.0,v0.1
INS_9B171A1F0DF6,REQ_215E09179961,21,430.0,v0.1
INS_9B171A1F0DF6,REQ_596239391EE5,22,1720.0,v0.1
INS_9B171A1F0DF6,REQ_5E63F88EB100,23,30000.0,v0.1
INS_9B171A1F0DF6,REQ_312D9C63D0E0,24,1060.0,v0.1
INS_9B171A1F0DF6,REQ_619FAFCDA569,25,16960.0,v0.1
INS_9B171A1F0DF6,REQ_3FE4A0EB50B7,26,29150.0,v0.1
INS_9B171A1F0DF6,REQ_7B6E78055ED3,27,13520.0,v0.1
INS_8FCC365BDAF4,REQ_E25E2DD074FB,0,17740.0,v0.1
INS_8FCC365BDAF4,REQ_04EF78E78706,1,20060.0,v0.1
INS_8FCC365BDAF4,REQ_4BE0C09F6875,2,20790.0,v0.1
INS_8FCC365BDAF4,REQ_5F446DF542CF,3,24970.0,v0.1
INS_4315A40DBA23,REQ_DF8051441D8C,0,7840.0,v0.1
INS_4315A40DBA23,REQ_25C9FE8D1320,1,30000.0,v0.1
INS_4315A40DBA23,REQ_16E9F17B66F6,2,1010.0,v0.1
INS_4315A40DBA23,REQ_B8775D0347EE,3,30000.0,v0.1
INS_4315A40DBA23,REQ_4B56B38516AC,4,30000.0,v0.1
INS_4315A40DBA23,REQ_BD187C192424,5,4840.0,v0.1
INS_4315A40DBA23,REQ_6CE12D188D52,6,1040.0,v0.1
INS_4315A40DBA23,REQ_EDC4DFAA84FC,7,1980.0,v0.1
INS_4315A40DBA23,REQ_3AF7E2CB7905,8,840.0,v0.1
INS_4315A40DBA23,REQ_C43BBEE623FE,9,21010.0,v0.1
INS_4315A40DBA23,REQ_61B7D864120A,10,2510.0,v0.1
INS_4315A40DBA23,REQ_DEF12EC898CB,11,1190.0,v0.1
INS_4315A40DBA23,REQ_E44B821DF794,12,1750.0,v0.1
INS_4315A40DBA23,REQ_3DB2C510C809,13,1160.0,v0.1
INS_4315A40DBA23,REQ_607B416E7A45,14,560.0,v0.1
INS_4315A40DBA23,REQ_0FAD06E99E28,15,30000.0,v0.1
INS_4315A40DBA23,REQ_11F20A48C688,16,590.0,v0.1
INS_4315A40DBA23,REQ_01F4B3805F1C,17,30000.0,v0.1
INS_4315A40DBA23,REQ_CF6F24E9A3E5,18,30000.0,v0.1
INS_4315A40DBA23,REQ_A26B6FEF822D,19,420.0,v0.1
INS_4315A40DBA23,REQ_AB35B4C3BE39,20,570.0,v0.1
INS_4315A40DBA23,REQ_DBB07CC264FB,21,30000.0,v0.1
INS_4315A40DBA23,REQ_6DDB3B28B07E,22,10950.0,v0.1
INS_4315A40DBA23,REQ_1EB840063AE6,23,380.0,v0.1
INS_4315A40DBA23,REQ_8FDE6D2F2BFC,24,11870.0,v0.1
INS_4315A40DBA23,REQ_94D8C39FF9AC,25,770.0,v0.1
INS_4315A40DBA23,REQ_8CD529987E92,26,2640.0,v0.1
INS_4315A40DBA23,REQ_351B04634CA7,27,320.0,v0.1
INS_4315A40DBA23,REQ_7259A5C96160,28,440.00000000000006,v0.1
INS_BEF20AFB9294,REQ_F273AC9E07E0,0,400.0,v0.1
INS_BEF20AFB9294,REQ_5CB6F45E072D,1,30000.0,v0.1
INS_BEF20AFB9294,REQ_F62BC65A9BA3,2,4400.0,v0.1
INS_BEF20AFB9294,REQ_17989B57DB03,3,25600.0,v0.1
INS_BEF20AFB9294,REQ_A1560C7FA60D,4,510.0,v0.1
INS_BEF20AFB9294,REQ_9564BF0BE93B,5,1270.0,v0.1
INS_BEF20AFB9294,REQ_3E7A4F2F11D0,6,1000.0,v0.1
INS_BEF20AFB9294,REQ_24820EF8A228,7,9170.0,v0.1
INS_BEF20AFB9294,REQ_62DF6FC00C9B,8,2010.0000000000002,v0.1
INS_AD5B708D64E1,REQ_DD88DBBB6096,0,780.0,v0.1
INS_AD5B708D64E1,REQ_C81F2B59F617,1,430.0,v0.1
INS_AD5B708D64E1,REQ_23BAAC98E3A1,2,1000.0,v0.1
INS_AD5B708D64E1,REQ_1D1E0D097410,3,810.0,v0.1
INS_AD5B708D64E1,REQ_E14FFDF57755,4,750.0,v0.1
INS_AD5B708D64E1,REQ_810D5DE111C1,5,3190.0,v0.1
INS_AD5B708D64E1,REQ_E20EEE0A9B30,6,2810.0,v0.1
INS_AD5B708D64E1,REQ_ABFF7C812176,7,740.0,v0.1
INS_AD5B708D64E1,REQ_8397A53985D4,8,520.0,v0.1
INS_AD5B708D64E1,REQ_4F712F372479,9,1400.0,v0.1
INS_AD5B708D64E1,REQ_BD21DFC00097,10,660.0,v0.1
INS_AD5B708D64E1,REQ_2D79610DECE8,11,300.0,v0.1
INS_AD5B708D64E1,REQ_3DB52BE901E1,12,1100.0,v0.1
INS_1DCEDA0C53AB,REQ_6D67C3D0E8BE,0,5630.0,v0.1
INS_1DCEDA0C53AB,REQ_62F2A9A5C1E5,1,2500.0,v0.1
INS_1DCEDA0C53AB,REQ_C57CF0A27418,2,3110.0,v0.1
INS_1DCEDA0C53AB,REQ_FFF9338CA3EE,3,22900.0,v0.1
INS_1DCEDA0C53AB,REQ_2530E74AC24A,4,900.0,v0.1
INS_1DCEDA0C53AB,REQ_8114BBAAE31F,5,30000.0,v0.1
INS_1DCEDA0C53AB,REQ_04468C58D206,6,30000.0,v0.1
INS_1DCEDA0C53AB,REQ_266FB88C0285,7,3240.0,v0.1
INS_1DCEDA0C53AB,REQ_9B62619A3F6A,8,810.0,v0.1
INS_1DCEDA0C53AB,REQ_D8E4BE8FCEE2,9,13630.0,v0.1
INS_1DCEDA0C53AB,REQ_DE0A385C1DF6,10,30000.0,v0.1
INS_759BC9B0C4E8,REQ_FB1323F01475,0,2600.0,v0.1
INS_759BC9B0C4E8,REQ_178A6C945D5B,1,2640.0,v0.1
INS_759BC9B0C4E8,REQ_9AC9366C96AA,2,3350.0,v0.1
INS_759BC9B0C4E8,REQ_08267190904C,3,930.0,v0.1
INS_759BC9B0C4E8,REQ_44278E18D819,4,30000.0,v0.1
INS_759BC9B0C4E8,REQ_1604F7C9C1FB,5,1550.0,v0.1
INS_759BC9B0C4E8,REQ_5D7099F8D069,6,30000.0,v0.1
INS_759BC9B0C4E8,REQ_F261FA7D3A74,7,3150.0,v0.1
INS_759BC9B0C4E8,REQ_68F600968CCA,8,1160.0,v0.1
INS_759BC9B0C4E8,REQ_D94FDB223C4D,9,430.0,v0.1
INS_759BC9B0C4E8,REQ_1FEBE512B90B,10,530.0,v0.1
INS_759BC9B0C4E8,REQ_A38750AD929A,11,2000.0,v0.1
INS_759BC9B0C4E8,REQ_17AF9484CCC4,12,30000.0,v0.1
INS_759BC9B0C4E8,REQ_7B2F46330694,13,200.0,v0.1
INS_759BC9B0C4E8,REQ_9F4DABDDFCD5,14,910.0,v0.1
INS_759BC9B0C4E8,REQ_C9C76904C662,15,2850.0,v0.1
INS_759BC9B0C4E8,REQ_C7D8ABAADD5B,16,30000.0,v0.1
INS_759BC9B0C4E8,REQ_79A2FC10D9D2,17,30000.0,v0.1
INS_759BC9B0C4E8,REQ_825261CDD8EB,18,790.0,v0.1
INS_759BC9B0C4E8,REQ_4041DFE5D75E,19,1320.0,v0.1
INS_422ADD3DDE3A,REQ_64B6A329A3BB,0,1320.0,v0.1
INS_422ADD3DDE3A,REQ_42AAEEA6DD8C,1,30000.0,v0.1
INS_422ADD3DDE3A,REQ_4EEF33554C46,2,30000.0,v0.1
INS_422ADD3DDE3A,REQ_04AB108325EC,3,700.0,v0.1
INS_422ADD3DDE3A,REQ_E412F9EE83D4,4,26670.0,v0.1
INS_422ADD3DDE3A,REQ_75771D8D194B,5,4320.0,v0.1
INS_422ADD3DDE3A,REQ_929A5F92DC05,6,1350.0,v0.1
INS_422ADD3DDE3A,REQ_83F36DA01736,7,640.0,v0.1
INS_A6953C027C8D,REQ_46E51E8D1FD6,0,30000.0,v0.1
INS_A6953C027C8D,REQ_BAD5094FC616,1,30000.0,v0.1
INS_A6953C027C8D,REQ_F26378D02269,2,30000.0,v0.1
INS_A6953C027C8D,REQ_725ACAF24939,3,30000.0,v0.1
INS_A6953C027C8D,REQ_3C110A7451AA,4,30000.0,v0.1
INS_A6953C027C8D,REQ_C6B6CEDEAAEE,5,30000.0,v0.1
INS_A6953C027C8D,REQ_A7B945D73A87,6,30000.0,v0.1
INS_A6953C027C8D,REQ_83460775ABB9,7,30000.0,v0.1
INS_49BBA4FC1753,REQ_BAD5094FC616,0,30000.0,v0.1
INS_49BBA4FC1753,REQ_725ACAF24939,1,30000.0,v0.1
INS_49BBA4FC1753,REQ_83460775ABB9,2,30000.0,v0.1
INS_49BBA4FC1753,REQ_3C110A7451AA,3,30000.0,v0.1
INS_49BBA4FC1753,REQ_C6B6CEDEAAEE,4,30000.0,v0.1
INS_49BBA4FC1753,REQ_F26378D02269,5,30000.0,v0.1
INS_49BBA4FC1753,REQ_46E51E8D1FD6,6,30000.0,v0.1
INS_49BBA4FC1753,REQ_A7B945D73A87,7,30000.0,v0.1
INS_4A952FECAF7D,REQ_7C94B21AD1E4,0,30000.0,v0.1
INS_4A952FECAF7D,REQ_BC4F48241900,1,30000.0,v0.1
INS_4A952FECAF7D,REQ_53FCCA9803C4,2,11710.0,v0.1
INS_4A952FECAF7D,REQ_9BEEBE911F18,3,26490.0,v0.1
INS_4A952FECAF7D,REQ_C4C88F09234B,4,15140.0,v0.1
INS_4A952FECAF7D,REQ_7F35A3B51B46,5,14420.0,v0.1
INS_4A952FECAF7D,REQ_DBA4E7252854,6,9400.0,v0.1
INS_4A952FECAF7D,REQ_23597F191A8D,7,11100.0,v0.1
INS_4A952FECAF7D,REQ_3418D62F8989,8,30000.0,v0.1
INS_4A952FECAF7D,REQ_50A2F45747C0,9,9160.0,v0.1
INS_4A952FECAF7D,REQ_7868BDF12EC9,10,3560.0,v0.1
INS_0255D1E81534,REQ_B677A82B5439,0,1350.0,v0.1
INS_0255D1E81534,REQ_418EF76CCD93,1,980.0000000000001,v0.1
INS_0255D1E81534,REQ_70DFC9EC7671,2,30000.0,v0.1
INS_0255D1E81534,REQ_BA1524AF9BDA,3,740.0,v0.1
INS_0255D1E81534,REQ_9049BAE09ACF,4,9200.0,v0.1
INS_0255D1E81534,REQ_AFDECDCB471C,5,409.99999999999994,v0.1
INS_0255D1E81534,REQ_A229F61BBA14,6,10870.0,v0.1
INS_0255D1E81534,REQ_A2866441C009,7,5440.0,v0.1
INS_0255D1E81534,REQ_D468598C9FC1,8,19370.0,v0.1
INS_0255D1E81534,REQ_CDF567E49493,9,18650.0,v0.1
INS_0255D1E81534,REQ_BCC425254335,10,30000.0,v0.1
INS_0255D1E81534,REQ_81F482E0353B,11,1100.0,v0.1
INS_0255D1E81534,REQ_FE55D57A6E8B,12,23300.0,v0.1
INS_0255D1E81534,REQ_7E6FF9CCAA42,13,1230.0,v0.1
INS_0255D1E81534,REQ_BB12F044CCE0,14,1230.0,v0.1
INS_0255D1E81534,REQ_104A008571E6,15,23370.0,v0.1
INS_0255D1E81534,REQ_2FA45B74B7F8,16,400.0,v0.1
INS_0255D1E81534,REQ_9D7F639576AE,17,30000.0,v0.1
INS_0255D1E81534,REQ_1F4D70946248,18,1270.0,v0.1
INS_0255D1E81534,REQ_B2B35F4FC324,19,860.0,v0.1
INS_0255D1E81534,REQ_7719E3246A8A,20,2840.0,v0.1
INS_0255D1E81534,REQ_129ED3D58661,21,30000.0,v0.1
INS_0255D1E81534,REQ_9C091FF8786C,22,22160.0,v0.1
INS_0255D1E81534,REQ_6B152531701B,23,700.0,v0.1
INS_0255D1E81534,REQ_E6ADD4EB8C7E,24,660.0,v0.1
INS_0255D1E81534,REQ_33E8FA80038F,25,200.0,v0.1
INS_0255D1E81534,REQ_20FB754A6DC0,26,130.0,v0.1
INS_1F7E8BD939C4,REQ_4D347C31A3BB,0,14480.0,v0.1
INS_1F7E8BD939C4,REQ_5002568DAA0A,1,1550.0,v0.1
INS_1F7E8BD939C4,REQ_3A7778EC5A95,2,1650.0,v0.1
INS_1F7E8BD939C4,REQ_37E0459BA878,3,1150.0,v0.1
INS_1F7E8BD939C4,REQ_9F6B2B91C071,4,6320.0,v0.1
INS_1F7E8BD939C4,REQ_AD9C2E03E626,5,3300.0,v0.1
INS_1F7E8BD939C4,REQ_9BC8DC5151B7,6,30000.0,v0.1
INS_1F7E8BD939C4,REQ_9A4200EEB394,7,30000.0,v0.1
INS_1F7E8BD939C4,REQ_B6B94EDD2AA6,8,460.0,v0.1
INS_1F7E8BD939C4,REQ_9AF4E931C439,9,390.0,v0.1
INS_1F7E8BD939C4,REQ_B726F030F1F3,10,1600.0,v0.1
INS_1F7E8BD939C4,REQ_21929BCBD22B,11,19750.0,v0.1
INS_1F7E8BD939C4,REQ_E12522396457,12,1800.0,v0.1
INS_1F7E8BD939C4,REQ_2D69D28DC828,13,19525.0,v0.1
INS_1F7E8BD939C4,REQ_54D453E9FF3F,14,6210.0,v0.1
INS_1F7E8BD939C4,REQ_28EB9D8A93FF,15,7760.0,v0.1
INS_1F7E8BD939C4,REQ_910EF5E8A86C,16,30000.0,v0.1
INS_1F7E8BD939C4,REQ_5CB6F45E072D,17,30000.0,v0.1
INS_1F7E8BD939C4,REQ_E65342298B98,18,30000.0,v0.1
INS_1F7E8BD939C4,REQ_3A53FEF25AD2,19,2480.0,v0.1
INS_1F7E8BD939C4,REQ_91D28E4A799F,20,1150.0,v0.1
INS_1F7E8BD939C4,REQ_A1560C7FA60D,21,510.0,v0.1
INS_1F7E8BD939C4,REQ_F62BC65A9BA3,22,4400.0,v0.1
INS_1F7E8BD939C4,REQ_AB19A9BAC603,23,150.0,v0.1
INS_1F7E8BD939C4,REQ_EA21184CFE68,24,24660.0,v0.1
INS_1F7E8BD939C4,REQ_0D839377A0B9,25,1120.0,v0.1
INS_1F7E8BD939C4,REQ_37B71BFF1DD4,26,30000.0,v0.1
INS_1F7E8BD939C4,REQ_2FB3D14A30CB,27,430.0,v0.1
INS_1F7E8BD939C4,REQ_0B3E077D49D5,28,650.0,v0.1
INS_1F7E8BD939C4,REQ_E3657E225801,29,16490.0,v0.1
INS_1F7E8BD939C4,REQ_92816106DB3A,30,1980.0,v0.1
INS_1F7E8BD939C4,REQ_25AC210AA305,31,18040.0,v0.1
INS_1F7E8BD939C4,REQ_B20C3CA3B909,32,1400.0,v0.1
INS_1F7E8BD939C4,REQ_98880DC8311E,33,1060.0,v0.1
INS_1F7E8BD939C4,REQ_CF34D2C07851,34,100.0,v0.1
INS_1F7E8BD939C4,REQ_CCFD29102CFB,35,650.0,v0.1
INS_1F7E8BD939C4,REQ_ED09787EFD23,36,3190.0,v0.1
INS_7E4FC465492F,REQ_ECF638808E5C,0,1100.0,v0.1
INS_7E4FC465492F,REQ_099439EB08D2,1,1350.0,v0.1
INS_7E4FC465492F,REQ_E21BE2BADCBF,2,30680.0,v0.1
INS_7E4FC465492F,REQ_0433ADD71B03,3,30000.0,v0.1
INS_7E4FC465492F,REQ_5A91E8271E61,4,1250.0,v0.1
INS_7E4FC465492F,REQ_4549ED3ADB24,5,1160.0,v0.1
INS_7E4FC465492F,REQ_3B39CBDD9232,6,10610.0,v0.1
INS_7E4FC465492F,REQ_7D312978FEB5,7,1800.0,v0.1
INS_7E4FC465492F,REQ_6A96D812F6D3,8,1800.0,v0.1
INS_7E4FC465492F,REQ_CD42A97D86D0,9,840.0,v0.1
INS_7E4FC465492F,REQ_054001213A4B,10,30000.0,v0.1
INS_7E4FC465492F,REQ_596EA9602130,11,1020.0,v0.1
INS_B59146C66290,REQ_1FA12320DDCF,0,660.0,v0.1
INS_B59146C66290,REQ_7F066032E05A,1,250.0,v0.1
INS_B59146C66290,REQ_F308308870CC,2,350.0,v0.1
INS_B59146C66290,REQ_AFC4BCDE4036,3,5700.0,v0.1
INS_B59146C66290,REQ_ACB83D2C98D3,4,18000.0,v0.1
INS_B59146C66290,REQ_A0939033CB2E,5,790.0,v0.1
INS_B59146C66290,REQ_776D5FB3F1E2,6,10320.0,v0.1
INS_B59146C66290,REQ_6DBFE34286B3,7,1820.0,v0.1
INS_B59146C66290,REQ_CECE94FFDD8E,8,15580.0,v0.1
INS_B59146C66290,REQ_9D099C7E5E91,9,350.0,v0.1
INS_B59146C66290,REQ_EE95A0FE5C17,10,3370.0000000000005,v0.1
INS_B59146C66290,REQ_DDF0FB6AC992,11,3340.0,v0.1
INS_B59146C66290,REQ_3EE71E0C4B46,12,560.0,v0.1
INS_B59146C66290,REQ_500454E16C06,13,30000.0,v0.1
INS_B59146C66290,REQ_DA7BA27FBEA8,14,1080.0,v0.1
INS_B59146C66290,REQ_C2B155A84AFC,15,24450.0,v0.1
INS_B59146C66290,REQ_62FFC639234E,16,610.0,v0.1
INS_B59146C66290,REQ_CB94E1645CA1,17,15210.0,v0.1
INS_B59146C66290,REQ_046FB8B61DE1,18,3460.0,v0.1
INS_B59146C66290,REQ_4E831D87AE46,19,1270.0,v0.1
INS_B59146C66290,REQ_7CF030502F44,20,180.0,v0.1
INS_B59146C66290,REQ_D7668C34CE3F,21,1100.0,v0.1
INS_B59146C66290,REQ_6B6CE059D723,22,440.0,v0.1
INS_B59146C66290,REQ_E3A28FC8105C,23,30000.0,v0.1
INS_AE06D0177540,REQ_B1607214C86B,0,25020.0,v0.1
INS_AE06D0177540,REQ_42FDB627B5DB,1,12750.0,v0.1
INS_AE06D0177540,REQ_A5D28B4268A4,2,22390.0,v0.1
INS_AE06D0177540,REQ_6A7D2965453F,3,320.0,v0.1
INS_AE06D0177540,REQ_4FB20A7D8C33,4,1030.0,v0.1
INS_AE06D0177540,REQ_C86BCCF82810,5,1480.0,v0.1
INS_AE06D0177540,REQ_0BAF838C62FA,6,14600.0,v0.1
INS_AE06D0177540,REQ_7ACA61B92264,7,30000.0,v0.1
INS_AE06D0177540,REQ_017C470AA3A8,8,23290.0,v0.1
INS_AE06D0177540,REQ_F80A6CB03404,9,1360.0,v0.1
INS_AE06D0177540,REQ_F3C210E9B39A,10,440.0,v0.1
INS_AE06D0177540,REQ_196CA7D86C05,11,17460.0,v0.1
INS_AE06D0177540,REQ_38E5F7F81A4F,12,30000.0,v0.1
INS_AE06D0177540,REQ_5C84A79929CB,13,4710.0,v0.1
INS_AE06D0177540,REQ_1FFFC69677B6,14,1410.0,v0.1
INS_AE06D0177540,REQ_1BC085FEAC4F,15,700.0,v0.1
INS_AE06D0177540,REQ_8C15E616A467,16,370.0,v0.1
INS_AE06D0177540,REQ_5E54E5864B58,17,22950.0,v0.1
INS_AE06D0177540,REQ_C16D9E2DB7B9,18,130.0,v0.1
INS_AE06D0177540,REQ_7E746980A6D3,19,25520.0,v0.1
INS_AE06D0177540,REQ_D0C666B4243B,20,11400.0,v0.1
INS_AE06D0177540,REQ_94EEEFB187B1,21,920.0,v0.1
INS_AE06D0177540,REQ_4FA750C3EB42,22,30000.0,v0.1
INS_AE06D0177540,REQ_78FDB0FE23E1,23,27989.999999999996,v0.1
INS_AE06D0177540,REQ_D477868F8EA7,24,1390.0,v0.1
INS_AE06D0177540,REQ_2C916D45E99B,25,80.0,v0.1
INS_AE06D0177540,REQ_64022CADBB20,26,14119.999999999998,v0.1
INS_AE06D0177540,REQ_C7CCB1079C8A,27,920.0,v0.1
INS_AE06D0177540,REQ_B75DC2C178C0,28,1230.0,v0.1
INS_AE06D0177540,REQ_54DB2395D480,29,1810.0000000000002,v0.1
INS_AE06D0177540,REQ_8ED1064419D7,30,28580.0,v0.1
INS_AE06D0177540,REQ_76A2DEF927DF,31,29580.0,v0.1
INS_3D0CE60D079B,REQ_208D910F050E,0,240.0,v0.1
INS_3D0CE60D079B,REQ_0FA6DB672F79,1,390.0,v0.1
INS_3D0CE60D079B,REQ_21C0B47291EB,2,5370.0,v0.1
INS_3D0CE60D079B,REQ_72110E88B416,3,30000.0,v0.1
INS_3D0CE60D079B,REQ_C6164FC07983,4,10200.0,v0.1
INS_3D0CE60D079B,REQ_28A375DE6AAA,5,8840.0,v0.1
INS_3D0CE60D079B,REQ_DD4570C67EB4,6,30000.0,v0.1
INS_3D0CE60D079B,REQ_A6293960D271,7,25600.0,v0.1
INS_3D0CE60D079B,REQ_56723C8729DC,8,16670.0,v0.1
INS_3D0CE60D079B,REQ_04468C58D206,9,30000.0,v0.1
INS_3D0CE60D079B,REQ_D5D48A8BAD84,10,25640.0,v0.1
INS_3D0CE60D079B,REQ_62F2A9A5C1E5,11,2500.0,v0.1
INS_3D0CE60D079B,REQ_90E42D3FBA72,12,30000.0,v0.1
INS_3D0CE60D079B,REQ_4F24421B2107,13,6040.0,v0.1
INS_3D0CE60D079B,REQ_BEB0C58EAF7F,14,30000.0,v0.1
INS_3D0CE60D079B,REQ_D02202BC365A,15,30000.0,v0.1
INS_3D0CE60D079B,REQ_4B0608D2931B,16,1860.0000000000002,v0.1
INS_3D0CE60D079B,REQ_DC48882C2D74,17,30000.0,v0.1
INS_3D0CE60D079B,REQ_2775B34FA673,18,30000.0,v0.1
INS_3D0CE60D079B,REQ_4FB467E8F30B,19,1320.0,v0.1
INS_3D0CE60D079B,REQ_6B3674688BF6,20,13840.0,v0.1
INS_3D0CE60D079B,REQ_EC9D192840FA,21,7470.0,v0.1
INS_3D0CE60D079B,REQ_1EB93EA4E4E6,22,30000.0,v0.1
INS_3D0CE60D079B,REQ_2DD2DB04CE7D,23,21570.0,v0.1
INS_3D0CE60D079B,REQ_FC70BE40DEFB,24,22760.0,v0.1
INS_3D0CE60D079B,REQ_CB95184B0E79,25,3290.0,v0.1
INS_3D0CE60D079B,REQ_49C7562F0AA2,26,780.0,v0.1
INS_3D0CE60D079B,REQ_0FEABFC20A6D,27,2130.0,v0.1
INS_3D0CE60D079B,REQ_FC5672887B99,28,1400.0,v0.1
INS_3D0CE60D079B,REQ_55238FAB100F,29,5820.0,v0.1
INS_3D0CE60D079B,REQ_99FEAFD2A4DE,30,27950.0,v0.1
INS_3D0CE60D079B,REQ_FDB5B602498D,31,1700.0,v0.1
INS_3D0CE60D079B,REQ_BDFFD148E9DB,32,4620.0,v0.1
INS_3D0CE60D079B,REQ_07A06F146CB3,33,6640.000000000001,v0.1
INS_3D0CE60D079B,REQ_C47304DA83ED,34,4230.0,v0.1
INS_3D0CE60D079B,REQ_C12E36BE3790,35,220.00000000000003,v0.1
INS_3D0CE60D079B,REQ_409862E7C973,36,3500.0,v0.1
INS_3D0CE60D079B,REQ_244C30CFBECE,37,2310.0,v0.1
INS_3D0CE60D079B,REQ_AABA724BA278,38,17560.0,v0.1
INS_3D0CE60D079B,REQ_231C522DB140,39,550.0,v0.1
INS_3D0CE60D079B,REQ_B0DB739B1B2C,40,10070.0,v0.1
INS_3D0CE60D079B,REQ_75DCA1392FA5,41,30000.0,v0.1
INS_3D0CE60D079B,REQ_0D4EF68F5D54,42,1000.0,v0.1
INS_3D0CE60D079B,REQ_3383222AB8B2,43,30000.0,v0.1
INS_3D0CE60D079B,REQ_988CEC18E682,44,30000.0,v0.1
INS_3D0CE60D079B,REQ_6D67C3D0E8BE,45,5630.0,v0.1
INS_3D0CE60D079B,REQ_D8E4BE8FCEE2,46,13630.0,v0.1
INS_3D0CE60D079B,REQ_5ED604578578,47,4750.0,v0.1
INS_3D0CE60D079B,REQ_9A1EACDCD830,48,14750.0,v0.1
INS_3D0CE60D079B,REQ_FDDD71B3933F,49,30000.0,v0.1
INS_3D0CE60D079B,REQ_950D78BE3864,50,30000.0,v0.1
INS_3D0CE60D079B,REQ_A80D23D686F0,51,2450.0,v0.1
INS_3D0CE60D079B,REQ_36D7A4399338,52,10960.0,v0.1
INS_3D0CE60D079B,REQ_00D46A83B0BB,53,650.0,v0.1
INS_7F84505886C8,REQ_F61773FC6D95,0,459.99999999999994,v0.1
INS_7F84505886C8,REQ_5D5F28C6C3FA,1,1019.9999999999999,v0.1
INS_7F84505886C8,REQ_9DCEABDBB990,2,459.99999999999994,v0.1
INS_7F84505886C8,REQ_7DB46DABE8FE,3,500.0,v0.1
INS_7F84505886C8,REQ_F2C541357394,4,1400.0,v0.1
INS_7F84505886C8,REQ_90B860A21794,5,1660.0000000000002,v0.1
INS_7F84505886C8,REQ_2A7A547F214E,6,5730.0,v0.1
INS_7F84505886C8,REQ_DAA347725DE7,7,2890.0,v0.1
INS_7F84505886C8,REQ_2EFE7314CD46,8,200.0,v0.1
INS_7F84505886C8,REQ_565C93A44B03,9,17690.0,v0.1
INS_7F84505886C8,REQ_15EFFDFD6803,10,400.0,v0.1
INS_7F84505886C8,REQ_3E9DB14C23DD,11,530.0,v0.1
INS_7F84505886C8,REQ_97897F04509C,12,180.0,v0.1
INS_7F84505886C8,REQ_EC67EB5BABD6,13,919.9999999999999,v0.1
INS_7F84505886C8,REQ_A9C70AC440B6,14,380.0,v0.1
INS_7F84505886C8,REQ_E5350E5F0435,15,4350.0,v0.1
INS_7F84505886C8,REQ_060DED9167D1,16,130.0,v0.1
INS_7F84505886C8,REQ_478A047D3376,17,810.0,v0.1
INS_7F84505886C8,REQ_9146FD583C89,18,7060.0,v0.1
INS_7F84505886C8,REQ_A3648B7B6509,19,500.0,v0.1
INS_7F84505886C8,REQ_A2757CE5EA02,20,10190.0,v0.1
INS_7F84505886C8,REQ_D3F9F7A08C88,21,700.0,v0.1
INS_7F84505886C8,REQ_9A79EDFC7080,22,670.0,v0.1
INS_7F84505886C8,REQ_0DDE7ABA9282,23,3470.0000000000005,v0.1
INS_7F84505886C8,REQ_61FCE2EAFAA6,24,300.0,v0.1
INS_7F84505886C8,REQ_9AA23985AEC8,25,4820.0,v0.1
INS_7F84505886C8,REQ_B252B3190B09,26,250.0,v0.1
INS_7F84505886C8,REQ_BD00A086B652,27,25860.000000000004,v0.1
INS_7F84505886C8,REQ_D2043102BEB9,28,400.0,v0.1
INS_7F84505886C8,REQ_EF220E8E340E,29,750.0,v0.1
INS_7F84505886C8,REQ_6DDC5896F409,30,29739.999999999996,v0.1
INS_7F84505886C8,REQ_D5D37AA83C20,31,870.0,v0.1
INS_7F84505886C8,REQ_60F6D474800A,32,31450.0,v0.1
INS_7F84505886C8,REQ_6ED590EFB6C0,33,2200.0,v0.1
INS_7F84505886C8,REQ_6D02B9FA8844,34,2580.0,v0.1
INS_7F84505886C8,REQ_3E328BC78D65,35,20680.0,v0.1
INS_7F84505886C8,REQ_4F66182C4C08,36,350.0,v0.1
INS_7F84505886C8,REQ_AEBF8A8CDD4A,37,6200.0,v0.1
INS_7F84505886C8,REQ_1FA84A2875F5,38,8180.0,v0.1
INS_7F84505886C8,REQ_E41125E2BCD7,39,450.0,v0.1
INS_7F84505886C8,REQ_264C5BC5B764,40,180.0,v0.1
INS_7F84505886C8,REQ_B4187B2BA8E1,41,1000.0,v0.1
INS_7F84505886C8,REQ_C42D61410890,42,28190.0,v0.1
INS_7F84505886C8,REQ_15A8A4730964,43,1120.0,v0.1
INS_7F84505886C8,REQ_CE9E35967874,44,750.0,v0.1
INS_7F84505886C8,REQ_5BC281B5F0AE,45,10190.0,v0.1
INS_7F84505886C8,REQ_514AD7EF47A9,46,1000.0,v0.1
INS_7F84505886C8,REQ_C59FC11F546C,47,9370.0,v0.1
INS_7F84505886C8,REQ_4CCD86875C5A,48,30000.0,v0.1
INS_7F84505886C8,REQ_996853688AD7,49,30000.0,v0.1
INS_7F84505886C8,REQ_C38398D1A72C,50,30000.0,v0.1
INS_DB5DEC204548,REQ_9B6237117D87,0,240.0,v0.1
INS_DB5DEC204548,REQ_372BF2DC87F1,1,220.0,v0.1
INS_DB5DEC204548,REQ_3168DE636FD0,2,25500.0,v0.1
INS_DB5DEC204548,REQ_20D47B017E6C,3,30000.0,v0.1
INS_DB5DEC204548,REQ_E2431A3E2733,4,1250.0,v0.1
INS_DB5DEC204548,REQ_79671DD90B7C,5,30000.0,v0.1
INS_DB5DEC204548,REQ_4307B8714003,6,5750.0,v0.1
INS_DB5DEC204548,REQ_C866E3ED8C6B,7,30000.0,v0.1
INS_DB5DEC204548,REQ_1172EDCCA1D6,8,30000.0,v0.1
INS_DB5DEC204548,REQ_1E2C04032055,9,30000.0,v0.1
INS_DB5DEC204548,REQ_83ECB73BA170,10,30700.0,v0.1
INS_DB5DEC204548,REQ_EAB54B2D5229,11,19260.0,v0.1
INS_DB5DEC204548,REQ_5366AD7EA89D,12,250.0,v0.1
INS_DB5DEC204548,REQ_2CCDF194B4DF,13,140.0,v0.1
INS_DB5DEC204548,REQ_DD2BB99A8ACC,14,7400.0,v0.1
INS_DB5DEC204548,REQ_9996C632F0DB,15,18940.0,v0.1
INS_DB5DEC204548,REQ_24E03D06BF1E,16,1630.0,v0.1
INS_DB5DEC204548,REQ_60871B3EF8FD,17,200.0,v0.1
INS_DB5DEC204548,REQ_FB6F53CC7461,18,26350.0,v0.1
INS_DB5DEC204548,REQ_443E20FC97F7,19,25770.0,v0.1
INS_DB5DEC204548,REQ_5455FE6BCC81,20,480.0,v0.1
INS_DB5DEC204548,REQ_6727836D35E8,21,29370.0,v0.1
INS_DB5DEC204548,REQ_A328D948D8A2,22,12130.0,v0.1
INS_DB5DEC204548,REQ_0D93DDAA6874,23,10050.0,v0.1
INS_DB5DEC204548,REQ_59169D1C42EB,24,600.0,v0.1
INS_DB5DEC204548,REQ_2D2060EB710C,25,15930.0,v0.1
INS_DB5DEC204548,REQ_DE008BA6FDE1,26,620.0,v0.1
INS_DB5DEC204548,REQ_3749FFD1DED1,27,560.0,v0.1
INS_DB5DEC204548,REQ_DFEB8E8F40AA,28,250.0,v0.1
INS_DB5DEC204548,REQ_E982EDE70AEE,29,370.0,v0.1
INS_DB5DEC204548,REQ_2CA191175619,30,190.0,v0.1
INS_DB5DEC204548,REQ_C612F0691FB0,31,680.0,v0.1
INS_0BDACD5B68A5,REQ_09426E200DF6,0,30000.0,v0.1
INS_0BDACD5B68A5,REQ_E1761FA1FF11,1,30000.0,v0.1
INS_0BDACD5B68A5,REQ_AD26CA534E14,2,9620.0,v0.1
INS_0BDACD5B68A5,REQ_B5D2E1C452F2,3,1000.0,v0.1
INS_0BDACD5B68A5,REQ_FCD15A3EAE14,4,250.0,v0.1
INS_0BDACD5B68A5,REQ_348A77C04D81,5,21640.0,v0.1
INS_0BDACD5B68A5,REQ_6D7A8DEC7147,6,250.0,v0.1
INS_0BDACD5B68A5,REQ_0AEECE899116,7,270.0,v0.1
INS_0BDACD5B68A5,REQ_71FF9689FC0E,8,3640.0,v0.1
INS_0BDACD5B68A5,REQ_180E490E2CD8,9,30000.0,v0.1
INS_0BDACD5B68A5,REQ_FDEB217B8376,10,28790.0,v0.1
INS_0BDACD5B68A5,REQ_4F0721DEE7D6,11,490.0,v0.1
INS_0BDACD5B68A5,REQ_AD0EEF74EC1E,12,1880.0,v0.1
INS_0BDACD5B68A5,REQ_8EF368867EF7,13,5230.0,v0.1
INS_0BDACD5B68A5,REQ_83825C7424CF,14,3710.0,v0.1
INS_0BDACD5B68A5,REQ_7AE2E52D35C3,15,30000.0,v0.1
INS_0BDACD5B68A5,REQ_225EB6476DDE,16,7400.0,v0.1
INS_0BDACD5B68A5,REQ_311E35A2A52B,17,1500.0,v0.1
INS_A4A62C7237A9,REQ_670FCACD5338,0,140.0,v0.1
INS_A4A62C7237A9,REQ_1DB008150FDD,1,4560.0,v0.1
INS_A4A62C7237A9,REQ_C87BF2BEE378,2,7359.999999999999,v0.1
INS_A4A62C7237A9,REQ_CE27C7A7BA0C,3,30000.0,v0.1
INS_A4A62C7237A9,REQ_2910D359E3D3,4,5690.0,v0.1
INS_A4A62C7237A9,REQ_57D79CC6EBA7,5,2870.0,v0.1
INS_A4A62C7237A9,REQ_645E653FCA1B,6,1430.0,v0.1
INS_A4A62C7237A9,REQ_7C2DD2F770F2,7,760.0,v0.1
INS_A4A62C7237A9,REQ_F10146234BBF,8,6150.0,v0.1
INS_A4A62C7237A9,REQ_692F730F2A4A,9,1960.0000000000002,v0.1
INS_A4A62C7237A9,REQ_2393C035C2DD,10,7070.0,v0.1
INS_A4A62C7237A9,REQ_E4DA88690426,11,12660.0,v0.1
INS_A4A62C7237A9,REQ_51E2D16E4236,12,13175.0,v0.1
INS_A4A62C7237A9,REQ_B2E9E03867D3,13,23030.0,v0.1
INS_A4A62C7237A9,REQ_341CA54DC595,14,800.0,v0.1
INS_A4A62C7237A9,REQ_9D9690AB98F3,15,5270.0,v0.1
INS_A4A62C7237A9,REQ_035410B26311,16,5060.0,v0.1
INS_A4A62C7237A9,REQ_F2B7B161F780,17,26960.0,v0.1
INS_A4A62C7237A9,REQ_02B82D2EB10E,18,400.0,v0.1
INS_A4A62C7237A9,REQ_3CF6C2ACEAA5,19,5610.0,v0.1
INS_7C49835EACE9,REQ_A3B267051658,0,22480.0,v0.1
INS_7C49835EACE9,REQ_9EF709420473,1,21920.0,v0.1
INS_7C49835EACE9,REQ_058AB67159C6,2,30000.0,v0.1
INS_7C49835EACE9,REQ_ECEB0B1438B0,3,26630.0,v0.1
INS_7C49835EACE9,REQ_E74EE37E0E0B,4,13730.0,v0.1
INS_7C49835EACE9,REQ_7601CFF91624,5,30000.0,v0.1
INS_7C49835EACE9,REQ_90A4E616152A,6,27730.0,v0.1
INS_7C49835EACE9,REQ_0305DEE325F4,7,27480.0,v0.1
INS_7C49835EACE9,REQ_F7DCAD255861,8,28220.0,v0.1
INS_7C49835EACE9,REQ_B7AFBFEAA524,9,25850.0,v0.1
INS_7C49835EACE9,REQ_5CB3314F49C3,10,30000.0,v0.1
INS_7C49835EACE9,REQ_1FBD7665CEF8,11,30000.0,v0.1
INS_1029B5A26599,REQ_E98225DF9CB2,0,11450.0,v0.1
INS_1029B5A26599,REQ_5054E2D604A6,1,2150.0,v0.1
INS_1029B5A26599,REQ_B11BC4A88E6C,2,1750.0,v0.1
INS_1029B5A26599,REQ_FD2AB8C22854,3,18000.0,v0.1
INS_1029B5A26599,REQ_B7EF69C5B230,4,16010.000000000002,v0.1
INS_1029B5A26599,REQ_8ECF5D85FBFF,5,4910.0,v0.1
INS_1029B5A26599,REQ_C2575FF9196A,6,30000.0,v0.1
INS_1029B5A26599,REQ_1CD0AEB96ABB,7,250.0,v0.1
INS_1029B5A26599,REQ_75A06853862B,8,1450.0,v0.1
INS_1029B5A26599,REQ_E5E2B3EAFA52,9,850.0,v0.1
INS_1029B5A26599,REQ_31DFF5EE531B,10,4550.0,v0.1
INS_1029B5A26599,REQ_BEFB224ED0E5,11,520.0,v0.1
INS_1029B5A26599,REQ_2614ED3A824C,12,1430.0,v0.1
INS_1029B5A26599,REQ_D43CEBCC2554,13,25470.0,v0.1
INS_1029B5A26599,REQ_E21EED4BD3EB,14,30000.0,v0.1
INS_1029B5A26599,REQ_09FDBBAC439A,15,610.0,v0.1
INS_1029B5A26599,REQ_26B20794846E,16,700.0,v0.1
INS_1029B5A26599,REQ_D980F8906D5C,17,2020.0,v0.1
INS_1029B5A26599,REQ_D3FD53F3EA57,18,2440.0,v0.1
INS_1029B5A26599,REQ_31BCEF52F8DC,19,940.0,v0.1
INS_1029B5A26599,REQ_050E44359DC5,20,5230.0,v0.1
INS_1029B5A26599,REQ_03125C537D6B,21,1000.0,v0.1
INS_1029B5A26599,REQ_137E564E98DF,22,6080.0,v0.1
INS_1029B5A26599,REQ_0960EE089F98,23,6350.0,v0.1
INS_1029B5A26599,REQ_F5ABA8A2EDE2,24,500.0,v0.1
INS_1029B5A26599,REQ_F02DF1562A65,25,200.0,v0.1
INS_1029B5A26599,REQ_2E7C4F8B5F45,26,10120.0,v0.1
INS_1029B5A26599,REQ_60343256CFE1,27,1300.0,v0.1
INS_09FE38511DCD,REQ_3B537BA67E51,0,2000.0,v0.1
INS_09FE38511DCD,REQ_A6293960D271,1,25600.0,v0.1
INS_09FE38511DCD,REQ_6D67C3D0E8BE,2,5630.0,v0.1
INS_09FE38511DCD,REQ_6A460DB35DE0,3,20950.0,v0.1
INS_09FE38511DCD,REQ_0D4EF68F5D54,4,1000.0,v0.1
INS_09FE38511DCD,REQ_1A470F4FADB1,5,5010.0,v0.1
INS_09FE38511DCD,REQ_A2CF9E9E8AF5,6,240.0,v0.1
INS_09FE38511DCD,REQ_B097ED557943,7,16790.0,v0.1
INS_09FE38511DCD,REQ_FC5672887B99,8,1400.0,v0.1
INS_09FE38511DCD,REQ_399FC1A7EDAB,9,30000.0,v0.1
INS_09FE38511DCD,REQ_55E21E7008AB,10,30000.0,v0.1
INS_09FE38511DCD,REQ_9CEA1EDABCC4,11,30000.0,v0.1
INS_09FE38511DCD,REQ_04468C58D206,12,30000.0,v0.1
INS_09FE38511DCD,REQ_312C8A61BB8F,13,760.0,v0.1
INS_09FE38511DCD,REQ_C12E36BE3790,14,220.00000000000003,v0.1
INS_09FE38511DCD,REQ_49A935C756F4,15,6060.0,v0.1
INS_09FE38511DCD,REQ_98E839C8C9FF,16,6940.0,v0.1
INS_09FE38511DCD,REQ_2530E74AC24A,17,900.0,v0.1
INS_09FE38511DCD,REQ_08E1D549EF1C,18,20930.0,v0.1
INS_09FE38511DCD,REQ_900889251D8D,19,30700.0,v0.1
INS_09FE38511DCD,REQ_54F4B31DC0CE,20,4940.0,v0.1
INS_09FE38511DCD,REQ_2DD2DB04CE7D,21,21570.0,v0.1
INS_09FE38511DCD,REQ_1172562812A6,22,30000.0,v0.1
INS_09FE38511DCD,REQ_F951C5741B0F,23,3700.0,v0.1
INS_09FE38511DCD,REQ_5ED604578578,24,4750.0,v0.1
INS_09FE38511DCD,REQ_18A9AC0B72B0,25,8750.0,v0.1
INS_09FE38511DCD,REQ_D5D48A8BAD84,26,25640.0,v0.1
INS_09FE38511DCD,REQ_E777C23A282B,27,23540.0,v0.1
INS_09FE38511DCD,REQ_F202C19A7399,28,30000.0,v0.1
INS_09FE38511DCD,REQ_BDFFD148E9DB,29,4620.0,v0.1
INS_C25D853FBFC1,REQ_FD1C92E86713,0,26025.0,v0.1
INS_C25D853FBFC1,REQ_D63F58DCA126,1,1510.0,v0.1
INS_C25D853FBFC1,REQ_C13EFD6271E7,2,4510.0,v0.1
INS_C25D853FBFC1,REQ_459E8FEF26B5,3,620.0,v0.1
INS_C25D853FBFC1,REQ_80B5E6362F6E,4,18190.0,v0.1
INS_C25D853FBFC1,REQ_DBECA197228B,5,4630.0,v0.1
INS_C25D853FBFC1,REQ_AF7408C8164D,6,350.0,v0.1
INS_C25D853FBFC1,REQ_824C3F26526B,7,25810.0,v0.1
INS_C25D853FBFC1,REQ_2B44CECAF1D4,8,14219.999999999998,v0.1
INS_C25D853FBFC1,REQ_323DC6B9DDA6,9,1570.0,v0.1
INS_C25D853FBFC1,REQ_6101AA18AD1F,10,9110.0,v0.1
INS_C25D853FBFC1,REQ_4D8E8B4F9971,11,1160.0,v0.1
INS_C25D853FBFC1,REQ_CF0E2ACA16A0,12,5240.0,v0.1
INS_C25D853FBFC1,REQ_A41B4354E701,13,13420.0,v0.1
INS_C25D853FBFC1,REQ_3D1366996BD3,14,3780.0,v0.1
INS_C25D853FBFC1,REQ_1DF7C2CE7237,15,3290.0,v0.1
INS_C25D853FBFC1,REQ_1A8B8F1EEAD9,16,3200.0,v0.1
INS_C25D853FBFC1,REQ_A0D3AAA4E0BA,17,80.0,v0.1
INS_9660CAC6F8D5,REQ_1F80D988D089,0,760.0,v0.1
INS_9660CAC6F8D5,REQ_C6E8EDB33BEF,1,8150.0,v0.1
INS_9660CAC6F8D5,REQ_2B87B3F3C792,2,3770.0,v0.1
INS_9660CAC6F8D5,REQ_3334C736B182,3,2060.0,v0.1
INS_9660CAC6F8D5,REQ_BF60CF56E9D7,4,2190.0,v0.1
INS_9660CAC6F8D5,REQ_F29DAD285DF6,5,3329.9999999999995,v0.1
INS_9660CAC6F8D5,REQ_B25D4FEF3213,6,1950.0,v0.1
INS_9660CAC6F8D5,REQ_1D93A43B3F22,7,380.0,v0.1
INS_9660CAC6F8D5,REQ_BE3E354EB6E0,8,15590.0,v0.1
INS_9660CAC6F8D5,REQ_16FF855C8871,9,760.0,v0.1
INS_9660CAC6F8D5,REQ_A74C812E6E2A,10,3929.9999999999995,v0.1
INS_9660CAC6F8D5,REQ_26188EDC7DA0,11,190.0,v0.1
INS_9660CAC6F8D5,REQ_3F29EB201DC9,12,500.0,v0.1
INS_9660CAC6F8D5,REQ_99BDAD29094C,13,480.0,v0.1
INS_1526754A6462,REQ_90C24A4CE2ED,0,1200.0,v0.1
INS_1526754A6462,REQ_0968CD30F290,1,30000.0,v0.1
INS_1526754A6462,REQ_D86AA64A74F2,2,30000.0,v0.1
INS_1526754A6462,REQ_EB39532344D7,3,800.0,v0.1
INS_1526754A6462,REQ_D9786390B3C3,4,150.0,v0.1
INS_1526754A6462,REQ_48AEE6D382BB,5,15820.0,v0.1
INS_1526754A6462,REQ_2E8C7869A15C,6,30000.0,v0.1
INS_1526754A6462,REQ_6210C4F00820,7,13840.0,v0.1
INS_1526754A6462,REQ_A4C9BC3E36A7,8,750.0,v0.1
INS_1526754A6462,REQ_79DFD95D7326,9,1280.0,v0.1
INS_1526754A6462,REQ_8A0F0CAD1E0C,10,620.0,v0.1
INS_1526754A6462,REQ_A3EFDDCDF39C,11,15950.0,v0.1
INS_1526754A6462,REQ_0551DF9652E8,12,22130.0,v0.1
INS_1526754A6462,REQ_A513D9D381C3,13,1490.0,v0.1
INS_1526754A6462,REQ_D4F5A7A724B7,14,5050.0,v0.1
INS_1526754A6462,REQ_286ED325E320,15,210.0,v0.1
INS_1526754A6462,REQ_84D2BA542CDA,16,30000.0,v0.1
INS_1526754A6462,REQ_F80CCCF4BD1C,17,22620.0,v0.1
INS_1526754A6462,REQ_228529C10052,18,8375.0,v0.1
INS_1526754A6462,REQ_5063ACA9D0E4,19,2600.0,v0.1
INS_1526754A6462,REQ_A4E9D352AA82,20,600.0,v0.1
INS_1526754A6462,REQ_6338C217971C,21,5270.0,v0.1
INS_1526754A6462,REQ_1DF0E25EF448,22,500.0,v0.1
INS_1526754A6462,REQ_9A5095CDC0CD,23,10910.0,v0.1
INS_1526754A6462,REQ_E835FF484F97,24,6550.0,v0.1
INS_1526754A6462,REQ_4AB778A52378,25,300.0,v0.1
INS_1526754A6462,REQ_884131683B4E,26,10960.0,v0.1
INS_1526754A6462,REQ_FA9655C9124C,27,1700.0,v0.1
INS_1526754A6462,REQ_38226CAA5820,28,500.0,v0.1
INS_1526754A6462,REQ_6A71D33B2244,29,900.0,v0.1
INS_1526754A6462,REQ_7ABFB3597E97,30,16520.0,v0.1
INS_1526754A6462,REQ_EDCD6CE525E7,31,400.0,v0.1
INS_1526754A6462,REQ_22CBD6D56B79,32,250.0,v0.1
INS_1526754A6462,REQ_FC927E2BDFB3,33,3690.0,v0.1
INS_1526754A6462,REQ_ADBD07BE6A0D,34,30000.0,v0.1
INS_1526754A6462,REQ_D4CEC3E2F888,35,560.0,v0.1
INS_1526754A6462,REQ_2AD96D42B57D,36,4750.0,v0.1
INS_1526754A6462,REQ_2DCC01F66598,37,1450.0,v0.1
INS_1526754A6462,REQ_62855519AC24,38,5170.0,v0.1
INS_1526754A6462,REQ_4D139D9EB4C1,39,1300.0,v0.1
INS_1526754A6462,REQ_EF17DA465B5B,40,200.0,v0.1
INS_1526754A6462,REQ_7B27679BEFC9,41,30000.0,v0.1
INS_1526754A6462,REQ_7365F21B65DA,42,24970.0,v0.1
INS_1526754A6462,REQ_328D6C90368A,43,22510.0,v0.1
INS_1526754A6462,REQ_DD175FE1730D,44,2460.0,v0.1
INS_1526754A6462,REQ_5F350E70727E,45,6825.0,v0.1
INS_1526754A6462,REQ_A843A68D8439,46,3625.0,v0.1
INS_1526754A6462,REQ_4F4DD5B59964,47,30000.0,v0.1
INS_1526754A6462,REQ_40BD15A6223B,48,2120.0,v0.1
INS_1526754A6462,REQ_77DEBCC79233,49,1930.0,v0.1
INS_461117549D43,REQ_A7B945D73A87,0,30000.0,v0.1
INS_461117549D43,REQ_46E51E8D1FD6,1,30000.0,v0.1
INS_461117549D43,REQ_725ACAF24939,2,30000.0,v0.1
INS_461117549D43,REQ_3C110A7451AA,3,30000.0,v0.1
INS_461117549D43,REQ_83460775ABB9,4,30000.0,v0.1
INS_461117549D43,REQ_C6B6CEDEAAEE,5,30000.0,v0.1
INS_461117549D43,REQ_F26378D02269,6,30000.0,v0.1
INS_461117549D43,REQ_BAD5094FC616,7,30000.0,v0.1
INS_B0067F4F2C05,REQ_A673DE68CE58,0,26980.0,v0.1
INS_B0067F4F2C05,REQ_16000AC93CBF,1,17000.0,v0.1
INS_B0067F4F2C05,REQ_D7C981DEE0E7,2,7309.999999999999,v0.1
INS_B0067F4F2C05,REQ_43CCF80E4E99,3,30000.0,v0.1
INS_B0067F4F2C05,REQ_B884FFFCE234,4,30000.0,v0.1
INS_B0067F4F2C05,REQ_8F909F86C457,5,17800.0,v0.1
INS_B0067F4F2C05,REQ_AF8CDDA4D5E0,6,30000.0,v0.1
INS_B0067F4F2C05,REQ_8BEBDFC315FC,7,15350.0,v0.1
INS_B0067F4F2C05,REQ_75AB6204EF53,8,390.0,v0.1
INS_B0067F4F2C05,REQ_BC1B952684D8,9,30000.0,v0.1
INS_B0067F4F2C05,REQ_B928B17119AE,10,6080.0,v0.1
INS_B0067F4F2C05,REQ_C21D9002E4B1,11,22540.0,v0.1
INS_B0067F4F2C05,REQ_89498E831993,12,30000.0,v0.1
INS_B0067F4F2C05,REQ_754815DAB900,13,30000.0,v0.1
INS_B0067F4F2C05,REQ_2A92DFD89864,14,17760.0,v0.1
INS_B0067F4F2C05,REQ_CB81322F5C84,15,6800.0,v0.1
INS_B0067F4F2C05,REQ_9137C155DD72,16,13460.0,v0.1
INS_B0067F4F2C05,REQ_CECF7A168639,17,30000.0,v0.1
INS_B0067F4F2C05,REQ_788FAF911A5E,18,550.0,v0.1
INS_B0067F4F2C05,REQ_919DD27012C6,19,30000.0,v0.1
INS_B0067F4F2C05,REQ_895E7DF735BD,20,14200.0,v0.1
INS_B0067F4F2C05,REQ_4CC2DA46AECF,21,30000.0,v0.1
INS_B0067F4F2C05,REQ_6C087EA6F86F,22,30000.0,v0.1
INS_B0067F4F2C05,REQ_25F94CE4E455,23,30000.0,v0.1
INS_B0067F4F2C05,REQ_0C29D1C7632C,24,30000.0,v0.1
INS_B0067F4F2C05,REQ_0CC67604B2B7,25,24350.0,v0.1
INS_B0067F4F2C05,REQ_AA4AFAE13C6E,26,9800.0,v0.1
INS_B0067F4F2C05,REQ_48C9BCADCABD,27,30000.0,v0.1
INS_B0067F4F2C05,REQ_BA4765F3E68D,28,30000.0,v0.1
INS_B0067F4F2C05,REQ_05AC31DD7CD8,29,9310.0,v0.1
INS_C5B13533A48E,REQ_B94DF8A361E4,0,20530.0,v0.1
INS_C5B13533A48E,REQ_5044E1700977,1,350.0,v0.1
INS_C5B13533A48E,REQ_A61CEA7E0277,2,22730.0,v0.1
INS_C5B13533A48E,REQ_B407853D6625,3,459.99999999999994,v0.1
INS_C5B13533A48E,REQ_2C4F77FE955D,4,400.0,v0.1
INS_C5B13533A48E,REQ_821E493C07CB,5,7020.0,v0.1
INS_C5B13533A48E,REQ_8102B086D1BB,6,720.0,v0.1
INS_C5B13533A48E,REQ_53E23D626FDA,7,1660.0000000000002,v0.1
INS_C5B13533A48E,REQ_A79BAD87070F,8,3640.0,v0.1
INS_C5B13533A48E,REQ_40D38B922B85,9,1070.0,v0.1
INS_C5B13533A48E,REQ_27573B58C40B,10,30000.0,v0.1
INS_C5B13533A48E,REQ_8D1943E9B837,11,1780.0,v0.1
INS_C5B13533A48E,REQ_D9FC84A7229C,12,920.0,v0.1
INS_C5B13533A48E,REQ_AE05564B8B16,13,750.0,v0.1
INS_C5B13533A48E,REQ_8F1A1F57ED3D,14,5800.0,v0.1
INS_C5B13533A48E,REQ_FA5985699D46,15,11600.0,v0.1
INS_C5B13533A48E,REQ_648340CE0893,16,459.99999999999994,v0.1
INS_C5B13533A48E,REQ_F20A595D4E7E,17,3340.0,v0.1
INS_C5B13533A48E,REQ_D463AD30912A,18,1750.0,v0.1
INS_6141E9918724,REQ_DD9F5A981483,0,800.0,v0.1
INS_6141E9918724,REQ_BB5B4DD76BDA,1,1140.0,v0.1
INS_6141E9918724,REQ_9945EDFB4625,2,22220.0,v0.1
INS_6141E9918724,REQ_F5AB56C8BF6D,3,620.0,v0.1
INS_6141E9918724,REQ_9D6A42C49944,4,30000.0,v0.1
INS_6141E9918724,REQ_A420B54A81EA,5,30000.0,v0.1
INS_6141E9918724,REQ_3F755D2A5300,6,10940.0,v0.1
INS_6141E9918724,REQ_9670BD2B672D,7,13500.0,v0.1
INS_6141E9918724,REQ_A2BF9A3A92A0,8,24320.0,v0.1
INS_6141E9918724,REQ_2D5FB40DF6E3,9,3050.0,v0.1
INS_6141E9918724,REQ_70B1BC51BB53,10,570.0,v0.1
INS_6141E9918724,REQ_0DCFB0B29493,11,21740.0,v0.1
INS_6141E9918724,REQ_EBCFDEC9D44F,12,11680.0,v0.1
INS_6141E9918724,REQ_A2F94972484F,13,1390.0,v0.1
INS_6141E9918724,REQ_CDF47B739AFE,14,3220.0000000000005,v0.1
INS_6141E9918724,REQ_0C8967B0F3BB,15,770.0,v0.1
INS_6141E9918724,REQ_8E6A017DE1DC,16,4525.0,v0.1
INS_6141E9918724,REQ_700F3225B519,17,1480.0,v0.1
INS_6141E9918724,REQ_EBD2B0D630C5,18,7360.0,v0.1
INS_6141E9918724,REQ_B40EBE7A7FCD,19,330.0,v0.1
INS_6141E9918724,REQ_3E64ACFA86AC,20,3160.0,v0.1
INS_6141E9918724,REQ_DFC08757532D,21,30000.0,v0.1
INS_6141E9918724,REQ_799A0056E639,22,890.0,v0.1
INS_3110D937E9DC,REQ_54A399306166,0,15760.0,v0.1
INS_3110D937E9DC,REQ_9244511959E9,1,29170.0,v0.1
INS_3110D937E9DC,REQ_13B27C41AADF,2,610.0,v0.1
INS_3110D937E9DC,REQ_5455FE6BCC81,3,480.0,v0.1
INS_3110D937E9DC,REQ_126D0FF6BD89,4,640.0,v0.1
INS_3110D937E9DC,REQ_EAB54B2D5229,5,19260.0,v0.1
INS_3110D937E9DC,REQ_862AA276F180,6,110.0,v0.1
INS_3110D937E9DC,REQ_24E03D06BF1E,7,1630.0,v0.1
INS_3110D937E9DC,REQ_2CCDF194B4DF,8,140.0,v0.1
INS_6EA4DA381DD1,REQ_E4618D36B503,0,2350.0,v0.1
INS_6EA4DA381DD1,REQ_D4DACAF06AB4,1,7040.0,v0.1
INS_6EA4DA381DD1,REQ_A2F7C4ED0808,2,960.0,v0.1
INS_6EA4DA381DD1,REQ_6F996515128E,3,9200.0,v0.1
INS_6EA4DA381DD1,REQ_E0CC625B1BB8,4,11550.0,v0.1
INS_6EA4DA381DD1,REQ_5C56936833D7,5,380.0,v0.1
INS_6EA4DA381DD1,REQ_A29B55FDA723,6,160.0,v0.1
INS_6EA4DA381DD1,REQ_54F1DCA39F33,7,1180.0,v0.1
INS_1BAF85BA2901,REQ_E03D234E33EB,0,2540.0,v0.1
INS_1BAF85BA2901,REQ_C5D3597F95B2,1,4310.0,v0.1
INS_1BAF85BA2901,REQ_DFA68057AD63,2,2160.0,v0.1
INS_1BAF85BA2901,REQ_E65621287B7B,3,4930.0,v0.1
INS_1BAF85BA2901,REQ_C2EA16D04553,4,30000.0,v0.1
INS_1BAF85BA2901,REQ_B4CC4818879E,5,3430.0,v0.1
INS_1BAF85BA2901,REQ_0AFDA43A5047,6,4480.0,v0.1
INS_1BAF85BA2901,REQ_1BA3DFFF697B,7,2480.0,v0.1
INS_1BAF85BA2901,REQ_388C2966634B,8,520.0,v0.1
INS_1BAF85BA2901,REQ_82E8150238B9,9,7760.0,v0.1
INS_1BAF85BA2901,REQ_F0A24A2123EE,10,1250.0,v0.1
INS_1BAF85BA2901,REQ_CF064E858579,11,11400.0,v0.1
INS_1BAF85BA2901,REQ_05365A7E250E,12,10410.0,v0.1
INS_1BAF85BA2901,REQ_14FDBAB1C92E,13,850.0,v0.1
INS_AD6B03A5B1C7,REQ_2E0D5089B82A,0,670.0,v0.1
INS_AD6B03A5B1C7,REQ_695178D6D1B8,1,30000.0,v0.1
INS_AD6B03A5B1C7,REQ_68AB7495CCCB,2,13690.0,v0.1
INS_AD6B03A5B1C7,REQ_D129ED4BBB3E,3,1850.0,v0.1
INS_AD6B03A5B1C7,REQ_92816106DB3A,4,1980.0,v0.1
INS_AD6B03A5B1C7,REQ_C3FFC6F13AD1,5,190.0,v0.1
INS_AD6B03A5B1C7,REQ_08558516D78D,6,1670.0,v0.1
INS_AD6B03A5B1C7,REQ_8B8D6C44B35C,7,80.0,v0.1
INS_AD6B03A5B1C7,REQ_37B71BFF1DD4,8,30000.0,v0.1
INS_AD6B03A5B1C7,REQ_8DF2A5A71C1A,9,15710.0,v0.1
INS_AD6B03A5B1C7,REQ_569A1585DB1F,10,100.0,v0.1
INS_AD6B03A5B1C7,REQ_D9C734148B10,11,13050.0,v0.1
INS_AD6B03A5B1C7,REQ_60FD34FC20C5,12,16129.999999999998,v0.1
INS_AD6B03A5B1C7,REQ_1036141D1F6E,13,30000.0,v0.1
INS_AD6B03A5B1C7,REQ_78C18D1DE044,14,1500.0,v0.1
INS_AD6B03A5B1C7,REQ_4FB3EE309683,15,30000.0,v0.1
INS_AD6B03A5B1C7,REQ_9DE4E7F5266D,16,1570.0,v0.1
INS_AD6B03A5B1C7,REQ_26D90CB272F3,17,1900.0,v0.1
INS_AD6B03A5B1C7,REQ_155663754056,18,360.0,v0.1
INS_AD6B03A5B1C7,REQ_B6EF6A0FE03D,19,30000.0,v0.1
INS_AD6B03A5B1C7,REQ_222F3200DB2B,20,760.0,v0.1
INS_AD6B03A5B1C7,REQ_6F8438226E7C,21,1050.0,v0.1
INS_AD6B03A5B1C7,REQ_3672741DE321,22,1500.0,v0.1
INS_AD6B03A5B1C7,REQ_551B74B23950,23,120.0,v0.1
INS_AD6B03A5B1C7,REQ_22AA10FE403A,24,150.0,v0.1
INS_DE1E61CEF9A3,REQ_ACF326F6C1A9,0,30200.0,v0.1
INS_DE1E61CEF9A3,REQ_3F67288AA7B9,1,30000.0,v0.1
INS_DE1E61CEF9A3,REQ_B70F1A4E87DA,2,1070.0,v0.1
INS_DE1E61CEF9A3,REQ_F92207C465E0,3,250.0,v0.1
INS_DE1E61CEF9A3,REQ_BFF676D6B999,4,240.0,v0.1
INS_DE1E61CEF9A3,REQ_98241D9AC674,5,160.0,v0.1
INS_DE1E61CEF9A3,REQ_B8178BDFA0E9,6,7980.0,v0.1
INS_DE1E61CEF9A3,REQ_96BF6C9545E5,7,30000.0,v0.1
INS_DE1E61CEF9A3,REQ_37BFED95191D,8,210.0,v0.1
INS_DE1E61CEF9A3,REQ_A73884ED6A2B,9,3750.0,v0.1
INS_DE1E61CEF9A3,REQ_08E43F0DF0F4,10,170.0,v0.1
INS_DE1E61CEF9A3,REQ_697F7BC88D66,11,13450.0,v0.1
INS_DE1E61CEF9A3,REQ_A5A119B7E53A,12,6490.0,v0.1
INS_DE1E61CEF9A3,REQ_9105D62DE1A3,13,6950.0,v0.1
INS_DE1E61CEF9A3,REQ_A9966427E44A,14,30000.0,v0.1
INS_DE1E61CEF9A3,REQ_CBB30DFC8BDA,15,1090.0,v0.1
INS_DE1E61CEF9A3,REQ_815F09641337,16,17790.0,v0.1
INS_DE1E61CEF9A3,REQ_D727C31E90DF,17,11030.0,v0.1
INS_DE1E61CEF9A3,REQ_BC83997F75DC,18,890.0,v0.1
INS_DE1E61CEF9A3,REQ_10C04BBB3EB0,19,1470.0,v0.1
INS_DE1E61CEF9A3,REQ_51FE33496DCC,20,2980.0,v0.1
INS_DE1E61CEF9A3,REQ_D0F72527152A,21,30000.0,v0.1
INS_DE1E61CEF9A3,REQ_46BB3AD3F8E3,22,2100.0,v0.1
INS_DE1E61CEF9A3,REQ_E07E60B3F4FE,23,1570.0,v0.1
INS_B0344EDABE85,REQ_D451373DF225,0,22710.0,v0.1
INS_B0344EDABE85,REQ_79BE0D505D82,1,2580.0,v0.1
INS_B0344EDABE85,REQ_8704BE7B712A,2,16820.0,v0.1
INS_B0344EDABE85,REQ_DE8AA58152DC,3,2280.0,v0.1
INS_B0344EDABE85,REQ_DD9F5A981483,4,800.0,v0.1
INS_B0344EDABE85,REQ_D70451B25F53,5,17210.0,v0.1
INS_B0344EDABE85,REQ_9D1B8136B274,6,2830.0,v0.1
INS_B0344EDABE85,REQ_EBD2B0D630C5,7,7360.0,v0.1
INS_B0344EDABE85,REQ_7DA785334CF2,8,15610.0,v0.1
INS_B0344EDABE85,REQ_C10C98152470,9,30000.0,v0.1
INS_B0344EDABE85,REQ_019E750AD829,10,15630.0,v0.1
INS_B0344EDABE85,REQ_D8883DD8EF5A,11,860.0,v0.1
INS_73FAFE36B9B7,REQ_943DA25C6885,0,6780.0,v0.1
INS_73FAFE36B9B7,REQ_36648F35AD83,1,290.0,v0.1
INS_73FAFE36B9B7,REQ_22EFA3C35012,2,500.0,v0.1
INS_73FAFE36B9B7,REQ_81BF70DED950,3,1350.0,v0.1
INS_73FAFE36B9B7,REQ_20BB721A413E,4,16219.999999999998,v0.1
INS_73FAFE36B9B7,REQ_317104AF003A,5,30000.0,v0.1
INS_73FAFE36B9B7,REQ_2ACA025088CE,6,2400.0,v0.1
INS_73FAFE36B9B7,REQ_92CDFCFEE2D5,7,420.0,v0.1
INS_73FAFE36B9B7,REQ_34905FBD03F2,8,580.0,v0.1
INS_5E7E719A6C7C,REQ_26E71F703D42,0,30000.0,v0.1
INS_5E7E719A6C7C,REQ_83825C7424CF,1,3710.0,v0.1
INS_5E7E719A6C7C,REQ_1E9904C09E37,2,1260.0,v0.1
INS_5E7E719A6C7C,REQ_6F26E100E1C2,3,2300.0,v0.1
INS_5E7E719A6C7C,REQ_84F8D4923DD0,4,30000.0,v0.1
INS_5E7E719A6C7C,REQ_DF896554CE9E,5,560.0,v0.1
INS_5E7E719A6C7C,REQ_39E534458110,6,10650.0,v0.1
INS_5E7E719A6C7C,REQ_7576380ECFA1,7,30000.0,v0.1
INS_5E7E719A6C7C,REQ_52726326E205,8,30000.0,v0.1
INS_5E7E719A6C7C,REQ_95B1CCA08152,9,29390.0,v0.1
INS_A0C93B1FEA14,REQ_C6BC8B71A508,0,6125.0,v0.1
INS_A0C93B1FEA14,REQ_296FD7AEAACB,1,1900.0,v0.1
INS_A0C93B1FEA14,REQ_3EF369CCE8B5,2,7010.0,v0.1
INS_A0C93B1FEA14,REQ_D3BF76467A96,3,220.00000000000003,v0.1
INS_A0C93B1FEA14,REQ_B93A216BA97E,4,6360.0,v0.1
INS_A0C93B1FEA14,REQ_684879CB9E1C,5,29230.0,v0.1
INS_A0C93B1FEA14,REQ_800DCABF2E9A,6,990.0,v0.1
INS_A0C93B1FEA14,REQ_EB4DF76728B5,7,1460.0,v0.1
INS_A0C93B1FEA14,REQ_5792385CF39F,8,2480.0,v0.1
INS_A0C93B1FEA14,REQ_41904A4D3ED1,9,20730.0,v0.1
INS_A0C93B1FEA14,REQ_34ADD8F17438,10,11360.0,v0.1
INS_A0C93B1FEA14,REQ_BE4ED3384901,11,3740.0,v0.1
INS_A0C93B1FEA14,REQ_F2B7B161F780,12,26960.0,v0.1
INS_A0C93B1FEA14,REQ_ED250DE616CA,13,2540.0,v0.1
INS_A0C93B1FEA14,REQ_57D79CC6EBA7,14,2870.0,v0.1
INS_A0C93B1FEA14,REQ_565931D44407,15,6200.0,v0.1
INS_A0C93B1FEA14,REQ_1807C2D5E293,16,30000.0,v0.1
INS_A0C93B1FEA14,REQ_4EFF8D974B39,17,1530.0,v0.1
INS_A0C93B1FEA14,REQ_DEC24B0D960D,18,1440.0,v0.1
INS_A0C93B1FEA14,REQ_DC50A77F1EC9,19,12780.0,v0.1
INS_A0C93B1FEA14,REQ_F7A0BD1A70D0,20,80.0,v0.1
INS_A0C93B1FEA14,REQ_AFCE97B24D13,21,2000.0,v0.1
INS_A0C93B1FEA14,REQ_3F7AB50A52D7,22,12000.0,v0.1
INS_A0C93B1FEA14,REQ_C90615CEA8CB,23,10140.0,v0.1
INS_A0C93B1FEA14,REQ_0AF568EE5F63,24,7400.0,v0.1
INS_A0C93B1FEA14,REQ_2CA2984D43D1,25,850.0,v0.1
INS_A0C93B1FEA14,REQ_731A1305C40E,26,580.0,v0.1
INS_A0C93B1FEA14,REQ_5C07C18DC39E,27,670.0,v0.1
INS_A0C93B1FEA14,REQ_04DC0EC91C52,28,28380.0,v0.1
INS_A0C93B1FEA14,REQ_EA3669AA6074,29,5740.0,v0.1
INS_A0C93B1FEA14,REQ_AE34CE90B49C,30,650.0,v0.1
INS_A0C93B1FEA14,REQ_1CB85563E9D5,31,100.0,v0.1
INS_A0C93B1FEA14,REQ_6CC2B12142CE,32,16070.0,v0.1
INS_A0C93B1FEA14,REQ_1E48D147BBCE,33,17290.0,v0.1
INS_A0C93B1FEA14,REQ_C22B9B97863D,34,6050.0,v0.1
INS_A0C93B1FEA14,REQ_E163D7C55144,35,19630.0,v0.1
INS_A0C93B1FEA14,REQ_80089640A1E8,36,22680.0,v0.1
INS_A0C93B1FEA14,REQ_71185380AAA9,37,590.0,v0.1
INS_A0C93B1FEA14,REQ_0186E9FC6DF9,38,13260.0,v0.1
INS_A0C93B1FEA14,REQ_CD189C324DF5,39,400.0,v0.1
INS_A0C93B1FEA14,REQ_0E3B2A6FB0F6,40,3250.0,v0.1
INS_A0C93B1FEA14,REQ_2C11796B73A4,41,4029.9999999999995,v0.1
INS_A0C93B1FEA14,REQ_C00AE3B8C27D,42,100.0,v0.1
INS_A0C93B1FEA14,REQ_8C6BD0751973,43,3740.0,v0.1
INS_A0C93B1FEA14,REQ_6C07F7078969,44,8810.0,v0.1
INS_A0C93B1FEA14,REQ_1F6EFAADE51A,45,6330.0,v0.1
INS_A0C93B1FEA14,REQ_AC537F5C32FF,46,3540.0,v0.1
INS_A0C93B1FEA14,REQ_8D7CEF4DC04E,47,420.0,v0.1
INS_A0C93B1FEA14,REQ_A3DC5B548004,48,720.0,v0.1
INS_A0C93B1FEA14,REQ_7A70DF4BC158,49,5820.0,v0.1
INS_A0C93B1FEA14,REQ_38E963CC47D7,50,250.0,v0.1
INS_A0C93B1FEA14,REQ_2910D359E3D3,51,5690.0,v0.1
INS_A0C93B1FEA14,REQ_F643AF39E331,52,30000.0,v0.1
INS_A0C93B1FEA14,REQ_1C9DA336D244,53,710.0,v0.1
INS_A0C93B1FEA14,REQ_FE69CF144F20,54,340.0,v0.1
INS_A0C93B1FEA14,REQ_0DCB0CC67C7B,55,2100.0,v0.1
INS_A6D12CF78C78,REQ_FBDEE5D480EC,0,14580.0,v0.1
INS_A6D12CF78C78,REQ_51FC17C4D1E9,1,9960.0,v0.1
INS_A6D12CF78C78,REQ_2400298D8BA1,2,330.0,v0.1
INS_A6D12CF78C78,REQ_56529CAF4FF5,3,600.0,v0.1
INS_A6D12CF78C78,REQ_FE58B11762DD,4,450.0,v0.1
INS_A6D12CF78C78,REQ_F23D6808C9CD,5,150.0,v0.1
INS_A6D12CF78C78,REQ_F95CF899401D,6,30000.0,v0.1
INS_A6D12CF78C78,REQ_001EB5E0F967,7,30000.0,v0.1
INS_A6D12CF78C78,REQ_B7F4E14B8E1D,8,3479.9999999999995,v0.1
INS_A6D12CF78C78,REQ_979272F6402B,9,1740.0,v0.1
INS_A6D12CF78C78,REQ_8805679C39A8,10,2170.0,v0.1
INS_A6D12CF78C78,REQ_123C309AED98,11,8020.0,v0.1
INS_2C55522CC566,REQ_57D07A71A882,0,12510.0,v0.1
INS_2C55522CC566,REQ_BF8630911444,1,2190.0,v0.1
INS_2C55522CC566,REQ_4E68432977F3,2,3100.0,v0.1
INS_2C55522CC566,REQ_CB7DD9EA1375,3,1400.0,v0.1
INS_2C55522CC566,REQ_178320B0E9FF,4,409.99999999999994,v0.1
INS_2C55522CC566,REQ_166E0CF5130F,5,4510.0,v0.1
INS_2C55522CC566,REQ_66D02E6F456A,6,3550.0,v0.1
INS_2C55522CC566,REQ_9ECB45A99EDF,7,30000.0,v0.1
INS_2C55522CC566,REQ_1FABAA52BEB3,8,3940.0,v0.1
INS_2C55522CC566,REQ_9E6A6A603324,9,14480.0,v0.1
INS_2C55522CC566,REQ_AC865A8B2DAF,10,3690.0,v0.1
INS_2C55522CC566,REQ_312B60881B16,11,2150.0,v0.1
INS_2C55522CC566,REQ_5C4348974988,12,6730.0,v0.1
INS_2C55522CC566,REQ_5D88AAD1F833,13,5680.0,v0.1
INS_2C55522CC566,REQ_3C57D958700D,14,30000.0,v0.1
INS_2C55522CC566,REQ_D13A12598CD1,15,13740.0,v0.1
INS_2C55522CC566,REQ_36D4C6AC62E3,16,2560.0,v0.1
INS_2C55522CC566,REQ_5338B4DF7F26,17,6300.0,v0.1
INS_2C55522CC566,REQ_EEC57104CF09,18,409.99999999999994,v0.1
INS_2C55522CC566,REQ_B5DF55636BE5,19,11380.0,v0.1
INS_C77D3A94E9E3,REQ_1506F03D40B0,0,11060.0,v0.1
INS_C77D3A94E9E3,REQ_9C08ABE17CF7,1,14000.0,v0.1
INS_C77D3A94E9E3,REQ_69F786647A8C,2,200.0,v0.1
INS_C77D3A94E9E3,REQ_4380B5844A57,3,7910.0,v0.1
INS_C77D3A94E9E3,REQ_02C0E6C73973,4,200.0,v0.1
INS_C77D3A94E9E3,REQ_A128B5D7E841,5,26700.0,v0.1
INS_C77D3A94E9E3,REQ_A7283F1A6368,6,1300.0,v0.1
INS_C77D3A94E9E3,REQ_93328C95F4F3,7,860.0,v0.1
INS_C77D3A94E9E3,REQ_3555EBC2F42F,8,5070.0,v0.1
INS_C77D3A94E9E3,REQ_63E218EAA5DE,9,2260.0,v0.1
INS_C77D3A94E9E3,REQ_26C2300CEAF6,10,16510.0,v0.1
INS_C77D3A94E9E3,REQ_50733329A206,11,80.0,v0.1
INS_C77D3A94E9E3,REQ_D638DFF5F24A,12,1150.0,v0.1
INS_C77D3A94E9E3,REQ_E6366523516F,13,229.99999999999997,v0.1
INS_C77D3A94E9E3,REQ_5C115D03C5C4,14,30000.0,v0.1
INS_C77D3A94E9E3,REQ_FC08FF64C64A,15,710.0,v0.1
INS_C77D3A94E9E3,REQ_2C361E0FF6D2,16,2500.0,v0.1
INS_C77D3A94E9E3,REQ_B492421D43A8,17,30000.0,v0.1
INS_C77D3A94E9E3,REQ_57B29D2BA059,18,1910.0,v0.1
INS_C77D3A94E9E3,REQ_EDC76BF4D005,19,780.0,v0.1
INS_C77D3A94E9E3,REQ_EC356BCDC10F,20,30000.0,v0.1
INS_C77D3A94E9E3,REQ_8CE200660091,21,580.0,v0.1
INS_03139E3EF9E0,REQ_2F8A85BE4EE4,0,5330.0,v0.1
INS_03139E3EF9E0,REQ_07794900B507,1,7440.0,v0.1
INS_03139E3EF9E0,REQ_541452F63BB7,2,1420.0,v0.1
INS_03139E3EF9E0,REQ_519B08AAAD17,3,8920.0,v0.1
INS_03139E3EF9E0,REQ_19D46FC565EC,4,14730.0,v0.1
INS_03139E3EF9E0,REQ_9A89A556D06C,5,15530.0,v0.1
INS_03139E3EF9E0,REQ_1E3A99CE2220,6,830.0000000000001,v0.1
INS_03139E3EF9E0,REQ_8F81FEC0700F,7,490.00000000000006,v0.1
INS_702DC923F74A,REQ_0931CC3C2E49,0,3270.0000000000005,v0.1
INS_702DC923F74A,REQ_0182BC8443F3,1,12740.0,v0.1
INS_702DC923F74A,REQ_56E34DA629D1,2,2330.0,v0.1
INS_702DC923F74A,REQ_063349EDF7A9,3,5850.0,v0.1
INS_702DC923F74A,REQ_3A891172DD39,4,290.0,v0.1
INS_702DC923F74A,REQ_4B4DC471481A,5,6230.0,v0.1
INS_702DC923F74A,REQ_BEFB54EBDB85,6,530.0,v0.1
INS_702DC923F74A,REQ_CB4C438A8CA3,7,30000.0,v0.1
INS_702DC923F74A,REQ_E6F8AF7089E9,8,280.0,v0.1
INS_702DC923F74A,REQ_33A0149B26CD,9,680.0,v0.1
INS_702DC923F74A,REQ_D4FDAF33799B,10,229.99999999999997,v0.1
INS_702DC923F74A,REQ_19AC9FAF8DCA,11,1720.0,v0.1
INS_702DC923F74A,REQ_5C461972444B,12,530.0,v0.1
INS_702DC923F74A,REQ_D16B1B62A4D6,13,100.0,v0.1
INS_3F7F3C64397D,REQ_EBCCFA1E6A7F,0,17640.0,v0.1
INS_3F7F3C64397D,REQ_290207E6E90E,1,20590.0,v0.1
INS_3F7F3C64397D,REQ_E74EE37E0E0B,2,13730.0,v0.1
INS_3F7F3C64397D,REQ_058AB67159C6,3,30000.0,v0.1
INS_3F7F3C64397D,REQ_F7DCAD255861,4,28220.0,v0.1
INS_3F7F3C64397D,REQ_456881F0BC67,5,30000.0,v0.1
INS_3F7F3C64397D,REQ_7601CFF91624,6,30000.0,v0.1
INS_3F7F3C64397D,REQ_44AC8A2E9FF7,7,19500.0,v0.1
INS_3F7F3C64397D,REQ_A3B267051658,8,22480.0,v0.1
INS_3F7F3C64397D,REQ_B7AFBFEAA524,9,25850.0,v0.1
INS_5AD1CB736D29,REQ_8B3572F212C7,0,100.0,v0.1
INS_5AD1CB736D29,REQ_4EFF8D974B39,1,1530.0,v0.1
INS_5AD1CB736D29,REQ_6411875A4082,2,250.0,v0.1
INS_5AD1CB736D29,REQ_0AF568EE5F63,3,7400.0,v0.1
INS_5AD1CB736D29,REQ_6BAED77F0011,4,1770.0,v0.1
INS_5AD1CB736D29,REQ_8329C3D88CE9,5,110.00000000000001,v0.1
INS_5AD1CB736D29,REQ_D363E93C6CF4,6,550.0,v0.1
INS_5AD1CB736D29,REQ_E163D7C55144,7,19630.0,v0.1
INS_5AD1CB736D29,REQ_528B975CC58C,8,80.0,v0.1
INS_5AD1CB736D29,REQ_F5F36D6C25A1,9,24900.0,v0.1
INS_5AD1CB736D29,REQ_BE4ED3384901,10,3740.0,v0.1
INS_5AD1CB736D29,REQ_5C07C18DC39E,11,670.0,v0.1
INS_5AD1CB736D29,REQ_AC537F5C32FF,12,3540.0,v0.1
INS_5AD1CB736D29,REQ_101AD9448644,13,450.0,v0.1
INS_5AD1CB736D29,REQ_3BC7431B9A8D,14,17580.0,v0.1
INS_5AD1CB736D29,REQ_035410B26311,15,5060.0,v0.1
INS_5AD1CB736D29,REQ_59D9E4D665A4,16,9290.0,v0.1
INS_5AD1CB736D29,REQ_C90615CEA8CB,17,10140.0,v0.1
INS_5AD1CB736D29,REQ_35CA3AE5E7BF,18,80.0,v0.1
INS_5AD1CB736D29,REQ_B23398652038,19,7725.0,v0.1
INS_5AD1CB736D29,REQ_F25C557F182D,20,5680.0,v0.1
INS_5AD1CB736D29,REQ_E4DA88690426,21,12660.0,v0.1
INS_5AD1CB736D29,REQ_EB4DF76728B5,22,1460.0,v0.1
INS_6A3749FE88A4,REQ_65696677976D,0,1200.0,v0.1
INS_6A3749FE88A4,REQ_532C55C6833E,1,360.0,v0.1
INS_6A3749FE88A4,REQ_63A63052AE6B,2,850.0,v0.1
INS_6A3749FE88A4,REQ_2F5E2A88E7D6,3,2900.0,v0.1
INS_6A3749FE88A4,REQ_0608DAB9CB74,4,22880.0,v0.1
INS_6A3749FE88A4,REQ_FB46F0C8C6B8,5,850.0,v0.1
INS_6A3749FE88A4,REQ_F3FF2B20E32A,6,9780.0,v0.1
INS_6A3749FE88A4,REQ_73E31FC1B8A2,7,380.0,v0.1
INS_F723D0A83CC9,REQ_2C350E8B8E8F,0,30000.0,v0.1
INS_F723D0A83CC9,REQ_4A78CF12D72B,1,1060.0,v0.1
INS_F723D0A83CC9,REQ_E29C5F25C91E,2,30000.0,v0.1
INS_F723D0A83CC9,REQ_C5E2B20BD2E0,3,2370.0,v0.1
INS_F723D0A83CC9,REQ_0A578E4B805B,4,30000.0,v0.1
INS_F723D0A83CC9,REQ_BE088E54F9C0,5,1130.0,v0.1
INS_F723D0A83CC9,REQ_7046A811CB74,6,21400.0,v0.1
INS_F723D0A83CC9,REQ_44C8E7AC232E,7,3020.0,v0.1
INS_F723D0A83CC9,REQ_D124E8853BB5,8,680.0,v0.1
INS_F723D0A83CC9,REQ_1D2F2542210C,9,2410.0,v0.1
INS_F723D0A83CC9,REQ_58DE38C04838,10,1700.0,v0.1
INS_F723D0A83CC9,REQ_88CA3C9E6C60,11,4660.0,v0.1
INS_F723D0A83CC9,REQ_FFD37620657E,12,300.0,v0.1
INS_F723D0A83CC9,REQ_6ED0E43EBC9A,13,2600.0,v0.1
INS_F723D0A83CC9,REQ_3336C2C739F3,14,18990.0,v0.1
INS_F723D0A83CC9,REQ_E9E2CB2E9385,15,3240.0,v0.1
INS_F723D0A83CC9,REQ_7448207C4EB5,16,660.0,v0.1
INS_F723D0A83CC9,REQ_02FF16D906FF,17,760.0,v0.1
INS_F723D0A83CC9,REQ_506CDF6AC7B6,18,280.0,v0.1
INS_F723D0A83CC9,REQ_0A2E8CD59019,19,30000.0,v0.1
INS_F723D0A83CC9,REQ_531A211CC2F3,20,30000.0,v0.1
INS_396473F91F24,REQ_F93507F6D03A,0,28550.0,v0.1
INS_396473F91F24,REQ_329C12477630,1,900.0,v0.1
INS_396473F91F24,REQ_92DD339A628D,2,9220.0,v0.1
INS_396473F91F24,REQ_8A75EFCAF335,3,4150.0,v0.1
INS_396473F91F24,REQ_352626272F61,4,2670.0,v0.1
INS_396473F91F24,REQ_7785540792FA,5,30000.0,v0.1
INS_396473F91F24,REQ_0107C0344B87,6,350.0,v0.1
INS_396473F91F24,REQ_EC0381907480,7,590.0,v0.1
INS_396473F91F24,REQ_56D95C672954,8,2000.0,v0.1
INS_396473F91F24,REQ_0910BBAC5CD7,9,1790.0,v0.1
INS_396473F91F24,REQ_5519BBACC3CF,10,780.0,v0.1
INS_396473F91F24,REQ_5E30C59950FE,11,20160.0,v0.1
INS_396473F91F24,REQ_BFDE60BD0A54,12,8040.000000000001,v0.1
INS_396473F91F24,REQ_1DEF4872433B,13,2440.0,v0.1
INS_396473F91F24,REQ_967B118B4319,14,2290.0,v0.1
INS_396473F91F24,REQ_E6F06366EA2A,15,850.0,v0.1
INS_396473F91F24,REQ_60AD4587FC19,16,6980.0,v0.1
INS_396473F91F24,REQ_CB18E8BFDCFE,17,28610.0,v0.1
INS_396473F91F24,REQ_011D1267A054,18,860.0,v0.1
INS_396473F91F24,REQ_C82EA029DE3C,19,25950.0,v0.1
INS_396473F91F24,REQ_4F657D84176A,20,1150.0,v0.1
INS_396473F91F24,REQ_C5C7A11FF4CB,21,1400.0,v0.1
INS_396473F91F24,REQ_CCD94892FC60,22,30000.0,v0.1
INS_396473F91F24,REQ_EFB94B676B58,23,16580.0,v0.1
INS_396473F91F24,REQ_22F620D3068A,24,18530.0,v0.1
INS_AC6D13EC0E78,REQ_343149A8EC58,0,30000.0,v0.1
INS_AC6D13EC0E78,REQ_17F08F08719E,1,360.0,v0.1
INS_AC6D13EC0E78,REQ_CCE44503FBCE,2,840.0,v0.1
INS_AC6D13EC0E78,REQ_7D8C7AC73DA4,3,6280.0,v0.1
INS_AC6D13EC0E78,REQ_03F4AAC86A03,4,17690.0,v0.1
INS_AC6D13EC0E78,REQ_B5390BBAB484,5,2350.0,v0.1
INS_AC6D13EC0E78,REQ_258C399EA57A,6,390.0,v0.1
INS_AC6D13EC0E78,REQ_8C955B4F70EC,7,3390.0,v0.1
INS_AC6D13EC0E78,REQ_72F806B3DCB2,8,8340.0,v0.1
INS_AC6D13EC0E78,REQ_CB990AF9798B,9,30000.0,v0.1
INS_AC6D13EC0E78,REQ_A3903B23C6E0,10,80.0,v0.1
INS_AC6D13EC0E78,REQ_B3F79ADFAE7D,11,30000.0,v0.1
INS_AC6D13EC0E78,REQ_F098201C9274,12,6500.0,v0.1
INS_AC6D13EC0E78,REQ_0E4FF6AABBA8,13,30000.0,v0.1
INS_30A14852616C,REQ_5F446DF542CF,0,24970.0,v0.1
INS_30A14852616C,REQ_4BE0C09F6875,1,20790.0,v0.1
INS_30A14852616C,REQ_04EF78E78706,2,20060.0,v0.1
INS_30A14852616C,REQ_E25E2DD074FB,3,17740.0,v0.1
INS_0E8BF74D13C8,REQ_74DD74A84310,0,25130.0,v0.1
INS_0E8BF74D13C8,REQ_20EB3C515A06,1,9030.0,v0.1
INS_0E8BF74D13C8,REQ_E64F788D4F1A,2,900.0,v0.1
INS_0E8BF74D13C8,REQ_AB538E319952,3,1090.0,v0.1
INS_0E8BF74D13C8,REQ_F76591E84B0C,4,2670.0,v0.1
INS_0E8BF74D13C8,REQ_C2DADEFD4D76,5,1080.0,v0.1
INS_0E8BF74D13C8,REQ_EFE199204BBD,6,1300.0,v0.1
INS_0E8BF74D13C8,REQ_9FAD3EB85426,7,6050.0,v0.1
INS_0E8BF74D13C8,REQ_821E493C07CB,8,7020.0,v0.1
INS_0E8BF74D13C8,REQ_27573B58C40B,9,30000.0,v0.1
INS_0E8BF74D13C8,REQ_A61CEA7E0277,10,22730.0,v0.1
INS_0E8BF74D13C8,REQ_FEF333E0CF93,11,400.0,v0.1
INS_0E8BF74D13C8,REQ_A7B64C610CE5,12,740.0,v0.1
INS_0E8BF74D13C8,REQ_487A563D9596,13,560.0,v0.1
INS_0E8BF74D13C8,REQ_3DBFED77BAB7,14,650.0,v0.1
INS_0E8BF74D13C8,REQ_30375180ADB1,15,780.0,v0.1
INS_0E8BF74D13C8,REQ_0181E2C4E673,16,360.0,v0.1
INS_0E8BF74D13C8,REQ_42BB5640A9F0,17,4880.0,v0.1
INS_0E8BF74D13C8,REQ_77E442C460A9,18,13440.0,v0.1
INS_0E8BF74D13C8,REQ_D0A34ED0103A,19,500.0,v0.1
INS_0E8BF74D13C8,REQ_A953EDCF02EB,20,200.0,v0.1
INS_0E8BF74D13C8,REQ_B235E8E9FCEE,21,5110.0,v0.1
INS_0E8BF74D13C8,REQ_55FD51605663,22,1560.0,v0.1
INS_0E8BF74D13C8,REQ_A2495342764C,23,1700.0,v0.1
INS_0E8BF74D13C8,REQ_2C15C1D7BA76,24,1280.0,v0.1
INS_0E8BF74D13C8,REQ_104E9D124083,25,540.0,v0.1
INS_0E8BF74D13C8,REQ_4D0A0CC5CD9E,26,11870.0,v0.1
INS_0E8BF74D13C8,REQ_9F0D8E208C20,27,4200.0,v0.1
INS_0E8BF74D13C8,REQ_474757A7D1C1,28,1850.0,v0.1
INS_0E8BF74D13C8,REQ_0D67E8F7F27C,29,2810.0,v0.1
INS_5A298FB564EB,REQ_7762CA625C89,0,6430.0,v0.1
INS_5A298FB564EB,REQ_CECD65E78866,1,1360.0,v0.1
INS_5A298FB564EB,REQ_6F81B43C4875,2,280.0,v0.1
INS_5A298FB564EB,REQ_031242229A4A,3,3160.0,v0.1
INS_5A298FB564EB,REQ_3324AB962E64,4,1300.0,v0.1
INS_5A298FB564EB,REQ_E10651E2920A,5,30000.0,v0.1
INS_5A298FB564EB,REQ_3C676ABB7CC1,6,910.0,v0.1
INS_5A298FB564EB,REQ_5A2D78231B92,7,500.0,v0.1
INS_5A298FB564EB,REQ_4FC865CCE654,8,150.0,v0.1
INS_5A298FB564EB,REQ_71E7E2E0B7F0,9,280.0,v0.1
INS_5A298FB564EB,REQ_16E23BDA7AA9,10,30000.0,v0.1
INS_5A298FB564EB,REQ_ECD09C4ACF7B,11,409.99999999999994,v0.1
INS_5A298FB564EB,REQ_EEC512DC4E69,12,6410.0,v0.1
INS_5A298FB564EB,REQ_0EF2DC41CCFB,13,390.0,v0.1
INS_5A298FB564EB,REQ_A4830DDA5DCD,14,6200.0,v0.1
INS_5A298FB564EB,REQ_8E8312316443,15,13150.0,v0.1
INS_5A298FB564EB,REQ_8E5C3BBB6414,16,260.0,v0.1
INS_5A298FB564EB,REQ_2410D1913295,17,1830.0,v0.1
INS_5A298FB564EB,REQ_C30882FEAF2A,18,3550.0,v0.1
INS_5A298FB564EB,REQ_BEB6C0FE7157,19,690.0,v0.1
INS_5A298FB564EB,REQ_0A433AB25905,20,1910.0,v0.1
INS_5A298FB564EB,REQ_C7CAC5B043A1,21,4780.0,v0.1
INS_5A298FB564EB,REQ_A7560B36DB5F,22,5420.0,v0.1
INS_5A298FB564EB,REQ_0D1E3A6260F4,23,600.0,v0.1
INS_5A298FB564EB,REQ_B0988AFEED77,24,130.0,v0.1
INS_5A298FB564EB,REQ_E1395EC408CD,25,1410.0,v0.1
INS_5A298FB564EB,REQ_D5D91096E1D4,26,16260.000000000002,v0.1
INS_5A298FB564EB,REQ_075B54B7EC0B,27,310.0,v0.1
INS_5A298FB564EB,REQ_D1FFA7CE569E,28,3530.0,v0.1
INS_5A298FB564EB,REQ_20B9B1623E1B,29,26190.0,v0.1
INS_5A298FB564EB,REQ_69BDB917DA96,30,4250.0,v0.1
INS_5A298FB564EB,REQ_6BC60292F003,31,3390.0,v0.1
INS_5A298FB564EB,REQ_EC1F39E0DBFB,32,900.0,v0.1
INS_5A298FB564EB,REQ_4062B2987BBB,33,30000.0,v0.1
INS_5A298FB564EB,REQ_8DE52863871A,34,9000.0,v0.1
INS_5A298FB564EB,REQ_D88053DAC1AF,35,1480.0,v0.1
INS_5A298FB564EB,REQ_C6BD0F768288,36,30000.0,v0.1
INS_5A298FB564EB,REQ_27243A3A241A,37,30000.0,v0.1
INS_5A298FB564EB,REQ_B9E5C7B5725F,38,840.0,v0.1
INS_5A298FB564EB,REQ_39710B033C9B,39,2580.0,v0.1
INS_AD84006D2CAC,REQ_D0CD9510DCDE,0,25590.0,v0.1
INS_AD84006D2CAC,REQ_660D99EE07F5,1,650.0,v0.1
INS_AD84006D2CAC,REQ_5E8FF134A4FA,2,2039.9999999999998,v0.1
INS_AD84006D2CAC,REQ_E5D00C74E7DD,3,9830.0,v0.1
INS_AD84006D2CAC,REQ_B69A36A3369E,4,720.0,v0.1
INS_AD84006D2CAC,REQ_656E626A2FF3,5,250.0,v0.1
INS_AD84006D2CAC,REQ_EE9EF02672C0,6,30000.0,v0.1
INS_AD84006D2CAC,REQ_957CCCCB0D6A,7,30000.0,v0.1
INS_7C1132E71E6D,REQ_6F8438226E7C,0,1050.0,v0.1
INS_7C1132E71E6D,REQ_381D39CE6B29,1,24240.0,v0.1
INS_7C1132E71E6D,REQ_2EDAF1AE9FEE,2,13090.0,v0.1
INS_7C1132E71E6D,REQ_8C367E50789F,3,23160.0,v0.1
INS_7C1132E71E6D,REQ_843C99F914E7,4,400.0,v0.1
INS_7C1132E71E6D,REQ_CD1E5E1CC666,5,29000.0,v0.1
INS_7C1132E71E6D,REQ_AB19A9BAC603,6,150.0,v0.1
INS_7C1132E71E6D,REQ_B6B94EDD2AA6,7,460.0,v0.1
INS_7C1132E71E6D,REQ_BC8A890148E3,8,30000.0,v0.1
INS_7C1132E71E6D,REQ_F104E533D7A6,9,23650.0,v0.1
INS_7C1132E71E6D,REQ_9E6C1E5F16C3,10,22860.0,v0.1
INS_7C1132E71E6D,REQ_2FFF9AE9527D,11,22420.0,v0.1
INS_7C1132E71E6D,REQ_D1A95B1216A7,12,270.0,v0.1
INS_7C1132E71E6D,REQ_62DF6FC00C9B,13,2010.0000000000002,v0.1
INS_7C1132E71E6D,REQ_0AB16D87F321,14,30000.0,v0.1
INS_7C1132E71E6D,REQ_240CEE9C4AA0,15,30000.0,v0.1
INS_7C1132E71E6D,REQ_83BBB2E86F79,16,650.0,v0.1
INS_7C1132E71E6D,REQ_2E0D5089B82A,17,670.0,v0.1
INS_7C1132E71E6D,REQ_0DA7A7BDC851,18,29650.0,v0.1
INS_7C1132E71E6D,REQ_BE473D1D271C,19,1610.0,v0.1
INS_7C1132E71E6D,REQ_3AE4BB297DC3,20,22680.0,v0.1
INS_7C1132E71E6D,REQ_37B71BFF1DD4,21,30000.0,v0.1
INS_7C1132E71E6D,REQ_CC196668CF40,22,1700.0,v0.1
INS_6DD8B6ECC182,REQ_AD0820E8FBA3,0,1460.0,v0.1
INS_6DD8B6ECC182,REQ_1DB9AD417FBF,1,620.0,v0.1
INS_6DD8B6ECC182,REQ_D741DCCA1439,2,280.0,v0.1
INS_6DD8B6ECC182,REQ_186556117F38,3,4680.0,v0.1
INS_6DD8B6ECC182,REQ_29EAD849FBC3,4,23340.0,v0.1
INS_6DD8B6ECC182,REQ_AC468206A0C2,5,320.0,v0.1
INS_6DD8B6ECC182,REQ_DDFF7C5B926F,6,4440.0,v0.1
INS_6DD8B6ECC182,REQ_94B59E8D4F3E,7,17320.0,v0.1
INS_6DD8B6ECC182,REQ_D501732B0D7A,8,150.0,v0.1
INS_6DD8B6ECC182,REQ_841D397F9541,9,470.0,v0.1
INS_6DD8B6ECC182,REQ_66A3E96398C2,10,1000.0,v0.1
INS_6DD8B6ECC182,REQ_9774EFF845B1,11,30000.0,v0.1
INS_6DD8B6ECC182,REQ_A8C50015BC45,12,8880.0,v0.1
INS_6DD8B6ECC182,REQ_11C4EEFD404E,13,8109.999999999999,v0.1
INS_6DD8B6ECC182,REQ_6263CEF343BC,14,620.0,v0.1
INS_6DD8B6ECC182,REQ_A804724B01E3,15,660.0,v0.1
INS_6DD8B6ECC182,REQ_556130B054D2,16,5620.0,v0.1
INS_6DD8B6ECC182,REQ_4D6572DCF6CF,17,470.0,v0.1
INS_6DD8B6ECC182,REQ_856F2F4A87A9,18,8080.0,v0.1
INS_6DD8B6ECC182,REQ_711B42A3C6CB,19,5800.0,v0.1
INS_6DD8B6ECC182,REQ_A54529AFC230,20,17790.0,v0.1
INS_6DD8B6ECC182,REQ_528A58B24529,21,2350.0,v0.1
INS_6DD8B6ECC182,REQ_AD7A4899FE08,22,2450.0,v0.1
INS_6DD8B6ECC182,REQ_9EA6C8E7B6B9,23,3680.0,v0.1
INS_6DD8B6ECC182,REQ_30BBB9AB5227,24,3320.0,v0.1
INS_6DD8B6ECC182,REQ_650CC556B204,25,29220.0,v0.1
INS_6DD8B6ECC182,REQ_FF08A4E4A6B3,26,5210.0,v0.1
INS_6DD8B6ECC182,REQ_2E548F664125,27,650.0,v0.1
INS_6DD8B6ECC182,REQ_542B391BFC4D,28,30000.0,v0.1
INS_6DD8B6ECC182,REQ_310154671481,29,1350.0,v0.1
INS_6DD8B6ECC182,REQ_0AA5506C5580,30,5420.0,v0.1
INS_6DD8B6ECC182,REQ_4D5673F0E7B1,31,2860.0,v0.1
INS_6DD8B6ECC182,REQ_EFF576134213,32,30000.0,v0.1
INS_6DD8B6ECC182,REQ_ABF98ED98303,33,30000.0,v0.1
INS_6DD8B6ECC182,REQ_988309F8908F,34,31670.0,v0.1
INS_6DD8B6ECC182,REQ_D3077EBDFBFD,35,17780.0,v0.1
INS_7FDC94C0E907,REQ_893A3BB0F7DB,0,230.0,v0.1
INS_7FDC94C0E907,REQ_836B5EF9F75C,1,30000.0,v0.1
INS_7FDC94C0E907,REQ_1A91A2C8CEDA,2,30000.0,v0.1
INS_7FDC94C0E907,REQ_7D82C94960B4,3,1100.0,v0.1
INS_7FDC94C0E907,REQ_A761FB6AB4C2,4,1160.0,v0.1
INS_7FDC94C0E907,REQ_8D4D3DA7B39E,5,1070.0,v0.1
INS_7FDC94C0E907,REQ_A0562A45B51D,6,14480.0,v0.1
INS_7FDC94C0E907,REQ_084BE72395DE,7,1180.0,v0.1
INS_7FDC94C0E907,REQ_37AD4747AAB8,8,7180.0,v0.1
INS_7FDC94C0E907,REQ_BD9689A03B3F,9,26420.0,v0.1
INS_DEF007E8E0F7,REQ_788816E63695,0,28280.0,v0.1
INS_DEF007E8E0F7,REQ_A987186C18CC,1,14690.0,v0.1
INS_DEF007E8E0F7,REQ_3AB179AAA104,2,29500.0,v0.1
INS_DEF007E8E0F7,REQ_DDA8CE7282C7,3,3930.0,v0.1
INS_DEF007E8E0F7,REQ_FAEE796CD2DD,4,2390.0,v0.1
INS_DEF007E8E0F7,REQ_6053F024DF0D,5,150.0,v0.1
INS_DEF007E8E0F7,REQ_46804F936A09,6,2600.0,v0.1
INS_DEF007E8E0F7,REQ_E8F9B5593C16,7,21120.0,v0.1
INS_DEF007E8E0F7,REQ_02A9EC5E2229,8,30000.0,v0.1
INS_DEF007E8E0F7,REQ_4405897770EB,9,1550.0,v0.1
INS_DEF007E8E0F7,REQ_C504CFC8CB42,10,3700.0,v0.1
INS_DEF007E8E0F7,REQ_906AA0C51E56,11,410.0,v0.1
INS_DEF007E8E0F7,REQ_8F5FBEEACA66,12,330.0,v0.1
INS_DEF007E8E0F7,REQ_249C4B30F398,13,600.0,v0.1
INS_DEF007E8E0F7,REQ_904022A60944,14,19140.0,v0.1
INS_DEF007E8E0F7,REQ_E6F3A0F33648,15,1900.0,v0.1
INS_DEF007E8E0F7,REQ_EA31723E6D2C,16,900.0,v0.1
INS_DEF007E8E0F7,REQ_CED353E3D546,17,30000.0,v0.1
INS_DEF007E8E0F7,REQ_42487C1897C5,18,30000.0,v0.1
INS_DEF007E8E0F7,REQ_A2A26A16BD54,19,3000.0,v0.1
INS_DEF007E8E0F7,REQ_97B9FB68AB39,20,80.0,v0.1
INS_4615CF088EFD,REQ_840B31CFA170,0,1630.0,v0.1
INS_4615CF088EFD,REQ_570447C0EC32,1,620.0,v0.1
INS_4615CF088EFD,REQ_EFBE7093F996,2,300.0,v0.1
INS_4615CF088EFD,REQ_CFA5CBA11FFF,3,22190.0,v0.1
INS_4615CF088EFD,REQ_F9A8F5D7EEFB,4,170.0,v0.1
INS_4615CF088EFD,REQ_BA02D4A00AC5,5,4600.0,v0.1
INS_4615CF088EFD,REQ_550E25E473FF,6,17480.0,v0.1
INS_4615CF088EFD,REQ_156675988C06,7,2100.0,v0.1
INS_4615CF088EFD,REQ_5000DA76A63C,8,1820.0,v0.1
INS_4615CF088EFD,REQ_C4C4BB169BE5,9,8290.0,v0.1
INS_4615CF088EFD,REQ_1063E10CA8C2,10,640.0,v0.1
INS_4615CF088EFD,REQ_86FA7381F854,11,8610.0,v0.1
INS_4615CF088EFD,REQ_36F78CDCD7E0,12,130.0,v0.1
INS_4615CF088EFD,REQ_6F295D7EFC2E,13,200.0,v0.1
INS_4615CF088EFD,REQ_17CB9818668E,14,1400.0,v0.1
INS_4615CF088EFD,REQ_72F46D0626F8,15,30000.0,v0.1
INS_4615CF088EFD,REQ_CA0C1C0480DB,16,17660.0,v0.1
INS_4615CF088EFD,REQ_90A76368C489,17,20450.0,v0.1
INS_4615CF088EFD,REQ_6A1D3C414FE1,18,550.0,v0.1
INS_4615CF088EFD,REQ_ECA0B685816A,19,2000.0,v0.1
INS_4615CF088EFD,REQ_F604ED7D0759,20,100.0,v0.1
INS_D0A1E06C6E29,REQ_7BA730B72B4F,0,30000.0,v0.1
INS_D0A1E06C6E29,REQ_DBB07CC264FB,1,30000.0,v0.1
INS_D0A1E06C6E29,REQ_E7ADB53AD276,2,900.0,v0.1
INS_D0A1E06C6E29,REQ_DF8051441D8C,3,7840.0,v0.1
INS_D0A1E06C6E29,REQ_D74FAA17251C,4,350.0,v0.1
INS_D0A1E06C6E29,REQ_46F8904A3400,5,30000.0,v0.1
INS_D0A1E06C6E29,REQ_8F6E5E05F6EB,6,790.0,v0.1
INS_D0A1E06C6E29,REQ_756C57A8516D,7,1080.0,v0.1
INS_D0A1E06C6E29,REQ_B0D9E24B417B,8,3040.0,v0.1
INS_D0A1E06C6E29,REQ_7A4DF7173066,9,600.0,v0.1
INS_D0A1E06C6E29,REQ_14C487F7E586,10,3090.0,v0.1
INS_D0A1E06C6E29,REQ_8CB3B716CE4D,11,640.0,v0.1
INS_D0A1E06C6E29,REQ_99815D1D12A1,12,9340.0,v0.1
INS_F42B1FAA8EBC,REQ_637400B974C8,0,830.0000000000001,v0.1
INS_F42B1FAA8EBC,REQ_3019FC4E6768,1,30000.0,v0.1
INS_F42B1FAA8EBC,REQ_880BC0ED6BA8,2,30000.0,v0.1
INS_F42B1FAA8EBC,REQ_B4059917BE86,3,4250.0,v0.1
INS_F42B1FAA8EBC,REQ_1E2253146531,4,400.0,v0.1
INS_F42B1FAA8EBC,REQ_A86EE14212E1,5,20500.0,v0.1
INS_F42B1FAA8EBC,REQ_61B0630F5380,6,3120.0,v0.1
INS_F42B1FAA8EBC,REQ_4A1FB0464C38,7,30000.0,v0.1
INS_D2FAF672F2F5,REQ_38CF4DB252E3,0,2780.0,v0.1
INS_D2FAF672F2F5,REQ_2FD046238FB5,1,650.0,v0.1
INS_D2FAF672F2F5,REQ_A2A26A16BD54,2,3000.0,v0.1
INS_D2FAF672F2F5,REQ_18B25F82060D,3,18260.0,v0.1
INS_D2FAF672F2F5,REQ_F73B6362E76D,4,30000.0,v0.1
INS_D2FAF672F2F5,REQ_1DAEDBCD140C,5,340.0,v0.1
INS_D2FAF672F2F5,REQ_38D54EB74363,6,700.0,v0.1
INS_D2FAF672F2F5,REQ_43A6F3167848,7,30000.0,v0.1
INS_D2FAF672F2F5,REQ_75ED274D909D,8,3329.9999999999995,v0.1
INS_D2FAF672F2F5,REQ_507147B6E973,9,1430.0,v0.1
INS_D2FAF672F2F5,REQ_164F45892548,10,1560.0,v0.1
INS_D2FAF672F2F5,REQ_78FB5B540CD3,11,1360.0,v0.1
INS_D2FAF672F2F5,REQ_5A440C061AE0,12,4100.0,v0.1
INS_D2FAF672F2F5,REQ_02A9EC5E2229,13,30000.0,v0.1
INS_D2FAF672F2F5,REQ_28307DCEB7EF,14,30000.0,v0.1
INS_D2FAF672F2F5,REQ_6808EE4647EA,15,27930.0,v0.1
INS_D2FAF672F2F5,REQ_F246E8F236D9,16,3870.0,v0.1
INS_D2FAF672F2F5,REQ_BDD798D55257,17,610.0,v0.1
INS_D2FAF672F2F5,REQ_450E5B217501,18,23590.0,v0.1
INS_D2FAF672F2F5,REQ_56B7FD5A2903,19,1120.0,v0.1
INS_D2FAF672F2F5,REQ_7B24754E92AF,20,30000.0,v0.1
INS_D2FAF672F2F5,REQ_0D88DF2D3057,21,2850.0,v0.1
INS_D2FAF672F2F5,REQ_5A749974A3F7,22,300.0,v0.1
INS_D2FAF672F2F5,REQ_524831C82482,23,27750.0,v0.1
INS_D2FAF672F2F5,REQ_CED353E3D546,24,30000.0,v0.1
INS_D2FAF672F2F5,REQ_2578ECBD721C,25,30000.0,v0.1
INS_D2FAF672F2F5,REQ_E81C4B3DBBE6,26,150.0,v0.1
INS_D2FAF672F2F5,REQ_81B03603B23B,27,30000.0,v0.1
INS_D2FAF672F2F5,REQ_A040F095C1E1,28,2100.0,v0.1
INS_D2FAF672F2F5,REQ_DDA8CE7282C7,29,3930.0,v0.1
INS_D2FAF672F2F5,REQ_60B2F872897D,30,11800.0,v0.1
INS_D2FAF672F2F5,REQ_3D3F2AAA5F82,31,30000.0,v0.1
INS_D2FAF672F2F5,REQ_9A89DD5243E8,32,1570.0,v0.1
INS_D2FAF672F2F5,REQ_F68FE25FFFEA,33,3200.0,v0.1
INS_D2FAF672F2F5,REQ_8199AB01ED90,34,3040.0,v0.1
INS_D2FAF672F2F5,REQ_33C78EF09DDC,35,180.0,v0.1
INS_D2FAF672F2F5,REQ_D704EF17AFE3,36,2470.0,v0.1
INS_D2FAF672F2F5,REQ_9380393586AD,37,9700.0,v0.1
INS_D2FAF672F2F5,REQ_A9C45898745C,38,2710.0,v0.1
INS_D2FAF672F2F5,REQ_7E651B3D50A2,39,180.0,v0.1
INS_D2FAF672F2F5,REQ_5D623A424068,40,15590.0,v0.1
INS_D2FAF672F2F5,REQ_CD78DF0E64CC,41,520.0,v0.1
INS_D2FAF672F2F5,REQ_F8A995062717,42,5750.0,v0.1
INS_D2FAF672F2F5,REQ_E0E52C04FDA4,43,13840.0,v0.1
INS_D2FAF672F2F5,REQ_D09B69B898A0,44,500.0,v0.1
INS_D2FAF672F2F5,REQ_B5CBDBD319CB,45,680.0,v0.1
INS_D2FAF672F2F5,REQ_204BEE4CBFC4,46,250.0,v0.1
INS_D2FAF672F2F5,REQ_1AE5A76346ED,47,8810.0,v0.1
INS_D2FAF672F2F5,REQ_AEEC8DF3BFDE,48,1110.0,v0.1
INS_D2FAF672F2F5,REQ_D019898D8348,49,30000.0,v0.1
INS_D2FAF672F2F5,REQ_47F4532C4A96,50,30000.0,v0.1
INS_D2FAF672F2F5,REQ_3913D6BB50F7,51,3760.0,v0.1
INS_D2FAF672F2F5,REQ_D1734757E9E6,52,280.0,v0.1
INS_D2FAF672F2F5,REQ_7B76BC483CFF,53,4570.0,v0.1
INS_D2FAF672F2F5,REQ_249C4B30F398,54,600.0,v0.1
INS_D2FAF672F2F5,REQ_B7DB9BDF9466,55,960.0,v0.1
INS_D2FAF672F2F5,REQ_B768B32AD427,56,80.0,v0.1
INS_D2FAF672F2F5,REQ_D0D8B59AB2D6,57,8900.0,v0.1
INS_D2FAF672F2F5,REQ_79841F988F16,58,30000.0,v0.1
INS_D2FAF672F2F5,REQ_B1E6B5D8A19A,59,1280.0,v0.1
INS_43C366EDF913,REQ_5882472E6F36,0,30000.0,v0.1
INS_43C366EDF913,REQ_66D34ED99839,1,19450.0,v0.1
INS_43C366EDF913,REQ_91BB8B9AFB78,2,30000.0,v0.1
INS_43C366EDF913,REQ_E9764B8088F2,3,6600.0,v0.1
INS_43C366EDF913,REQ_3F9809086221,4,17640.0,v0.1
INS_43C366EDF913,REQ_E8654769B9E7,5,1050.0,v0.1
INS_43C366EDF913,REQ_E333BDC39F2D,6,340.0,v0.1
INS_43C366EDF913,REQ_7C1258031151,7,30000.0,v0.1
INS_43C366EDF913,REQ_071792272B20,8,30000.0,v0.1
INS_43C366EDF913,REQ_9E466BDB29AA,9,13770.0,v0.1
INS_43C366EDF913,REQ_0AFD406AE4A4,10,7720.0,v0.1
INS_4FCFA4C60A90,REQ_398FA7BA3261,0,160.0,v0.1
INS_4FCFA4C60A90,REQ_6C0651204526,1,1000.0,v0.1
INS_4FCFA4C60A90,REQ_38806609F6CF,2,25500.0,v0.1
INS_4FCFA4C60A90,REQ_132458C37869,3,1520.0,v0.1
INS_4FCFA4C60A90,REQ_D2E663D95771,4,10100.0,v0.1
INS_4FCFA4C60A90,REQ_DB8326CE3D2E,5,509.99999999999994,v0.1
INS_4FCFA4C60A90,REQ_7B852D3197DC,6,6150.0,v0.1
INS_4FCFA4C60A90,REQ_4E75BBEE8237,7,20600.0,v0.1
INS_4FCFA4C60A90,REQ_3C1B28185BAA,8,3740.0,v0.1
INS_4FCFA4C60A90,REQ_E7741B378B8A,9,29380.0,v0.1
INS_4FCFA4C60A90,REQ_3A0C977CE0A5,10,1860.0000000000002,v0.1
INS_4FCFA4C60A90,REQ_8CA8743297E4,11,4670.0,v0.1
INS_4FCFA4C60A90,REQ_97F5C3AE2253,12,670.0,v0.1
INS_4FCFA4C60A90,REQ_E91ED6604B46,13,1600.0,v0.1
INS_4FCFA4C60A90,REQ_32FA3F4858B1,14,5670.0,v0.1
INS_4FCFA4C60A90,REQ_E7A2F7C52740,15,3230.0,v0.1
INS_4FCFA4C60A90,REQ_14BE101366D2,16,4990.0,v0.1
INS_4FCFA4C60A90,REQ_39E94504559C,17,8370.0,v0.1
INS_4FCFA4C60A90,REQ_72918D0C07EE,18,6400.0,v0.1
INS_4FCFA4C60A90,REQ_64AF5A74048E,19,420.0,v0.1
INS_4FCFA4C60A90,REQ_F3ED5CBED83D,20,180.0,v0.1
INS_4FCFA4C60A90,REQ_9CADA706A9D0,21,10040.0,v0.1
INS_4FCFA4C60A90,REQ_FE4D0E53B15E,22,6690.000000000001,v0.1
INS_4FCFA4C60A90,REQ_44F0BEA45ACB,23,760.0,v0.1
INS_4FCFA4C60A90,REQ_F5AF38344B02,24,20120.0,v0.1
INS_4FCFA4C60A90,REQ_EACDC5E29505,25,1660.0000000000002,v0.1
INS_4FCFA4C60A90,REQ_8F3422200705,26,19460.0,v0.1
INS_4FCFA4C60A90,REQ_9B60AA9AFA13,27,13250.0,v0.1
INS_4FCFA4C60A90,REQ_34185D8C194D,28,710.0,v0.1
INS_4FCFA4C60A90,REQ_A2C0800A101E,29,30000.0,v0.1
INS_4FCFA4C60A90,REQ_01E70A1EF5AF,30,8320.0,v0.1
INS_8F5D20DBA4B2,REQ_25A3F0336855,0,28070.0,v0.1
INS_8F5D20DBA4B2,REQ_197356845DC7,1,1200.0,v0.1
INS_8F5D20DBA4B2,REQ_C5F09EC6EBF1,2,4250.0,v0.1
INS_8F5D20DBA4B2,REQ_2046377AD6BD,3,100.0,v0.1
INS_8F5D20DBA4B2,REQ_331FDED52422,4,490.00000000000006,v0.1
INS_8F5D20DBA4B2,REQ_46A63542D290,5,2930.0,v0.1
INS_8F5D20DBA4B2,REQ_966BDFBFFF9D,6,150.0,v0.1
INS_8F5D20DBA4B2,REQ_022B58AACEC2,7,5190.0,v0.1
INS_4BE30A92ECB9,REQ_D8F277FF5A9E,0,480.0,v0.1
INS_4BE30A92ECB9,REQ_9FFFB31A11E1,1,30000.0,v0.1
INS_4BE30A92ECB9,REQ_8DA52EE77702,2,1770.0,v0.1
INS_4BE30A92ECB9,REQ_07C35EE61467,3,440.00000000000006,v0.1
INS_4BE30A92ECB9,REQ_8F60496C9296,4,16520.0,v0.1
INS_4BE30A92ECB9,REQ_530448B852B6,5,1920.0,v0.1
INS_4BE30A92ECB9,REQ_256D45928840,6,30000.0,v0.1
INS_4BE30A92ECB9,REQ_B07B05BE08EF,7,3390.0,v0.1
INS_4BE30A92ECB9,REQ_2BBA66DEAE13,8,120.0,v0.1
INS_4BE30A92ECB9,REQ_A451CBF00D4D,9,22230.0,v0.1
INS_4BE30A92ECB9,REQ_9B77CD1AB8E5,10,459.99999999999994,v0.1
INS_4BE30A92ECB9,REQ_E62B25A2D725,11,1300.0,v0.1
INS_4BE30A92ECB9,REQ_ED3CCF5F3DF3,12,3410.0,v0.1
INS_4BE30A92ECB9,REQ_80688281C832,13,20940.0,v0.1
INS_4BE30A92ECB9,REQ_9B0054DC0B34,14,2740.0,v0.1
INS_4BE30A92ECB9,REQ_35AD01631AC2,15,9410.0,v0.1
INS_4BE30A92ECB9,REQ_7E3AC13054AE,16,1260.0,v0.1
INS_4BE30A92ECB9,REQ_FCD15A3EAE14,17,250.0,v0.1
INS_4BE30A92ECB9,REQ_B4D9AE220F50,18,22750.0,v0.1
INS_4BE30A92ECB9,REQ_670783D91137,19,4450.0,v0.1
INS_4BE30A92ECB9,REQ_1E9904C09E37,20,1260.0,v0.1
INS_4BE30A92ECB9,REQ_62FA219A0FA1,21,18230.0,v0.1
INS_4BE30A92ECB9,REQ_30990E891687,22,830.0,v0.1
INS_4BE30A92ECB9,REQ_2A38E4626095,23,1170.0,v0.1
INS_4BE30A92ECB9,REQ_71FF9689FC0E,24,3640.0,v0.1
INS_4BE30A92ECB9,REQ_7B75D8990E98,25,1450.0,v0.1
INS_4BE30A92ECB9,REQ_DF896554CE9E,26,560.0,v0.1
INS_4BE30A92ECB9,REQ_561CE8974E1D,27,30000.0,v0.1
INS_4BE30A92ECB9,REQ_C4C116CE8DFC,28,20720.0,v0.1
INS_4BE30A92ECB9,REQ_0A7BA34B8A48,29,350.0,v0.1
INS_4BE30A92ECB9,REQ_7576380ECFA1,30,30000.0,v0.1
INS_4BE30A92ECB9,REQ_A67B3AC6B30C,31,24630.0,v0.1
INS_4BE30A92ECB9,REQ_0EF09E09EE8D,32,800.0,v0.1
INS_4BE30A92ECB9,REQ_564A185546E8,33,2710.0,v0.1
INS_4BE30A92ECB9,REQ_884E6279848C,34,19400.0,v0.1
INS_4BE30A92ECB9,REQ_B755776A9ADE,35,30000.0,v0.1
INS_4BE30A92ECB9,REQ_DBC250EDB4DE,36,1010.0,v0.1
INS_4BE30A92ECB9,REQ_877766EF9A31,37,12630.0,v0.1
INS_4BE30A92ECB9,REQ_225EB6476DDE,38,7400.0,v0.1
INS_4BE30A92ECB9,REQ_8EF368867EF7,39,5230.0,v0.1
INS_4BE30A92ECB9,REQ_AD0EEF74EC1E,40,1880.0,v0.1
INS_4BE30A92ECB9,REQ_35A02644C634,41,20650.0,v0.1
INS_4BE30A92ECB9,REQ_0C5038CF8355,42,1600.0,v0.1
INS_4BE30A92ECB9,REQ_2427A7E4E801,43,3940.0,v0.1
INS_4BE30A92ECB9,REQ_DDAACD217D12,44,22100.0,v0.1
INS_4BE30A92ECB9,REQ_06B2445A56C7,45,1200.0,v0.1
INS_4BE30A92ECB9,REQ_188215BCF7C6,46,1300.0,v0.1
INS_4BE30A92ECB9,REQ_8A068FC25E36,47,30000.0,v0.1
INS_4BE30A92ECB9,REQ_76D8501BE277,48,17740.0,v0.1
INS_4BE30A92ECB9,REQ_57682FB49F9C,49,500.0,v0.1
INS_4BE30A92ECB9,REQ_BE202AF93CDD,50,11200.0,v0.1
INS_4BE30A92ECB9,REQ_9CD0B7B2344F,51,30000.0,v0.1
INS_407A72218855,REQ_405CFCDCB5AE,0,9910.0,v0.1
INS_407A72218855,REQ_3A87D44B024E,1,2180.0,v0.1
INS_407A72218855,REQ_1F5D56214BCC,2,800.0,v0.1
INS_407A72218855,REQ_70947BF807A8,3,810.0,v0.1
INS_407A72218855,REQ_F4B06B7D9474,4,1160.0,v0.1
INS_407A72218855,REQ_6101AA18AD1F,5,9110.0,v0.1
INS_407A72218855,REQ_D59CDE1A2AC0,6,200.0,v0.1
INS_407A72218855,REQ_FE78200B4664,7,2150.0,v0.1
INS_407A72218855,REQ_4443E058731A,8,2930.0,v0.1
INS_407A72218855,REQ_0BF551303C90,9,2500.0,v0.1
INS_407A72218855,REQ_FD1C92E86713,10,26025.0,v0.1
INS_407A72218855,REQ_323DC6B9DDA6,11,1570.0,v0.1
INS_407A72218855,REQ_3E35C41FA408,12,1280.0,v0.1
INS_407A72218855,REQ_D8DB3360C7DD,13,2290.0,v0.1
INS_407A72218855,REQ_38A6A0AB35FF,14,2090.0,v0.1
INS_407A72218855,REQ_8BFCD927EFD5,15,7080.0,v0.1
INS_407A72218855,REQ_5E5F0ED7ED7E,16,3660.0,v0.1
INS_407A72218855,REQ_4657619F4FBB,17,1750.0,v0.1
INS_407A72218855,REQ_000E0015C6C5,18,2100.0,v0.1
INS_407A72218855,REQ_B13FC14F5319,19,780.0,v0.1
INS_407A72218855,REQ_EC986CC9327A,20,2620.0,v0.1
INS_407A72218855,REQ_AB80688FD304,21,3270.0000000000005,v0.1
INS_407A72218855,REQ_6EEB0266C663,22,12020.0,v0.1
INS_407A72218855,REQ_A41B4354E701,23,13420.0,v0.1
INS_407A72218855,REQ_3B3B7829A5FE,24,1170.0,v0.1
INS_407A72218855,REQ_018963321C9A,25,240.0,v0.1
INS_407A72218855,REQ_162C93614D0B,26,869.9999999999999,v0.1
INS_407A72218855,REQ_4B6B980285D3,27,14125.0,v0.1
INS_407A72218855,REQ_20F6FBDA4D98,28,9720.0,v0.1
INS_407A72218855,REQ_EFA0B37D7B2A,29,30000.0,v0.1
INS_407A72218855,REQ_3C38E58D3091,30,140.0,v0.1
INS_407A72218855,REQ_E6870273234C,31,6050.0,v0.1
INS_407A72218855,REQ_A0F514675810,32,1350.0,v0.1
INS_407A72218855,REQ_7A1C55615227,33,11200.0,v0.1
INS_407A72218855,REQ_2ED663694096,34,2290.0,v0.1
INS_407A72218855,REQ_839761F5AA32,35,1500.0,v0.1
INS_407A72218855,REQ_DD2D7C303370,36,13060.0,v0.1
INS_407A72218855,REQ_C306F409D894,37,23480.0,v0.1
INS_407A72218855,REQ_91EF3009F8BB,38,1989.9999999999998,v0.1
INS_407A72218855,REQ_020C5EFB225D,39,14900.0,v0.1
INS_407A72218855,REQ_80B5E6362F6E,40,18190.0,v0.1
INS_407A72218855,REQ_212A2BB2D23D,41,7330.0,v0.1
INS_407A72218855,REQ_B5CFD4955A9B,42,12425.0,v0.1
INS_407A72218855,REQ_6FA5A03774A6,43,30000.0,v0.1
INS_407A72218855,REQ_1F6377C392CC,44,1400.0,v0.1
INS_407A72218855,REQ_6F36E24E4DA0,45,3979.9999999999995,v0.1
INS_407A72218855,REQ_817E915B1620,46,330.0,v0.1
INS_407A72218855,REQ_A7BD9265DE89,47,230.0,v0.1
INS_407A72218855,REQ_BE82993A2A14,48,5480.0,v0.1
INS_407A72218855,REQ_95EDF80F47E4,49,3180.0,v0.1
INS_407A72218855,REQ_F0CA7AE01A80,50,6400.0,v0.1
INS_407A72218855,REQ_2EA2B0946576,51,430.0,v0.1
INS_407A72218855,REQ_5ECE9548C717,52,1330.0,v0.1
INS_407A72218855,REQ_A4A8FF331AF9,53,4830.0,v0.1
INS_407A72218855,REQ_C1A831D980CD,54,11800.0,v0.1
INS_407A72218855,REQ_6B2840F0F86D,55,650.0,v0.1
INS_AAB3B276EDE8,REQ_832188AD652D,0,3190.0,v0.1
INS_AAB3B276EDE8,REQ_ACF326F6C1A9,1,30200.0,v0.1
INS_AAB3B276EDE8,REQ_F0896F9AB159,2,30000.0,v0.1
INS_AAB3B276EDE8,REQ_D49D88358D70,3,480.0,v0.1
INS_AAB3B276EDE8,REQ_F713A2DF0931,4,2460.0,v0.1
INS_AAB3B276EDE8,REQ_02BAB63C8AA2,5,26000.0,v0.1
INS_AAB3B276EDE8,REQ_28ABF8E3802A,6,1190.0,v0.1
INS_AAB3B276EDE8,REQ_02926DD154BA,7,30000.0,v0.1
INS_AAB3B276EDE8,REQ_6B4F2AE1D2BC,8,30000.0,v0.1
INS_AAB3B276EDE8,REQ_C63061ED8AB7,9,409.99999999999994,v0.1
INS_AAB3B276EDE8,REQ_226FEDA88DAB,10,22410.0,v0.1
INS_AAB3B276EDE8,REQ_1EFE48D36066,11,970.0,v0.1
INS_AAB3B276EDE8,REQ_0B61AC1DE4C6,12,30000.0,v0.1
INS_AAB3B276EDE8,REQ_CA8068DFB484,13,1350.0,v0.1
INS_AAB3B276EDE8,REQ_9FF5E0E61B8A,14,5370.0,v0.1
INS_AAB3B276EDE8,REQ_AC9B20D08C1F,15,9760.0,v0.1
INS_AAB3B276EDE8,REQ_F3D25A889949,16,20120.0,v0.1
INS_AAB3B276EDE8,REQ_30B16FF731FD,17,1000.0,v0.1
INS_59144B0A3B2C,REQ_F21EB54FB8F9,0,1100.0,v0.1
INS_59144B0A3B2C,REQ_588250B0BE92,1,3450.0,v0.1
INS_59144B0A3B2C,REQ_19A75F401FD1,2,30000.0,v0.1
INS_59144B0A3B2C,REQ_35F3BBF11E5F,3,27270.0,v0.1
INS_59144B0A3B2C,REQ_35721FBF7932,4,16920.0,v0.1
INS_59144B0A3B2C,REQ_61E1BAA71614,5,330.0,v0.1
INS_59144B0A3B2C,REQ_504C7832718D,6,12500.0,v0.1
INS_59144B0A3B2C,REQ_4F2733BD3FE4,7,400.0,v0.1
INS_59144B0A3B2C,REQ_388C2966634B,8,520.0,v0.1
INS_59144B0A3B2C,REQ_6E9D165F1D9C,9,1570.0,v0.1
INS_59144B0A3B2C,REQ_933DC062F327,10,3880.0,v0.1
INS_59144B0A3B2C,REQ_AB48A58A6E7F,11,30000.0,v0.1
INS_59144B0A3B2C,REQ_91917D8AF61B,12,1400.0,v0.1
INS_59144B0A3B2C,REQ_FD805D738084,13,1560.0,v0.1
INS_59144B0A3B2C,REQ_0AFDA43A5047,14,4480.0,v0.1
INS_59144B0A3B2C,REQ_7F31234A41DC,15,1320.0,v0.1
INS_59144B0A3B2C,REQ_4805E950C971,16,900.0,v0.1
INS_59144B0A3B2C,REQ_98FB6D309525,17,30000.0,v0.1
INS_59144B0A3B2C,REQ_AC4AEEE3D128,18,640.0,v0.1
INS_59144B0A3B2C,REQ_E6889F7BEEF4,19,8020.0,v0.1
INS_59144B0A3B2C,REQ_39335F20C8AE,20,630.0,v0.1
INS_59144B0A3B2C,REQ_142B4442F06A,21,1430.0,v0.1
INS_59144B0A3B2C,REQ_7A2D7FCBDAD3,22,1700.0,v0.1
INS_59144B0A3B2C,REQ_E123FD66B4BC,23,1430.0,v0.1
INS_59144B0A3B2C,REQ_6EB29B309DEA,24,1350.0,v0.1
INS_59144B0A3B2C,REQ_8009D4EF360E,25,210.0,v0.1
INS_59144B0A3B2C,REQ_2F3E28119956,26,15400.0,v0.1
INS_59144B0A3B2C,REQ_928F38E06324,27,1900.0,v0.1
INS_59144B0A3B2C,REQ_B309684F271D,28,4400.0,v0.1
INS_59144B0A3B2C,REQ_3B81821FE7E9,29,580.0,v0.1
INS_59144B0A3B2C,REQ_118A4C1D5B93,30,400.0,v0.1
INS_59144B0A3B2C,REQ_9DB11C2BEF88,31,1050.0,v0.1
INS_59144B0A3B2C,REQ_E64956A59FDA,32,7570.0,v0.1
INS_59144B0A3B2C,REQ_7622A4DA0B3E,33,1989.9999999999998,v0.1
INS_80DD87A2E2E8,REQ_754815DAB900,0,30000.0,v0.1
INS_80DD87A2E2E8,REQ_AF8CDDA4D5E0,1,30000.0,v0.1
INS_80DD87A2E2E8,REQ_89498E831993,2,30000.0,v0.1
INS_80DD87A2E2E8,REQ_9137C155DD72,3,13460.0,v0.1
INS_80DD87A2E2E8,REQ_B928B17119AE,4,6080.0,v0.1
INS_80DD87A2E2E8,REQ_D7C981DEE0E7,5,7309.999999999999,v0.1
INS_80DD87A2E2E8,REQ_2A92DFD89864,6,17760.0,v0.1
INS_80DD87A2E2E8,REQ_4CC2DA46AECF,7,30000.0,v0.1
INS_6A4537C5610D,REQ_F5A58A4D98B0,0,250.0,v0.1
INS_6A4537C5610D,REQ_5C9C01CF9384,1,18000.0,v0.1
INS_6A4537C5610D,REQ_A5887ACD0217,2,2690.0,v0.1
INS_6A4537C5610D,REQ_73177B16179D,3,17860.0,v0.1
INS_6A4537C5610D,REQ_0D298F9AD592,4,30000.0,v0.1
INS_6A4537C5610D,REQ_4E645C39C5DF,5,380.0,v0.1
INS_6A4537C5610D,REQ_20D7EF69EF07,6,2280.0,v0.1
INS_6A4537C5610D,REQ_0122E41287AF,7,450.0,v0.1
INS_6A4537C5610D,REQ_606511A578E1,8,250.0,v0.1
INS_6A4537C5610D,REQ_6998AED81AAD,9,7670.0,v0.1
INS_6A4537C5610D,REQ_B71498FF9855,10,7900.0,v0.1
INS_6A4537C5610D,REQ_A0BC1786DE9A,11,5570.0,v0.1
INS_6A4537C5610D,REQ_27FF76B7DC79,12,530.0,v0.1
INS_01CEAE5D214D,REQ_DD58CFB6E458,0,30000.0,v0.1
INS_01CEAE5D214D,REQ_166E0CF5130F,1,4510.0,v0.1
INS_01CEAE5D214D,REQ_EEC57104CF09,2,409.99999999999994,v0.1
INS_01CEAE5D214D,REQ_0A1296C7A7EF,3,2630.0,v0.1
INS_01CEAE5D214D,REQ_D13A12598CD1,4,13740.0,v0.1
INS_01CEAE5D214D,REQ_F03D84022B1D,5,660.0,v0.1
INS_01CEAE5D214D,REQ_E53FD2528DEA,6,24560.0,v0.1
INS_01CEAE5D214D,REQ_3C57D958700D,7,30000.0,v0.1
INS_01CEAE5D214D,REQ_F5EE2A8DE040,8,30000.0,v0.1
INS_01CEAE5D214D,REQ_ED6C7A607E06,9,4920.0,v0.1
INS_01CEAE5D214D,REQ_312B60881B16,10,2150.0,v0.1
INS_01CEAE5D214D,REQ_5338B4DF7F26,11,6300.0,v0.1
INS_01CEAE5D214D,REQ_FB81F99BEFC8,12,20590.0,v0.1
INS_01CEAE5D214D,REQ_41632751CE21,13,459.99999999999994,v0.1
INS_01CEAE5D214D,REQ_34D7C205E72D,14,320.0,v0.1
INS_01CEAE5D214D,REQ_728DDDB512E2,15,15390.0,v0.1
INS_01CEAE5D214D,REQ_547A2F0DCF48,16,1000.0,v0.1
INS_01CEAE5D214D,REQ_98B800A70340,17,1320.0,v0.1
INS_01CEAE5D214D,REQ_330ACE1EE88D,18,30000.0,v0.1
INS_01CEAE5D214D,REQ_184EA327ED07,19,3840.0,v0.1
INS_01CEAE5D214D,REQ_5C02C2E0ADFC,20,1140.0,v0.1
INS_01CEAE5D214D,REQ_4CDB2E50BE33,21,1150.0,v0.1
INS_01CEAE5D214D,REQ_A19DED5675AC,22,19330.0,v0.1
INS_01CEAE5D214D,REQ_2F0DAE05399C,23,8240.0,v0.1
INS_01CEAE5D214D,REQ_9713BF821640,24,9610.0,v0.1
INS_01CEAE5D214D,REQ_57D07A71A882,25,12510.0,v0.1
INS_01CEAE5D214D,REQ_BABDDF02806C,26,280.0,v0.1
INS_01CEAE5D214D,REQ_9DCCCDD8F621,27,1850.0,v0.1
INS_01CEAE5D214D,REQ_992F46416735,28,250.0,v0.1
INS_01CEAE5D214D,REQ_2653E2CE72CA,29,9710.0,v0.1
INS_01CEAE5D214D,REQ_A5BFFDEA0236,30,14010.0,v0.1
INS_01CEAE5D214D,REQ_16297D10EFF7,31,30000.0,v0.1
INS_01CEAE5D214D,REQ_68726E8DE18D,32,29370.0,v0.1
INS_01CEAE5D214D,REQ_4FE2F0DFAE90,33,4480.0,v0.1
INS_01CEAE5D214D,REQ_165A58C8CBB0,34,7150.0,v0.1
INS_01CEAE5D214D,REQ_AB462094A7EC,35,30000.0,v0.1
INS_7E1B5BCCDE96,REQ_92307AF3C246,0,21080.0,v0.1
INS_7E1B5BCCDE96,REQ_13957D73B135,1,30000.0,v0.1
INS_7E1B5BCCDE96,REQ_777C0BFFD4CB,2,26500.0,v0.1
INS_7E1B5BCCDE96,REQ_34B97FC1E9F7,3,100.0,v0.1
INS_7E1B5BCCDE96,REQ_147BDEBEB3E6,4,19830.0,v0.1
INS_7E1B5BCCDE96,REQ_177E5A037873,5,27530.0,v0.1
INS_7E1B5BCCDE96,REQ_E58CCBFEE9FA,6,7420.0,v0.1
INS_7E1B5BCCDE96,REQ_C6DAB06BF989,7,25110.0,v0.1
INS_7E1B5BCCDE96,REQ_3339428BFC40,8,2970.0,v0.1
INS_7E1B5BCCDE96,REQ_8C49A4D1CFD7,9,430.0,v0.1
INS_7E1B5BCCDE96,REQ_968AE644B95E,10,8500.0,v0.1
INS_7E1B5BCCDE96,REQ_2C6D0A37FF3E,11,30000.0,v0.1
INS_7E1B5BCCDE96,REQ_420D2BF45911,12,4019.9999999999995,v0.1
INS_3E76122E18BC,REQ_CD21B47500E0,0,30000.0,v0.1
INS_3E76122E18BC,REQ_E98A7C94FF16,1,30000.0,v0.1
INS_3E76122E18BC,REQ_90B66BF04EDA,2,350.0,v0.1
INS_3E76122E18BC,REQ_0C500BEF5D0F,3,390.0,v0.1
INS_3E76122E18BC,REQ_4FF05F840BEC,4,15270.0,v0.1
INS_3E76122E18BC,REQ_28C9A8141C4D,5,300.0,v0.1
INS_3E76122E18BC,REQ_D8A2B07CECE8,6,9360.0,v0.1
INS_3E76122E18BC,REQ_3983422ADC48,7,380.0,v0.1
INS_F06214790756,REQ_B20938BCFB82,0,400.0,v0.1
INS_F06214790756,REQ_332FC56AF959,1,590.0,v0.1
INS_F06214790756,REQ_0C450B617CF7,2,1150.0,v0.1
INS_F06214790756,REQ_78F979CC8658,3,6450.0,v0.1
INS_F06214790756,REQ_D9EB95ED9F51,4,4210.0,v0.1
INS_F06214790756,REQ_2577F3C8456A,5,2350.0,v0.1
INS_F06214790756,REQ_90A98E26BAEC,6,5700.0,v0.1
INS_F06214790756,REQ_797938F7139F,7,780.0,v0.1
INS_F06214790756,REQ_77E1B4A81E31,8,30000.0,v0.1
INS_F06214790756,REQ_45DFD4CBDFF6,9,800.0,v0.1
INS_F06214790756,REQ_1AB216846095,10,850.0,v0.1
INS_F06214790756,REQ_03120AE81182,11,2280.0,v0.1
INS_F06214790756,REQ_A593D5E6E22D,12,1860.0000000000002,v0.1
INS_F06214790756,REQ_EC7FF3E0978D,13,1410.0,v0.1
INS_F06214790756,REQ_1B37AAC1740A,14,8170.0,v0.1
INS_F06214790756,REQ_E37687421391,15,2780.0,v0.1
INS_F06214790756,REQ_2BBE9580E21F,16,30000.0,v0.1
INS_F06214790756,REQ_8F3699D2D303,17,880.0,v0.1
INS_23F9168283D2,REQ_E982EDE70AEE,0,370.0,v0.1
INS_23F9168283D2,REQ_2467C338C29D,1,28310.0,v0.1
INS_23F9168283D2,REQ_BA99C840FEA2,2,270.0,v0.1
INS_23F9168283D2,REQ_8C4797CDE380,3,260.0,v0.1
INS_23F9168283D2,REQ_0D93DDAA6874,4,10050.0,v0.1
INS_23F9168283D2,REQ_F57268278C27,5,360.0,v0.1
INS_23F9168283D2,REQ_372BF2DC87F1,6,220.0,v0.1
INS_23F9168283D2,REQ_DE008BA6FDE1,7,620.0,v0.1
INS_23F9168283D2,REQ_87F60BA022C4,8,280.0,v0.1
INS_23F9168283D2,REQ_DBBD8DE99F15,9,30000.0,v0.1
INS_23F9168283D2,REQ_36B1EF4EF7AD,10,30000.0,v0.1
INS_23F9168283D2,REQ_E2431A3E2733,11,1250.0,v0.1
INS_23F9168283D2,REQ_5366AD7EA89D,12,250.0,v0.1
INS_23F9168283D2,REQ_5D050DC776D9,13,3790.0,v0.1
INS_23F9168283D2,REQ_AF8F3D7B8D21,14,24970.0,v0.1
INS_23F9168283D2,REQ_EEA7909842A8,15,400.0,v0.1
INS_23F9168283D2,REQ_D7E2523B4DD4,16,10840.0,v0.1
INS_23F9168283D2,REQ_3A1039C4A0F6,17,11340.0,v0.1
INS_23F9168283D2,REQ_E475DD909131,18,260.0,v0.1
INS_23F9168283D2,REQ_31051F9D5147,19,7590.0,v0.1
INS_23F9168283D2,REQ_1A93E68A553A,20,24980.0,v0.1
INS_23F9168283D2,REQ_673F34C40032,21,30000.0,v0.1
INS_23F9168283D2,REQ_79671DD90B7C,22,30000.0,v0.1
INS_23F9168283D2,REQ_9B6237117D87,23,240.0,v0.1
INS_23F9168283D2,REQ_2D2060EB710C,24,15930.0,v0.1
INS_23F9168283D2,REQ_60871B3EF8FD,25,200.0,v0.1
INS_23F9168283D2,REQ_C866E3ED8C6B,26,30000.0,v0.1
INS_23F9168283D2,REQ_1172EDCCA1D6,27,30000.0,v0.1
INS_23F9168283D2,REQ_9996C632F0DB,28,18940.0,v0.1
INS_23F9168283D2,REQ_56F0D2E58964,29,1690.0,v0.1
INS_23F9168283D2,REQ_17843B9165BA,30,650.0,v0.1
INS_23F9168283D2,REQ_49313FAA0FFE,31,600.0,v0.1
INS_23F9168283D2,REQ_44D8764223AA,32,30000.0,v0.1
INS_23F9168283D2,REQ_BAE27EAEC29B,33,2150.0,v0.1
INS_23F9168283D2,REQ_9679C7F2CD61,34,8850.0,v0.1
INS_23F9168283D2,REQ_75B32BA18F5E,35,30000.0,v0.1
INS_23F9168283D2,REQ_DFFC9D55F101,36,27180.0,v0.1
INS_23F9168283D2,REQ_1822E21DD462,37,400.0,v0.1
INS_23F9168283D2,REQ_96F0B1E40C1E,38,16760.0,v0.1
INS_23F9168283D2,REQ_814F02C341E2,39,180.0,v0.1
INS_23F9168283D2,REQ_20D47B017E6C,40,30000.0,v0.1
INS_23F9168283D2,REQ_CE309AD2C6CC,41,30000.0,v0.1
INS_334C070B12FD,REQ_20B1D3B5A5B9,0,2800.0,v0.1
INS_334C070B12FD,REQ_405ABAE5A531,1,9260.0,v0.1
INS_334C070B12FD,REQ_3C66F2F4AA93,2,900.0,v0.1
INS_334C070B12FD,REQ_92FD4E7D779C,3,520.0,v0.1
INS_334C070B12FD,REQ_679BC58331F7,4,30000.0,v0.1
INS_334C070B12FD,REQ_B20938BCFB82,5,400.0,v0.1
INS_334C070B12FD,REQ_CD16D5B8B6AF,6,370.0,v0.1
INS_334C070B12FD,REQ_90A98E26BAEC,7,5700.0,v0.1
INS_929A74A8BBB6,REQ_131360057664,0,6350.0,v0.1
INS_929A74A8BBB6,REQ_2400298D8BA1,1,330.0,v0.1
INS_929A74A8BBB6,REQ_CD0DE7C566DB,2,2400.0,v0.1
INS_929A74A8BBB6,REQ_8171E518F6C7,3,2250.0,v0.1
INS_929A74A8BBB6,REQ_BE3D3F84371B,4,30000.0,v0.1
INS_929A74A8BBB6,REQ_3AB32729D662,5,730.0,v0.1
INS_929A74A8BBB6,REQ_BF7BF22A1DC9,6,10800.0,v0.1
INS_929A74A8BBB6,REQ_0BABCCE44C40,7,640.0,v0.1
INS_929A74A8BBB6,REQ_5CFA01752774,8,19240.0,v0.1
INS_929A74A8BBB6,REQ_1F88ADC53F80,9,10200.0,v0.1
INS_929A74A8BBB6,REQ_39A2750A0677,10,3460.0,v0.1
INS_929A74A8BBB6,REQ_A1A087EE1608,11,1910.0000000000002,v0.1
INS_929A74A8BBB6,REQ_D20452A3288F,12,2400.0,v0.1
INS_929A74A8BBB6,REQ_0FB29F5A7384,13,30000.0,v0.1
INS_929A74A8BBB6,REQ_17E9C87541EB,14,20140.0,v0.1
INS_929A74A8BBB6,REQ_6EE2FD4B9471,15,400.0,v0.1
INS_929A74A8BBB6,REQ_83D300AB74F9,16,30000.0,v0.1
INS_929A74A8BBB6,REQ_4675E663762F,17,30000.0,v0.1
INS_929A74A8BBB6,REQ_C902B083F5BB,18,30260.0,v0.1
INS_929A74A8BBB6,REQ_F23D6808C9CD,19,150.0,v0.1
INS_929A74A8BBB6,REQ_E5E622A79347,20,1130.0,v0.1
INS_929A74A8BBB6,REQ_62C01A1DF705,21,30000.0,v0.1
INS_929A74A8BBB6,REQ_E5E48704ECCD,22,610.0,v0.1
INS_929A74A8BBB6,REQ_D3B6BB78E724,23,30000.0,v0.1
INS_CED900B0FBA6,REQ_C27F36578A9B,0,30000.0,v0.1
INS_CED900B0FBA6,REQ_FBBDB39A58C8,1,509.99999999999994,v0.1
INS_CED900B0FBA6,REQ_D7535F9401CC,2,1870.0,v0.1
INS_CED900B0FBA6,REQ_DC99BDF9AFEC,3,360.0,v0.1
INS_CED900B0FBA6,REQ_8BF4090A3416,4,800.0,v0.1
INS_CED900B0FBA6,REQ_BEDC45CFB93D,5,360.0,v0.1
INS_CED900B0FBA6,REQ_23F5F586E877,6,760.0,v0.1
INS_CED900B0FBA6,REQ_7CA4361FDA43,7,30000.0,v0.1
INS_CED900B0FBA6,REQ_DD39F921AEE4,8,740.0,v0.1
INS_CED900B0FBA6,REQ_10F41F4B9CEE,9,1490.0,v0.1
INS_CED900B0FBA6,REQ_DC861CE8BD2F,10,2940.0,v0.1
INS_CED900B0FBA6,REQ_F2944B1216ED,11,4520.0,v0.1
INS_CED900B0FBA6,REQ_251B3DD168F7,12,480.0,v0.1
INS_CED900B0FBA6,REQ_68B395247C4C,13,20090.0,v0.1
INS_CED900B0FBA6,REQ_D410C57EFBD1,14,9100.0,v0.1
INS_CED900B0FBA6,REQ_F1D154D2E8B9,15,590.0,v0.1
INS_CED900B0FBA6,REQ_55A072ECD520,16,750.0,v0.1
INS_CED900B0FBA6,REQ_231344AC2E11,17,960.0,v0.1
INS_CED900B0FBA6,REQ_8E2BD3213091,18,4330.0,v0.1
INS_CED900B0FBA6,REQ_924DE1286318,19,1160.0,v0.1
INS_CED900B0FBA6,REQ_E77724C3CD58,20,170.0,v0.1
INS_5169D07DFA58,REQ_EFF576134213,0,30000.0,v0.1
INS_5169D07DFA58,REQ_D52E31EB8FAB,1,800.0,v0.1
INS_5169D07DFA58,REQ_454972FCDD4B,2,4010.0,v0.1
INS_5169D07DFA58,REQ_07D5C761961B,3,1930.0,v0.1
INS_5169D07DFA58,REQ_2BDF5721C568,4,240.0,v0.1
INS_5169D07DFA58,REQ_8B08EBC002F4,5,18810.0,v0.1
INS_5169D07DFA58,REQ_E30C3EB31170,6,3100.0,v0.1
INS_5169D07DFA58,REQ_4D914D227AF1,7,600.0,v0.1
INS_5169D07DFA58,REQ_2A321985A3AD,8,14150.0,v0.1
INS_5169D07DFA58,REQ_1C547F3C9E0A,9,6470.0,v0.1
INS_5169D07DFA58,REQ_1B76343D3FA2,10,220.0,v0.1
INS_5169D07DFA58,REQ_2E4B4A3A2AD2,11,910.0,v0.1
INS_5169D07DFA58,REQ_B38C754A34BF,12,14130.0,v0.1
INS_5169D07DFA58,REQ_3106D9898765,13,630.0,v0.1
INS_5169D07DFA58,REQ_8B85E1A3D372,14,500.0,v0.1
INS_5169D07DFA58,REQ_9B133A96C1EF,15,17380.0,v0.1
INS_5169D07DFA58,REQ_220A66D27F9D,16,560.0,v0.1
INS_5169D07DFA58,REQ_831270F8291A,17,900.0,v0.1
INS_5169D07DFA58,REQ_E3877920C906,18,1280.0,v0.1
INS_5169D07DFA58,REQ_0B54D66AFC5D,19,20550.0,v0.1
INS_5169D07DFA58,REQ_4325CBA4E732,20,170.0,v0.1
INS_5169D07DFA58,REQ_1CD1715C293F,21,30000.0,v0.1
INS_5169D07DFA58,REQ_E995DE0043AD,22,6600.0,v0.1
INS_5169D07DFA58,REQ_542B391BFC4D,23,30000.0,v0.1
INS_5169D07DFA58,REQ_781FC7202F4C,24,6840.0,v0.1
INS_5169D07DFA58,REQ_07BB8AE2492E,25,16090.0,v0.1
INS_5169D07DFA58,REQ_C08B95417E01,26,1530.0,v0.1
INS_5169D07DFA58,REQ_5315EC039E1A,27,480.0,v0.1
INS_5169D07DFA58,REQ_879B77ABFF00,28,6650.0,v0.1
INS_5169D07DFA58,REQ_C81FBC18E0CA,29,3100.0,v0.1
INS_5169D07DFA58,REQ_72BE011BE751,30,30000.0,v0.1
INS_5169D07DFA58,REQ_372C0812E3E5,31,600.0,v0.1
INS_5169D07DFA58,REQ_EE42E77D7B7F,32,1020.0,v0.1
INS_5169D07DFA58,REQ_33356307CCA9,33,1300.0,v0.1
INS_5169D07DFA58,REQ_11C4EEFD404E,34,8109.999999999999,v0.1
INS_5169D07DFA58,REQ_E3F97F46BCD1,35,10500.0,v0.1
INS_5169D07DFA58,REQ_BE1F8D32C830,36,450.0,v0.1
INS_5169D07DFA58,REQ_4D5673F0E7B1,37,2860.0,v0.1
INS_5169D07DFA58,REQ_C20ED9A1FE27,38,1839.9999999999998,v0.1
INS_5169D07DFA58,REQ_797B6AFB0593,39,1280.0,v0.1
INS_5169D07DFA58,REQ_DDA7268AAA4A,40,5300.0,v0.1
INS_5169D07DFA58,REQ_0580C20F75D3,41,2110.0,v0.1
INS_5169D07DFA58,REQ_0C016DE99FAB,42,840.0,v0.1
INS_5169D07DFA58,REQ_734B5F914D30,43,509.99999999999994,v0.1
INS_FD3F15C21FEF,REQ_CE45D382E088,0,30000.0,v0.1
INS_FD3F15C21FEF,REQ_660085B27A60,1,30000.0,v0.1
INS_FD3F15C21FEF,REQ_BF1D054EAD1D,2,8060.0,v0.1
INS_FD3F15C21FEF,REQ_3B24B4DD95C0,3,30000.0,v0.1
INS_FD3F15C21FEF,REQ_922F56D63FC4,4,1560.0,v0.1
INS_FD3F15C21FEF,REQ_B6DFDCB288A8,5,7090.0,v0.1
INS_FD3F15C21FEF,REQ_548ED3E32649,6,1760.0000000000002,v0.1
INS_FD3F15C21FEF,REQ_6FB92004BA08,7,30000.0,v0.1
INS_FD3F15C21FEF,REQ_F37340CE5A14,8,30000.0,v0.1
INS_FD3F15C21FEF,REQ_1B425B2E096D,9,5770.0,v0.1
INS_FD3F15C21FEF,REQ_1D8D2A1F6BF3,10,7440.0,v0.1
INS_FD3F15C21FEF,REQ_25AFCBF8A2CD,11,1710.0000000000002,v0.1
INS_FD3F15C21FEF,REQ_D0CD9510DCDE,12,25590.0,v0.1
INS_A0E381DBBF75,REQ_B2BA318831AC,0,13730.0,v0.1
INS_A0E381DBBF75,REQ_35AA9EC0B5E1,1,5230.0,v0.1
INS_A0E381DBBF75,REQ_2E1FED552E95,2,730.0,v0.1
INS_A0E381DBBF75,REQ_65B4370897AB,3,1800.0,v0.1
INS_A0E381DBBF75,REQ_E0FABF11750B,4,6300.0,v0.1
INS_A0E381DBBF75,REQ_1CA414B99154,5,1850.0,v0.1
INS_A0E381DBBF75,REQ_74FFF110BA55,6,950.0,v0.1
INS_A0E381DBBF75,REQ_B7EEE0101F62,7,80.0,v0.1
INS_A0E381DBBF75,REQ_FC0125DB853A,8,1800.0,v0.1
INS_A0E381DBBF75,REQ_5B4D60C6F8E2,9,400.0,v0.1
INS_A0E381DBBF75,REQ_3339AD6CF1EC,10,1550.0,v0.1
INS_A0E381DBBF75,REQ_0CEC62433C26,11,1989.9999999999998,v0.1
INS_2F73BF8CA451,REQ_BEB4387C0A2E,0,30000.0,v0.1
INS_2F73BF8CA451,REQ_D871F9FBC3F7,1,7540.0,v0.1
INS_2F73BF8CA451,REQ_2D5C6A5F2813,2,1130.0,v0.1
INS_2F73BF8CA451,REQ_4A23242941AD,3,1050.0,v0.1
INS_2F73BF8CA451,REQ_4B31F931F746,4,3020.0,v0.1
INS_2F73BF8CA451,REQ_0CB5319CA597,5,320.0,v0.1
INS_2F73BF8CA451,REQ_C7FB76A9A779,6,700.0,v0.1
INS_2F73BF8CA451,REQ_70BB444924A4,7,24690.0,v0.1
INS_2F73BF8CA451,REQ_DE6DDD1940AC,8,30000.0,v0.1
INS_2F73BF8CA451,REQ_DD44ACC13012,9,500.0,v0.1
INS_2F73BF8CA451,REQ_5EB88076CE0B,10,3250.0,v0.1
INS_2F73BF8CA451,REQ_E263BC6E7C9A,11,30000.0,v0.1
INS_2F73BF8CA451,REQ_073392287219,12,400.0,v0.1
INS_2F73BF8CA451,REQ_EB6BDCFABA16,13,6430.0,v0.1
INS_2F73BF8CA451,REQ_778A17E1EDA1,14,650.0,v0.1
INS_2F73BF8CA451,REQ_E816AFB45D4F,15,9840.0,v0.1
INS_2F73BF8CA451,REQ_8A9668781AA1,16,6450.0,v0.1
INS_2F73BF8CA451,REQ_50C163893990,17,330.0,v0.1
INS_2F73BF8CA451,REQ_15A905EC90C4,18,21350.0,v0.1
INS_2F73BF8CA451,REQ_B28C9C438DBA,19,21460.0,v0.1
INS_2F73BF8CA451,REQ_A6E56314B16D,20,25730.0,v0.1
INS_2F73BF8CA451,REQ_27B4C6F471BB,21,30000.0,v0.1
INS_2F73BF8CA451,REQ_6C33F6E19DCB,22,30000.0,v0.1
INS_2F73BF8CA451,REQ_8375EEC9D338,23,30000.0,v0.1
INS_2F73BF8CA451,REQ_E24D04763E27,24,190.0,v0.1
INS_2F73BF8CA451,REQ_D4DAF88A46F3,25,2720.0,v0.1
INS_2F73BF8CA451,REQ_CB005E277BB5,26,10460.0,v0.1
INS_2F73BF8CA451,REQ_292248C99E77,27,320.0,v0.1
INS_2F73BF8CA451,REQ_BC7FA0881328,28,10730.0,v0.1
INS_2F73BF8CA451,REQ_5B285CECCCCE,29,350.0,v0.1
INS_2F73BF8CA451,REQ_360A8748CB18,30,30000.0,v0.1
INS_2F73BF8CA451,REQ_952FE4ED3C1A,31,1020.0,v0.1
INS_2F73BF8CA451,REQ_DA9804E4207F,32,700.0,v0.1
INS_2F73BF8CA451,REQ_03DC46CF1F87,33,30000.0,v0.1
INS_2F73BF8CA451,REQ_918976706E73,34,30000.0,v0.1
INS_2F73BF8CA451,REQ_3E52F7FF91EF,35,30000.0,v0.1
INS_2F73BF8CA451,REQ_7BF139A4D4AD,36,27120.0,v0.1
INS_2F73BF8CA451,REQ_3C707614D30F,37,5660.0,v0.1
INS_2F73BF8CA451,REQ_9AE4BA7FB8C4,38,18850.0,v0.1
INS_2F73BF8CA451,REQ_0CED442C1229,39,480.0,v0.1
INS_2F73BF8CA451,REQ_37FDAFE257BF,40,1430.0,v0.1
INS_2F73BF8CA451,REQ_43949A6DCBFE,41,30000.0,v0.1
INS_2F73BF8CA451,REQ_2BE4704EFB60,42,270.0,v0.1
INS_2F73BF8CA451,REQ_809E38F7BDBD,43,5620.0,v0.1
INS_2F73BF8CA451,REQ_2A976635D27D,44,1240.0,v0.1
INS_2F73BF8CA451,REQ_40A3A309D7DB,45,960.0,v0.1
INS_2F73BF8CA451,REQ_DDDBFE9B56BE,46,30000.0,v0.1
INS_2F73BF8CA451,REQ_F77F56A3553A,47,960.0,v0.1
INS_2F73BF8CA451,REQ_03F878AF7420,48,30000.0,v0.1
INS_2F73BF8CA451,REQ_BBB2D0B068CA,49,2800.0,v0.1
INS_2F73BF8CA451,REQ_79D9DA8D86B2,50,1190.0,v0.1
INS_2F73BF8CA451,REQ_724D012B5102,51,21670.0,v0.1
INS_2F73BF8CA451,REQ_361625296175,52,760.0,v0.1
INS_2F73BF8CA451,REQ_7A6BD429118B,53,12290.0,v0.1
INS_2F73BF8CA451,REQ_7D8774617386,54,1130.0,v0.1
INS_2F73BF8CA451,REQ_2888FCBC87BA,55,30000.0,v0.1
INS_2F73BF8CA451,REQ_62D161A096B6,56,8220.0,v0.1
INS_2F73BF8CA451,REQ_72718D156290,57,160.0,v0.1
INS_2F73BF8CA451,REQ_BD2D6B2E0207,58,9650.0,v0.1
INS_4EFBDE82E8F0,REQ_9058DA7D54DD,0,1440.0,v0.1
INS_4EFBDE82E8F0,REQ_6AD4C56348A3,1,869.9999999999999,v0.1
INS_4EFBDE82E8F0,REQ_7B8ED5E4E1BA,2,2000.0,v0.1
INS_4EFBDE82E8F0,REQ_0DE4D0A0B5D9,3,2120.0,v0.1
INS_4EFBDE82E8F0,REQ_1C60F17C52A2,4,12700.0,v0.1
INS_4EFBDE82E8F0,REQ_C22240C2A278,5,200.0,v0.1
INS_4EFBDE82E8F0,REQ_9F255044D498,6,13900.0,v0.1
INS_4EFBDE82E8F0,REQ_3440757B6910,7,350.0,v0.1
INS_4EFBDE82E8F0,REQ_C206D7569A93,8,6700.0,v0.1
INS_4EFBDE82E8F0,REQ_E0255A5C0DF1,9,480.0,v0.1
INS_4EFBDE82E8F0,REQ_F5A58A4D98B0,10,250.0,v0.1
INS_4EFBDE82E8F0,REQ_CA0724D7A4DB,11,27350.0,v0.1
INS_4EFBDE82E8F0,REQ_CDDC31F207B0,12,15770.0,v0.1
INS_4EFBDE82E8F0,REQ_3438AA0E21E8,13,150.0,v0.1
INS_4EFBDE82E8F0,REQ_2DBF37D6FF38,14,1230.0,v0.1
INS_4EFBDE82E8F0,REQ_B8A5AEAFA396,15,9110.0,v0.1
INS_4EFBDE82E8F0,REQ_1D76437D352A,16,14360.0,v0.1
INS_4EFBDE82E8F0,REQ_DC798C900EFA,17,27420.0,v0.1
INS_4EFBDE82E8F0,REQ_87B60459FCBA,18,350.0,v0.1
INS_4EFBDE82E8F0,REQ_A58D67F358F8,19,11550.0,v0.1
INS_4EFBDE82E8F0,REQ_B5EA5DFD20AC,20,30000.0,v0.1
INS_4EFBDE82E8F0,REQ_4B4DC471481A,21,6230.0,v0.1
INS_4EFBDE82E8F0,REQ_A81099F997CD,22,890.0,v0.1
INS_4EFBDE82E8F0,REQ_43EE6B2DECEF,23,400.0,v0.1
INS_4EFBDE82E8F0,REQ_A14C59C3DA2A,24,340.0,v0.1
INS_4EFBDE82E8F0,REQ_75C44A5DF4F3,25,3090.0,v0.1
INS_4EFBDE82E8F0,REQ_8D60E55EAABE,26,7540.0,v0.1
INS_4EFBDE82E8F0,REQ_0776563B4918,27,5010.0,v0.1
INS_4EFBDE82E8F0,REQ_485F7AF6671C,28,6620.0,v0.1
INS_14113499477F,REQ_361625296175,0,760.0,v0.1
INS_14113499477F,REQ_E420D913E16D,1,30000.0,v0.1
INS_14113499477F,REQ_908CAF957017,2,1560.0,v0.1
INS_14113499477F,REQ_F1BCE2171353,3,30000.0,v0.1
INS_14113499477F,REQ_BE03A802B4DF,4,1270.0,v0.1
INS_14113499477F,REQ_E816AFB45D4F,5,9840.0,v0.1
INS_14113499477F,REQ_BD2D6B2E0207,6,9650.0,v0.1
INS_14113499477F,REQ_C7FB76A9A779,7,700.0,v0.1
INS_14113499477F,REQ_37FDAFE257BF,8,1430.0,v0.1
INS_14113499477F,REQ_79D9DA8D86B2,9,1190.0,v0.1
INS_14113499477F,REQ_8375EEC9D338,10,30000.0,v0.1
INS_14113499477F,REQ_94608E003334,11,30000.0,v0.1
INS_14113499477F,REQ_D4DAF88A46F3,12,2720.0,v0.1
INS_14113499477F,REQ_62D161A096B6,13,8220.0,v0.1
INS_2476D543D02A,REQ_ED333A95F29A,0,160.0,v0.1
INS_2476D543D02A,REQ_5A32D2D40026,1,5640.0,v0.1
INS_2476D543D02A,REQ_E9976B938B67,2,30000.0,v0.1
INS_2476D543D02A,REQ_5704B3F354D5,3,10120.0,v0.1
INS_2476D543D02A,REQ_A68CC6E21E52,4,30000.0,v0.1
INS_2476D543D02A,REQ_135C5549CC79,5,1170.0,v0.1
INS_2476D543D02A,REQ_19B3D9B11279,6,30000.0,v0.1
INS_2476D543D02A,REQ_B16ACA10DFB8,7,3230.0,v0.1
INS_2476D543D02A,REQ_F86D54A316A0,8,900.0,v0.1
INS_2476D543D02A,REQ_1C69077653F0,9,30000.0,v0.1
INS_2476D543D02A,REQ_6C306FB6FE72,10,350.0,v0.1
INS_2476D543D02A,REQ_6FFC68CA95B2,11,7730.0,v0.1
INS_2476D543D02A,REQ_E9898828FB07,12,919.9999999999999,v0.1
INS_2476D543D02A,REQ_DE9203F1E1E3,13,800.0,v0.1
INS_2476D543D02A,REQ_57187EA8E02A,14,12070.0,v0.1
INS_2476D543D02A,REQ_A0207D7AB877,15,3700.0,v0.1
INS_2476D543D02A,REQ_EC36C40138C5,16,12000.0,v0.1
INS_2476D543D02A,REQ_7205FFC7F1BC,17,320.0,v0.1
INS_2476D543D02A,REQ_B7EEC93D9FE3,18,500.0,v0.1
INS_2476D543D02A,REQ_00FF8C8E4CC7,19,200.0,v0.1
INS_2476D543D02A,REQ_42683BD90E2F,20,5980.0,v0.1
INS_2476D543D02A,REQ_CC4C7445E9B5,21,2500.0,v0.1
INS_2476D543D02A,REQ_57B9ED5513B5,22,1950.0,v0.1
INS_2476D543D02A,REQ_BF17E948DB6D,23,3450.0,v0.1
INS_2476D543D02A,REQ_B89A851BAF38,24,370.0,v0.1
INS_2476D543D02A,REQ_0C0D3F0CB3B6,25,2029.9999999999998,v0.1
INS_2476D543D02A,REQ_9889B090194A,26,14290.0,v0.1
INS_2476D543D02A,REQ_E4F17E165827,27,2960.0,v0.1
INS_2476D543D02A,REQ_FE64B0153CFD,28,5500.0,v0.1
INS_2476D543D02A,REQ_9013A637B0E9,29,9230.0,v0.1
INS_2476D543D02A,REQ_1034A58DEFFE,30,680.0,v0.1
INS_2476D543D02A,REQ_4CF8DC986F18,31,750.0,v0.1
INS_2476D543D02A,REQ_A4E7C9F4D6E7,32,11620.0,v0.1
INS_2476D543D02A,REQ_4C5411FF51F2,33,1550.0,v0.1
INS_2476D543D02A,REQ_30C40B196FF5,34,2740.0,v0.1
INS_2476D543D02A,REQ_91DFC6486E80,35,2650.0,v0.1
INS_2476D543D02A,REQ_C52E5503BF54,36,12790.0,v0.1
INS_2476D543D02A,REQ_E94CAD532032,37,20810.0,v0.1
INS_2476D543D02A,REQ_80EF7E18B2FD,38,3710.0,v0.1
INS_2476D543D02A,REQ_18529238E7D2,39,1700.0,v0.1
INS_2476D543D02A,REQ_8917CBAC7390,40,150.0,v0.1
INS_2476D543D02A,REQ_A1FF92EC1E47,41,3990.0,v0.1
INS_2476D543D02A,REQ_0D4278B9357E,42,30000.0,v0.1
INS_2476D543D02A,REQ_341A00159CD4,43,2660.0,v0.1
INS_2476D543D02A,REQ_2200168D83ED,44,1420.0,v0.1
INS_2476D543D02A,REQ_F658CEAC505D,45,30000.0,v0.1
INS_2476D543D02A,REQ_638872DB20D0,46,1300.0,v0.1
INS_2476D543D02A,REQ_981CF96177D0,47,13850.0,v0.1
INS_2476D543D02A,REQ_A4732EC8929B,48,300.0,v0.1
INS_2476D543D02A,REQ_C9D683A096E8,49,5000.0,v0.1
INS_2476D543D02A,REQ_61CA654A5DAC,50,26810.0,v0.1
INS_00445EE14684,REQ_E50524A96B19,0,20540.0,v0.1
INS_00445EE14684,REQ_75F10E935EE1,1,30000.0,v0.1
INS_00445EE14684,REQ_337340C30D2E,2,13080.0,v0.1
INS_00445EE14684,REQ_C86E98612EAD,3,30000.0,v0.1
INS_00445EE14684,REQ_0391EBB527B6,4,30000.0,v0.1
INS_00445EE14684,REQ_3A14AA639842,5,30000.0,v0.1
INS_00445EE14684,REQ_8B90D2883DEA,6,30000.0,v0.1
INS_00445EE14684,REQ_CFCB418FB1B4,7,30000.0,v0.1
INS_00445EE14684,REQ_F6D705542F1C,8,13680.0,v0.1
INS_00445EE14684,REQ_C86DE41EA334,9,29460.0,v0.1
INS_00445EE14684,REQ_C467DA777186,10,26070.0,v0.1
INS_00445EE14684,REQ_DED8AA21E0B6,11,29790.0,v0.1
INS_00445EE14684,REQ_BD3278D236A9,12,12460.0,v0.1
INS_00445EE14684,REQ_2BEAC4526E54,13,30000.0,v0.1
INS_00445EE14684,REQ_299A9F4AA5CE,14,30000.0,v0.1
INS_00445EE14684,REQ_948820C577EE,15,30000.0,v0.1
INS_00445EE14684,REQ_5128C36DC078,16,17060.0,v0.1
INS_00445EE14684,REQ_C6251C50FCA6,17,30000.0,v0.1
INS_00445EE14684,REQ_587E1EA10952,18,30000.0,v0.1
INS_00445EE14684,REQ_74A931FA1079,19,18820.0,v0.1
INS_164CD5F5A0AD,REQ_029F76DC20C6,0,200.0,v0.1
INS_164CD5F5A0AD,REQ_BEDE67F642C7,1,12090.0,v0.1
INS_164CD5F5A0AD,REQ_E7AAA68503E8,2,21800.0,v0.1
INS_164CD5F5A0AD,REQ_063BCD202DD0,3,30000.0,v0.1
INS_164CD5F5A0AD,REQ_64803EAF582C,4,560.0,v0.1
INS_164CD5F5A0AD,REQ_62FA219A0FA1,5,18230.0,v0.1
INS_164CD5F5A0AD,REQ_B2616FCCFD75,6,31140.0,v0.1
INS_164CD5F5A0AD,REQ_065CEC6FDFB7,7,750.0,v0.1
INS_5DEEAE63D0EF,REQ_0C8006A7B0C2,0,2770.0,v0.1
INS_5DEEAE63D0EF,REQ_CD4A6D8BD164,1,480.0,v0.1
INS_5DEEAE63D0EF,REQ_3B048A4EA9C9,2,180.0,v0.1
INS_5DEEAE63D0EF,REQ_101375A18329,3,24850.0,v0.1
INS_5DEEAE63D0EF,REQ_2D0463638B68,4,15260.0,v0.1
INS_5DEEAE63D0EF,REQ_B795509A6AD6,5,4140.0,v0.1
INS_5DEEAE63D0EF,REQ_890EF5D57ECC,6,2770.0,v0.1
INS_5DEEAE63D0EF,REQ_3FC60AB9282E,7,25190.0,v0.1
INS_5DEEAE63D0EF,REQ_E9D0D3B778A7,8,10550.0,v0.1
INS_5DEEAE63D0EF,REQ_27D4EE8103C5,9,19850.0,v0.1
INS_5DEEAE63D0EF,REQ_32C8EF63CADD,10,18050.0,v0.1
INS_5DEEAE63D0EF,REQ_EBF4267F1CC1,11,450.0,v0.1
INS_053992BE2F79,REQ_FF4E6E704D43,0,90.0,v0.1
INS_053992BE2F79,REQ_65B4370897AB,1,1800.0,v0.1
INS_053992BE2F79,REQ_3B901C0D5713,2,10830.0,v0.1
INS_053992BE2F79,REQ_19FFC37D84B2,3,940.0,v0.1
INS_053992BE2F79,REQ_195BDD5BA93D,4,3740.0,v0.1
INS_053992BE2F79,REQ_EA2E96EC27A7,5,4260.0,v0.1
INS_053992BE2F79,REQ_EF8DDF16723F,6,1200.0,v0.1
INS_053992BE2F79,REQ_EE1D13681677,7,13500.0,v0.1
INS_053992BE2F79,REQ_535A510E6510,8,3380.0,v0.1
INS_053992BE2F79,REQ_927613330BF3,9,6940.0,v0.1
INS_7FFFD1BF3306,REQ_6BE04BDFCA02,0,17180.0,v0.1
INS_7FFFD1BF3306,REQ_6F02DB9DC9F1,1,3440.0,v0.1
INS_7FFFD1BF3306,REQ_2D3E331A5F99,2,30000.0,v0.1
INS_7FFFD1BF3306,REQ_541452F63BB7,3,1420.0,v0.1
INS_7FFFD1BF3306,REQ_2A14826AC566,4,1100.0,v0.1
INS_7FFFD1BF3306,REQ_64EC2D014A59,5,2570.0,v0.1
INS_7FFFD1BF3306,REQ_31721CAD7065,6,2450.0,v0.1
INS_7FFFD1BF3306,REQ_E28D055941F4,7,1190.0,v0.1
INS_7FFFD1BF3306,REQ_B0FA11F00329,8,11400.0,v0.1
INS_7FFFD1BF3306,REQ_BB698987C06F,9,610.0,v0.1
INS_7FFFD1BF3306,REQ_49194115C1B6,10,30000.0,v0.1
INS_7FFFD1BF3306,REQ_3FB0B1A487E2,11,4400.0,v0.1
INS_7FFFD1BF3306,REQ_521C6BBF1BA6,12,21560.0,v0.1
INS_7FFFD1BF3306,REQ_519B08AAAD17,13,8920.0,v0.1
INS_7FFFD1BF3306,REQ_08285249F1C5,14,24620.0,v0.1
INS_7FFFD1BF3306,REQ_4626096917A1,15,1680.0,v0.1
INS_7FFFD1BF3306,REQ_7D312978FEB5,16,1800.0,v0.1
INS_7FFFD1BF3306,REQ_5749DD84FC18,17,320.0,v0.1
INS_01D955535DCF,REQ_DDA8CE7282C7,0,3930.0,v0.1
INS_01D955535DCF,REQ_E0DAA68D4B22,1,2660.0,v0.1
INS_01D955535DCF,REQ_6808EE4647EA,2,27930.0,v0.1
INS_01D955535DCF,REQ_4405897770EB,3,1550.0,v0.1
INS_01D955535DCF,REQ_B4B20CE07AB3,4,21300.0,v0.1
INS_01D955535DCF,REQ_E81C4B3DBBE6,5,150.0,v0.1
INS_01D955535DCF,REQ_BCF77E4D5B80,6,5650.0,v0.1
INS_01D955535DCF,REQ_97B9FB68AB39,7,80.0,v0.1
INS_01D955535DCF,REQ_A2A26A16BD54,8,3000.0,v0.1
INS_01D955535DCF,REQ_3913D6BB50F7,9,3760.0,v0.1
INS_01D955535DCF,REQ_BC94E6186E48,10,1000.0,v0.1
INS_01D955535DCF,REQ_092383A4AC98,11,830.0000000000001,v0.1
INS_01D955535DCF,REQ_4258A8B4CA2F,12,3020.0,v0.1
INS_01D955535DCF,REQ_98AA8717808B,13,3779.9999999999995,v0.1
INS_01D955535DCF,REQ_A8B3AEBA9B37,14,240.0,v0.1
INS_01D955535DCF,REQ_38CF4DB252E3,15,2780.0,v0.1
INS_01D955535DCF,REQ_916D6E15603A,16,30000.0,v0.1
INS_01D955535DCF,REQ_5D623A424068,17,15590.0,v0.1
INS_01D955535DCF,REQ_D77E14BDF039,18,21510.0,v0.1
INS_01D955535DCF,REQ_164F45892548,19,1560.0,v0.1
INS_01D955535DCF,REQ_3D3F2AAA5F82,20,30000.0,v0.1
INS_01D955535DCF,REQ_B1E6B5D8A19A,21,1280.0,v0.1
INS_01D955535DCF,REQ_7F9F9C4BF16E,22,9525.0,v0.1
INS_01D955535DCF,REQ_772777F91D25,23,2350.0,v0.1
INS_01D955535DCF,REQ_56B7FD5A2903,24,1120.0,v0.1
INS_1D6492DF0A8D,REQ_419F6BCE1191,0,2680.0,v0.1
INS_1D6492DF0A8D,REQ_EFBE62016D45,1,5010.0,v0.1
INS_1D6492DF0A8D,REQ_0B312372C581,2,3720.0000000000005,v0.1
INS_1D6492DF0A8D,REQ_2577F3C8456A,3,2350.0,v0.1
INS_1D6492DF0A8D,REQ_ED726A5B6DD8,4,30000.0,v0.1
INS_1D6492DF0A8D,REQ_7C50742321D7,5,5000.0,v0.1
INS_1D6492DF0A8D,REQ_2F119BEBC771,6,30000.0,v0.1
INS_1D6492DF0A8D,REQ_097968599D3E,7,600.0,v0.1
INS_1D6492DF0A8D,REQ_933B2B93B384,8,1180.0,v0.1
INS_1D6492DF0A8D,REQ_AA975C31B44F,9,5630.0,v0.1
INS_1D6492DF0A8D,REQ_3C66F2F4AA93,10,900.0,v0.1
INS_1D6492DF0A8D,REQ_B66B25083D21,11,30000.0,v0.1
INS_1D6492DF0A8D,REQ_77E1B4A81E31,12,30000.0,v0.1
INS_1D6492DF0A8D,REQ_45DE1C0EE05C,13,7070.0,v0.1
INS_1D6492DF0A8D,REQ_655631435BDB,14,11870.0,v0.1
INS_1D6492DF0A8D,REQ_401AC6624647,15,13710.0,v0.1
INS_1D6492DF0A8D,REQ_DFE2F65DA3D5,16,10770.0,v0.1
INS_1D6492DF0A8D,REQ_718B9931560D,17,2610.0,v0.1
INS_1D6492DF0A8D,REQ_7067FB7340DC,18,220.0,v0.1
INS_1D6492DF0A8D,REQ_919A25F3B75E,19,490.00000000000006,v0.1
INS_1D6492DF0A8D,REQ_1D288F052BD4,20,2800.0,v0.1
INS_1D6492DF0A8D,REQ_7A9032C819D5,21,30000.0,v0.1
INS_1D6492DF0A8D,REQ_DF3C7FDE473D,22,17230.0,v0.1
INS_C5F7B0D36D6C,REQ_44FA0637F9DA,0,650.0,v0.1
INS_C5F7B0D36D6C,REQ_6DDCAA74120E,1,29260.0,v0.1
INS_C5F7B0D36D6C,REQ_423063F459B2,2,1400.0,v0.1
INS_C5F7B0D36D6C,REQ_C4BE34189B02,3,700.0,v0.1
INS_C5F7B0D36D6C,REQ_FB5D8E055B7F,4,2000.0,v0.1
INS_C5F7B0D36D6C,REQ_3E0EC9CBB681,5,9100.0,v0.1
INS_C5F7B0D36D6C,REQ_5B71E3A9DB15,6,200.0,v0.1
INS_C5F7B0D36D6C,REQ_B9C174D99FAE,7,1170.0,v0.1
INS_C5F7B0D36D6C,REQ_62230C9A36D1,8,720.0,v0.1
INS_C5F7B0D36D6C,REQ_0CBB60E110D3,9,1550.0,v0.1
INS_C5F7B0D36D6C,REQ_FD59E788D819,10,19000.0,v0.1
INS_C5F7B0D36D6C,REQ_FEAE417025F5,11,30000.0,v0.1
INS_C5F7B0D36D6C,REQ_9D32BFF8D2FF,12,30000.0,v0.1
INS_C5F7B0D36D6C,REQ_99F8B0E28E95,13,1200.0,v0.1
INS_C5F7B0D36D6C,REQ_6F3F2814F722,14,5050.0,v0.1
INS_C5F7B0D36D6C,REQ_B7BC0860FBD4,15,320.0,v0.1
INS_C5F7B0D36D6C,REQ_366399F38109,16,23040.0,v0.1
INS_C5F7B0D36D6C,REQ_A884253EBCFD,17,30000.0,v0.1
INS_C5F7B0D36D6C,REQ_8AD07B316D4A,18,27050.0,v0.1
INS_C5F7B0D36D6C,REQ_FB0AA356C5FF,19,2860.0,v0.1
INS_C5F7B0D36D6C,REQ_1437AA719D1A,20,30000.0,v0.1
INS_C5F7B0D36D6C,REQ_E2FB2D4EDB1E,21,16149.999999999998,v0.1
INS_C5F7B0D36D6C,REQ_6A26E795956F,22,1700.0,v0.1
INS_C5F7B0D36D6C,REQ_C7E12D600ED3,23,350.0,v0.1
INS_C5F7B0D36D6C,REQ_3B7E55E6C00F,24,300.0,v0.1
INS_EF21277C04E2,REQ_82B632A51B34,0,8140.000000000001,v0.1
INS_EF21277C04E2,REQ_AAC946A1244E,1,20410.0,v0.1
INS_EF21277C04E2,REQ_1D516E8CFC8F,2,1080.0,v0.1
INS_EF21277C04E2,REQ_E75A2270C5F6,3,30000.0,v0.1
INS_EF21277C04E2,REQ_8CDD07E84BC6,4,150.0,v0.1
INS_EF21277C04E2,REQ_2A0F972570A4,5,14820.0,v0.1
INS_EF21277C04E2,REQ_73464801F79C,6,409.99999999999994,v0.1
INS_EF21277C04E2,REQ_CF056DD5A71C,7,8730.0,v0.1
INS_EF21277C04E2,REQ_E58CCBFEE9FA,8,7420.0,v0.1
INS_EF21277C04E2,REQ_FDEE7EE21D1F,9,1490.0,v0.1
INS_EF21277C04E2,REQ_DD1C7D963A70,10,13900.0,v0.1
INS_EF21277C04E2,REQ_A99604B33DD6,11,1130.0,v0.1
INS_EF21277C04E2,REQ_651408F6C2E9,12,710.0,v0.1
INS_EF21277C04E2,REQ_7C86D569F5D1,13,80.0,v0.1
INS_EF21277C04E2,REQ_5C483B24BE76,14,380.0,v0.1
INS_EF21277C04E2,REQ_147893AB1A01,15,27300.0,v0.1
INS_EF21277C04E2,REQ_11A4A1C31F2A,16,1750.0,v0.1
INS_EF21277C04E2,REQ_964862D4B341,17,15900.0,v0.1
INS_EF21277C04E2,REQ_E2B7677A5D79,18,1300.0,v0.1
INS_0AC99F0D8E22,REQ_8A10FA156ACA,0,16580.0,v0.1
INS_0AC99F0D8E22,REQ_5DF52E46F9D6,1,5290.0,v0.1
INS_0AC99F0D8E22,REQ_831004BF20C8,2,30000.0,v0.1
INS_0AC99F0D8E22,REQ_071CCCC7E37B,3,800.0,v0.1
INS_0AC99F0D8E22,REQ_EB2122925EE4,4,30000.0,v0.1
INS_0AC99F0D8E22,REQ_CE925A31B68D,5,2900.0,v0.1
INS_0AC99F0D8E22,REQ_DD0BA34AE6D3,6,25460.0,v0.1
INS_0AC99F0D8E22,REQ_5BCEB6577C9D,7,2560.0,v0.1
INS_0AC99F0D8E22,REQ_9E466BDB29AA,8,13770.0,v0.1
INS_0AC99F0D8E22,REQ_BD9A69F90F8F,9,1830.0,v0.1
INS_0AC99F0D8E22,REQ_5A5B505DA246,10,6780.0,v0.1
INS_0AC99F0D8E22,REQ_1F750B540DAF,11,6630.0,v0.1
INS_736FE51D655F,REQ_BD3278D236A9,0,12460.0,v0.1
INS_736FE51D655F,REQ_0B9FFD6545E3,1,18720.0,v0.1
INS_736FE51D655F,REQ_C6251C50FCA6,2,30000.0,v0.1
INS_736FE51D655F,REQ_948820C577EE,3,30000.0,v0.1
INS_736FE51D655F,REQ_C86DE41EA334,4,29460.0,v0.1
INS_736FE51D655F,REQ_587E1EA10952,5,30000.0,v0.1
INS_736FE51D655F,REQ_75F10E935EE1,6,30000.0,v0.1
INS_736FE51D655F,REQ_F6D705542F1C,7,13680.0,v0.1
INS_736FE51D655F,REQ_C86E98612EAD,8,30000.0,v0.1
INS_736FE51D655F,REQ_337340C30D2E,9,13080.0,v0.1
INS_736FE51D655F,REQ_5128C36DC078,10,17060.0,v0.1
INS_736FE51D655F,REQ_2D6D358E8DCC,11,30000.0,v0.1
INS_736FE51D655F,REQ_299A9F4AA5CE,12,30000.0,v0.1
INS_736FE51D655F,REQ_CFCB418FB1B4,13,30000.0,v0.1
INS_736FE51D655F,REQ_8B90D2883DEA,14,30000.0,v0.1
INS_736FE51D655F,REQ_E50524A96B19,15,20540.0,v0.1
INS_736FE51D655F,REQ_0391EBB527B6,16,30000.0,v0.1
INS_736FE51D655F,REQ_DED8AA21E0B6,17,29790.0,v0.1
INS_736FE51D655F,REQ_D11FE85E3355,18,30000.0,v0.1
INS_736FE51D655F,REQ_74A931FA1079,19,18820.0,v0.1
INS_736FE51D655F,REQ_2BEAC4526E54,20,30000.0,v0.1
INS_736FE51D655F,REQ_3A14AA639842,21,30000.0,v0.1
INS_736FE51D655F,REQ_C467DA777186,22,26070.0,v0.1
INS_0CCAC32CEE1E,REQ_6FFDD26C6167,0,13690.0,v0.1
INS_0CCAC32CEE1E,REQ_1BDA81EA3B29,1,500.0,v0.1
INS_0CCAC32CEE1E,REQ_19C93EA2A9F4,2,10850.0,v0.1
INS_0CCAC32CEE1E,REQ_E7E943B90838,3,30000.0,v0.1
INS_0CCAC32CEE1E,REQ_800C85EB2F21,4,180.0,v0.1
INS_0CCAC32CEE1E,REQ_885D7C8F1608,5,280.0,v0.1
INS_0CCAC32CEE1E,REQ_DEE99E24AD37,6,160.0,v0.1
INS_0CCAC32CEE1E,REQ_7E3EE66E5D96,7,850.0,v0.1
INS_0CCAC32CEE1E,REQ_2CD7F90AB09E,8,5470.0,v0.1
INS_0CCAC32CEE1E,REQ_39423FC99B99,9,30000.0,v0.1
INS_0CCAC32CEE1E,REQ_730AB1D60263,10,810.0,v0.1
INS_0CCAC32CEE1E,REQ_1ECA4EDDAE87,11,200.0,v0.1
INS_0CCAC32CEE1E,REQ_18EFE93045B5,12,30000.0,v0.1
INS_0CCAC32CEE1E,REQ_29D92C0C4B45,13,30000.0,v0.1
INS_0CCAC32CEE1E,REQ_55EE2E93D0E5,14,8980.0,v0.1
INS_0CCAC32CEE1E,REQ_AB86E50F9728,15,20280.0,v0.1
INS_0CCAC32CEE1E,REQ_80FED73E4805,16,1450.0,v0.1
INS_0CCAC32CEE1E,REQ_BF6A5F46E5DA,17,730.0,v0.1
INS_0CCAC32CEE1E,REQ_2B0B46E6A0F2,18,100.0,v0.1
INS_0CCAC32CEE1E,REQ_4F07B881E96A,19,22840.0,v0.1
INS_0CCAC32CEE1E,REQ_000EFBAA148B,20,7150.0,v0.1
INS_0CCAC32CEE1E,REQ_0A681F8EC45A,21,1100.0,v0.1
INS_0CCAC32CEE1E,REQ_73564E69D9BD,22,550.0,v0.1
INS_0CCAC32CEE1E,REQ_50D3752F4B3B,23,1730.0,v0.1
INS_0CCAC32CEE1E,REQ_5AE41C137B2A,24,19670.0,v0.1
INS_0CCAC32CEE1E,REQ_414E631D8B38,25,8560.0,v0.1
INS_0CCAC32CEE1E,REQ_6240C8E97ECF,26,30000.0,v0.1
INS_0CCAC32CEE1E,REQ_5F5A13F0719E,27,310.0,v0.1
INS_0CCAC32CEE1E,REQ_8130E6053328,28,320.0,v0.1
INS_0CCAC32CEE1E,REQ_286354132E6F,29,1230.0,v0.1
INS_0CCAC32CEE1E,REQ_498225A84BD0,30,400.0,v0.1
INS_0CCAC32CEE1E,REQ_A5663661405D,31,30000.0,v0.1
INS_0CCAC32CEE1E,REQ_92C8027D80DD,32,960.0,v0.1
INS_0CCAC32CEE1E,REQ_BA55A7349212,33,1650.0,v0.1
INS_0CCAC32CEE1E,REQ_834A9B7EAC4E,34,8760.0,v0.1
INS_0CCAC32CEE1E,REQ_C9046B3530D2,35,5050.0,v0.1
INS_0CCAC32CEE1E,REQ_CFEB6875C740,36,1850.0,v0.1
INS_0CCAC32CEE1E,REQ_775398FB7412,37,200.0,v0.1
INS_0CCAC32CEE1E,REQ_40C8B405C354,38,11500.0,v0.1
INS_0CCAC32CEE1E,REQ_38BF676922D9,39,500.0,v0.1
INS_67B087B6E522,REQ_69254C3F84BC,0,30000.0,v0.1
INS_67B087B6E522,REQ_FEE84138734E,1,15780.0,v0.1
INS_67B087B6E522,REQ_18E0E6FAF872,2,30000.0,v0.1
INS_67B087B6E522,REQ_32502C5D3E7A,3,30000.0,v0.1
INS_67B087B6E522,REQ_1DD18B941C28,4,2650.0,v0.1
INS_67B087B6E522,REQ_AC00736AEB2E,5,990.0,v0.1
INS_67B087B6E522,REQ_16A632F4AF52,6,700.0,v0.1
INS_67B087B6E522,REQ_A136EDE75881,7,310.0,v0.1
INS_67B087B6E522,REQ_703F611F9D17,8,640.0,v0.1
INS_67B087B6E522,REQ_6655D27DDB16,9,250.0,v0.1
INS_67B087B6E522,REQ_4A87B29F8C57,10,620.0,v0.1
INS_67B087B6E522,REQ_FB10D672628B,11,25770.0,v0.1
INS_67B087B6E522,REQ_9EABB9DE4354,12,30000.0,v0.1
INS_67B087B6E522,REQ_B6F4676C96D3,13,2530.0,v0.1
INS_67B087B6E522,REQ_5A5ABDF38F20,14,300.0,v0.1
INS_67B087B6E522,REQ_BC79FBEFD51C,15,30000.0,v0.1
INS_67B087B6E522,REQ_543E603E81C4,16,5270.0,v0.1
INS_67B087B6E522,REQ_68481FAA3D8C,17,1300.0,v0.1
INS_67B087B6E522,REQ_CE0963CC7195,18,5870.0,v0.1
INS_67B087B6E522,REQ_CB18AC6582DA,19,30000.0,v0.1
INS_67B087B6E522,REQ_939F63CF7EB6,20,11360.0,v0.1
INS_67B087B6E522,REQ_6703CCB24411,21,1500.0,v0.1
INS_67B087B6E522,REQ_234D1996E11D,22,9125.0,v0.1
INS_67B087B6E522,REQ_CDD0E5EA13C3,23,600.0,v0.1
INS_67B087B6E522,REQ_EF564539A0A4,24,1900.0,v0.1
INS_67B087B6E522,REQ_0F96CDBA6D9F,25,2280.0,v0.1
INS_67B087B6E522,REQ_EB6DC41CE86D,26,880.0000000000001,v0.1
INS_67B087B6E522,REQ_6530B92E5390,27,760.0,v0.1
INS_67B087B6E522,REQ_D136EC4FFDF8,28,28230.0,v0.1
INS_67B087B6E522,REQ_48BEA987F6DF,29,30000.0,v0.1
INS_67B087B6E522,REQ_35CB9B1D3E5F,30,9250.0,v0.1
INS_67B087B6E522,REQ_B420BB67B3AE,31,1550.0,v0.1
INS_67B087B6E522,REQ_60C98FDA9F68,32,30000.0,v0.1
INS_67B087B6E522,REQ_3F7479831E8B,33,6200.0,v0.1
INS_67B087B6E522,REQ_F697D58032D0,34,590.0,v0.1
INS_67B087B6E522,REQ_1B066E1EEF2F,35,800.0,v0.1
INS_67B087B6E522,REQ_A05C628031D1,36,1260.0,v0.1
INS_67B087B6E522,REQ_82FA89EAA5AE,37,310.0,v0.1
INS_67B087B6E522,REQ_89C16D0F1CFF,38,7090.0,v0.1
INS_67B087B6E522,REQ_27D3BE17FEC5,39,1639.9999999999998,v0.1
INS_67B087B6E522,REQ_5D101552B8B2,40,250.0,v0.1
INS_67B087B6E522,REQ_A5487CEDE0A1,41,2200.0,v0.1
INS_67B087B6E522,REQ_86BC52D1B816,42,1400.0,v0.1
INS_10CE82F15023,REQ_00D7C1B87093,0,12970.0,v0.1
INS_10CE82F15023,REQ_AC5FF48E0210,1,1150.0,v0.1
INS_10CE82F15023,REQ_AD2438756215,2,10150.0,v0.1
INS_10CE82F15023,REQ_5569D99CD14F,3,2400.0,v0.1
INS_10CE82F15023,REQ_39A6073105C9,4,990.0,v0.1
INS_10CE82F15023,REQ_5219E3B61110,5,200.0,v0.1
INS_10CE82F15023,REQ_19E763D00DCC,6,4810.0,v0.1
INS_10CE82F15023,REQ_378939E84F8D,7,16880.0,v0.1
INS_10CE82F15023,REQ_545C1617AE6A,8,9440.0,v0.1
INS_10CE82F15023,REQ_3AF5A4C836CB,9,1960.0,v0.1
INS_10CE82F15023,REQ_3B5886884DFB,10,17850.0,v0.1
INS_10CE82F15023,REQ_6B2EC0E82879,11,4200.0,v0.1
INS_10CE82F15023,REQ_3AF43DCF2BC8,12,9070.0,v0.1
INS_10CE82F15023,REQ_69E24789C32C,13,1320.0,v0.1
INS_16C582C67CD2,REQ_A63C6850422E,0,11490.0,v0.1
INS_16C582C67CD2,REQ_8CB3B716CE4D,1,640.0,v0.1
INS_16C582C67CD2,REQ_07464F6C5F64,2,26070.0,v0.1
INS_16C582C67CD2,REQ_D90E953F58DE,3,21620.0,v0.1
INS_16C582C67CD2,REQ_5894D59A9D4F,4,1140.0,v0.1
INS_16C582C67CD2,REQ_DF8051441D8C,5,7840.0,v0.1
INS_16C582C67CD2,REQ_8FDE6D2F2BFC,6,11870.0,v0.1
INS_16C582C67CD2,REQ_127EF96C5730,7,1450.0,v0.1
INS_16C582C67CD2,REQ_ED9745ADF2F1,8,30000.0,v0.1
INS_16C582C67CD2,REQ_6DA259A102DF,9,30000.0,v0.1
INS_16C582C67CD2,REQ_51F8B4F3E64E,10,950.0,v0.1
INS_16C582C67CD2,REQ_E66ACCFF6F45,11,420.0,v0.1
INS_16C582C67CD2,REQ_84FA4C7A6A1E,12,16239.999999999998,v0.1
INS_16C582C67CD2,REQ_B12F5F60EF7B,13,4890.0,v0.1
INS_16C582C67CD2,REQ_7BCA4B1DFBF3,14,260.0,v0.1
INS_16C582C67CD2,REQ_9E7ADAB1F330,15,950.0,v0.1
INS_16C582C67CD2,REQ_3754AD52B529,16,600.0,v0.1
INS_16C582C67CD2,REQ_6CC30A8E7B98,17,5810.0,v0.1
INS_16C582C67CD2,REQ_FA854B6A24BB,18,3080.0,v0.1
INS_16C582C67CD2,REQ_3DB2C510C809,19,1160.0,v0.1
INS_16C582C67CD2,REQ_AAA2D6C41AC0,20,1050.0,v0.1
INS_16C582C67CD2,REQ_254F6A0C0365,21,660.0,v0.1
INS_16C582C67CD2,REQ_27A683FC4113,22,10250.0,v0.1
INS_16C582C67CD2,REQ_46F8904A3400,23,30000.0,v0.1
INS_16C582C67CD2,REQ_0BCF0E53CBB4,24,690.0,v0.1
INS_16C582C67CD2,REQ_0A53575E71F8,25,13250.0,v0.1
INS_16C582C67CD2,REQ_DF4FEF42398B,26,30000.0,v0.1
INS_16C582C67CD2,REQ_70E07747DD68,27,850.0,v0.1
INS_16C582C67CD2,REQ_8C9026B823C7,28,1600.0,v0.1
INS_16C582C67CD2,REQ_14C487F7E586,29,3090.0,v0.1
INS_16C582C67CD2,REQ_F782FDAD0E9C,30,600.0,v0.1
INS_16C582C67CD2,REQ_DEF12EC898CB,31,1190.0,v0.1
INS_16C582C67CD2,REQ_2058432C8637,32,600.0,v0.1
INS_16C582C67CD2,REQ_8ACAEAF557AB,33,29120.0,v0.1
INS_16C582C67CD2,REQ_1CF44CB27553,34,30000.0,v0.1
INS_16C582C67CD2,REQ_869A3559575C,35,22870.0,v0.1
INS_16C582C67CD2,REQ_F73608E83318,36,550.0,v0.1
INS_16C582C67CD2,REQ_A26B6FEF822D,37,420.0,v0.1
INS_16C582C67CD2,REQ_0531993F9711,38,2850.0,v0.1
INS_16C582C67CD2,REQ_D775090ADE2A,39,1710.0000000000002,v0.1
INS_16C582C67CD2,REQ_53185E54B01B,40,22970.0,v0.1
INS_16C582C67CD2,REQ_1EC8B0A2739B,41,2950.0,v0.1
INS_16C582C67CD2,REQ_AE9281C4D3CD,42,660.0,v0.1
INS_16C582C67CD2,REQ_69FCD206347B,43,3110.0,v0.1
INS_16C582C67CD2,REQ_517346F11F66,44,810.0,v0.1
INS_16C582C67CD2,REQ_AB35B4C3BE39,45,570.0,v0.1
INS_16C582C67CD2,REQ_0044800C0104,46,30000.0,v0.1
INS_16C582C67CD2,REQ_603FE457AA6D,47,630.0,v0.1
INS_16C582C67CD2,REQ_3AF7E2CB7905,48,840.0,v0.1
INS_16C582C67CD2,REQ_6CC4A63481A3,49,1650.0,v0.1
INS_16C582C67CD2,REQ_54D7CAF7147D,50,10180.0,v0.1
INS_16C582C67CD2,REQ_D554903867AF,51,720.0,v0.1
INS_16C582C67CD2,REQ_EDC4DFAA84FC,52,1980.0,v0.1
INS_16C582C67CD2,REQ_81767D2A2E6F,53,300.0,v0.1
INS_16C582C67CD2,REQ_CA137B36DD9E,54,14860.0,v0.1
INS_16C582C67CD2,REQ_6DDB3B28B07E,55,10950.0,v0.1
INS_16C582C67CD2,REQ_02A4D2C95218,56,7009.999999999999,v0.1
INS_16C582C67CD2,REQ_1D5BEE9890EA,57,900.0,v0.1
INS_16C582C67CD2,REQ_C4FC4339523B,58,2660.0,v0.1
INS_16C582C67CD2,REQ_54C20D23768A,59,9000.0,v0.1
INS_FB9085A92677,REQ_CAFFBA9F3F97,0,14440.0,v0.1
INS_FB9085A92677,REQ_BAE27EAEC29B,1,2150.0,v0.1
INS_FB9085A92677,REQ_25FCA32763F5,2,30000.0,v0.1
INS_FB9085A92677,REQ_3168DE636FD0,3,25500.0,v0.1
INS_FB9085A92677,REQ_2D2060EB710C,4,15930.0,v0.1
INS_FB9085A92677,REQ_8CFFF9494335,5,1100.0,v0.1
INS_FB9085A92677,REQ_9996C632F0DB,6,18940.0,v0.1
INS_FB9085A92677,REQ_56F0D2E58964,7,1690.0,v0.1
INS_FB9085A92677,REQ_54A399306166,8,15760.0,v0.1
INS_FB9085A92677,REQ_3A0EAE16218A,9,5330.0,v0.1
INS_FB9085A92677,REQ_372BF2DC87F1,10,220.0,v0.1
INS_FB9085A92677,REQ_31051F9D5147,11,7590.0,v0.1
INS_FB9085A92677,REQ_FB6F53CC7461,12,26350.0,v0.1
INS_FB9085A92677,REQ_2CCDF194B4DF,13,140.0,v0.1
INS_FB9085A92677,REQ_36B1EF4EF7AD,14,30000.0,v0.1
INS_FB9085A92677,REQ_322DC5B84E72,15,30000.0,v0.1
INS_FB9085A92677,REQ_6B7CA34C65E0,16,9650.0,v0.1
INS_FB9085A92677,REQ_1B1BE46C9771,17,30000.0,v0.1
INS_FB9085A92677,REQ_443E20FC97F7,18,25770.0,v0.1
INS_FB9085A92677,REQ_91131B0E1717,19,30000.0,v0.1
INS_FB9085A92677,REQ_C612F0691FB0,20,680.0,v0.1
INS_FB9085A92677,REQ_26DA107DD369,21,13900.0,v0.1
INS_FB9085A92677,REQ_DFEB8E8F40AA,22,250.0,v0.1
INS_FB9085A92677,REQ_871A4E888BC0,23,23260.0,v0.1
INS_FB9085A92677,REQ_ED3FEF99F6DB,24,30000.0,v0.1
INS_FB9085A92677,REQ_2467C338C29D,25,28310.0,v0.1
INS_FB9085A92677,REQ_126D0FF6BD89,26,640.0,v0.1
INS_FB9085A92677,REQ_EAB54B2D5229,27,19260.0,v0.1
INS_89E1DA661FCD,REQ_C340211C49FC,0,11375.0,v0.1
INS_89E1DA661FCD,REQ_34ADD8F17438,1,11360.0,v0.1
INS_89E1DA661FCD,REQ_A1A935BA995A,2,670.0,v0.1
INS_89E1DA661FCD,REQ_8D7CEF4DC04E,3,420.0,v0.1
INS_89E1DA661FCD,REQ_6C837F2B3AEC,4,5860.0,v0.1
INS_89E1DA661FCD,REQ_6C07F7078969,5,8810.0,v0.1
INS_89E1DA661FCD,REQ_DB07A9253A9B,6,8390.0,v0.1
INS_89E1DA661FCD,REQ_DEC24B0D960D,7,1440.0,v0.1
INS_89E1DA661FCD,REQ_E92306C72C1C,8,22630.0,v0.1
INS_89E1DA661FCD,REQ_692F730F2A4A,9,1960.0000000000002,v0.1
INS_89E1DA661FCD,REQ_73FD88B097E8,10,100.0,v0.1
INS_89E1DA661FCD,REQ_101AD9448644,11,450.0,v0.1
INS_89E1DA661FCD,REQ_67FBBDF77EC2,12,10170.0,v0.1
INS_89E1DA661FCD,REQ_E36F223AE32C,13,1720.0,v0.1
INS_89E1DA661FCD,REQ_BE4ED3384901,14,3740.0,v0.1
INS_89E1DA661FCD,REQ_D731E2520C8C,15,1510.0,v0.1
INS_89E1DA661FCD,REQ_405CEF1420C4,16,210.0,v0.1
INS_89E1DA661FCD,REQ_A3DC5B548004,17,720.0,v0.1
INS_89E1DA661FCD,REQ_AE34CE90B49C,18,650.0,v0.1
INS_89E1DA661FCD,REQ_528B975CC58C,19,80.0,v0.1
INS_89E1DA661FCD,REQ_5955217E6990,20,3000.0,v0.1
INS_89E1DA661FCD,REQ_3806B0256E4E,21,4330.0,v0.1
INS_89E1DA661FCD,REQ_2393C035C2DD,22,7070.0,v0.1
INS_89E1DA661FCD,REQ_997559E4E8F6,23,1540.0,v0.1
INS_6427CF1A94C3,REQ_388C2966634B,0,520.0,v0.1
INS_6427CF1A94C3,REQ_E6889F7BEEF4,1,8020.0,v0.1
INS_6427CF1A94C3,REQ_C247A495EAED,2,10960.0,v0.1
INS_6427CF1A94C3,REQ_CC37ADA407A1,3,22410.0,v0.1
INS_6427CF1A94C3,REQ_4805E950C971,4,900.0,v0.1
INS_6427CF1A94C3,REQ_3B81821FE7E9,5,580.0,v0.1
INS_6427CF1A94C3,REQ_331B55D498DE,6,2480.0,v0.1
INS_6427CF1A94C3,REQ_35F3BBF11E5F,7,27270.0,v0.1
INS_6427CF1A94C3,REQ_15EA1EFED84D,8,1675.0,v0.1
INS_6427CF1A94C3,REQ_82E8150238B9,9,7760.0,v0.1
INS_6427CF1A94C3,REQ_4E1BA3955A6E,10,570.0,v0.1
INS_6427CF1A94C3,REQ_8AA601393664,11,660.0,v0.1
INS_6427CF1A94C3,REQ_4A6CFBBF62E2,12,8630.0,v0.1
INS_6427CF1A94C3,REQ_504C7832718D,13,12500.0,v0.1
INS_6427CF1A94C3,REQ_6306AFE0CBF0,14,1210.0,v0.1
INS_6427CF1A94C3,REQ_E84DD0D3CE59,15,7120.0,v0.1
INS_6427CF1A94C3,REQ_E138B3B9DF9B,16,2200.0,v0.1
INS_6427CF1A94C3,REQ_DFA68057AD63,17,2160.0,v0.1
INS_6427CF1A94C3,REQ_B072C9F9DFA4,18,1200.0,v0.1
INS_6427CF1A94C3,REQ_1969B98DB1CA,19,2600.0,v0.1
INS_6427CF1A94C3,REQ_C533A9FCF1E2,20,1450.0,v0.1
INS_6427CF1A94C3,REQ_B3AAC55CA6F6,21,1000.0,v0.1
INS_6427CF1A94C3,REQ_A4B0D42FAE93,22,1350.0,v0.1
INS_6427CF1A94C3,REQ_AC4AEEE3D128,23,640.0,v0.1
INS_6427CF1A94C3,REQ_96741BBCDE22,24,1100.0,v0.1
INS_6427CF1A94C3,REQ_1E4D8A81DB04,25,580.0,v0.1
INS_6427CF1A94C3,REQ_5F2BE19BBAD0,26,19300.0,v0.1
INS_6427CF1A94C3,REQ_ACA476CA2F41,27,30000.0,v0.1
INS_6427CF1A94C3,REQ_A6DDCE542077,28,980.0000000000001,v0.1
INS_25D0DC054C1A,REQ_C92CA53F2D4C,0,3360.0,v0.1
INS_25D0DC054C1A,REQ_87E8B029B5D0,1,500.0,v0.1
INS_25D0DC054C1A,REQ_DD2D7C303370,2,13060.0,v0.1
INS_25D0DC054C1A,REQ_B8C20EDBCBFE,3,2270.0,v0.1
INS_25D0DC054C1A,REQ_4C0D80552341,4,8270.0,v0.1
INS_25D0DC054C1A,REQ_39155F9DD493,5,810.0,v0.1
INS_25D0DC054C1A,REQ_FC8B33C05E68,6,1920.0,v0.1
INS_25D0DC054C1A,REQ_937866F34B8F,7,30650.0,v0.1
INS_25D0DC054C1A,REQ_AE6C43106D30,8,5200.0,v0.1
INS_25D0DC054C1A,REQ_1A8B8F1EEAD9,9,3200.0,v0.1
INS_25D0DC054C1A,REQ_17E4F5274947,10,13019.999999999998,v0.1
INS_25D0DC054C1A,REQ_3D0526F36130,11,790.0,v0.1
INS_25D0DC054C1A,REQ_7A1C55615227,12,11200.0,v0.1
INS_25D0DC054C1A,REQ_9A7D931C0697,13,250.0,v0.1
INS_25D0DC054C1A,REQ_839761F5AA32,14,1500.0,v0.1
INS_25D0DC054C1A,REQ_627FE1F80D77,15,13910.0,v0.1
INS_E1B340999EB4,REQ_807467DFD98B,0,2660.0,v0.1
INS_E1B340999EB4,REQ_9737CF93D4BD,1,900.0,v0.1
INS_E1B340999EB4,REQ_02C0E6C73973,2,200.0,v0.1
INS_E1B340999EB4,REQ_549D05C02C01,3,2650.0,v0.1
INS_E1B340999EB4,REQ_974EB1476603,4,390.0,v0.1
INS_E1B340999EB4,REQ_99FC8B948BBC,5,27500.0,v0.1
INS_E1B340999EB4,REQ_49CC59A3A1DA,6,13320.0,v0.1
INS_E1B340999EB4,REQ_3B9EB9C7ED9F,7,830.0000000000001,v0.1
INS_E1B340999EB4,REQ_4060C6E94141,8,1350.0,v0.1
INS_E1B340999EB4,REQ_E8B0B715C89C,9,7030.0,v0.1
INS_E1B340999EB4,REQ_41B617524AD7,10,2090.0,v0.1
INS_E1B340999EB4,REQ_1506F03D40B0,11,11060.0,v0.1
INS_E1B340999EB4,REQ_F3AB2042BE0D,12,1040.0,v0.1
INS_E1B340999EB4,REQ_462CFDA03F85,13,1150.0,v0.1
INS_732189BF462E,REQ_CF2F6087994E,0,7910.0,v0.1
INS_732189BF462E,REQ_69AF365D0940,1,3860.0,v0.1
INS_732189BF462E,REQ_98401D1FA462,2,1800.0,v0.1
INS_732189BF462E,REQ_951A0A1B5690,3,2350.0,v0.1
INS_732189BF462E,REQ_2FBFB2C57386,4,770.0,v0.1
INS_732189BF462E,REQ_0D1E3A6260F4,5,600.0,v0.1
INS_732189BF462E,REQ_0F27753A3802,6,30000.0,v0.1
INS_732189BF462E,REQ_E34FE875170F,7,500.0,v0.1
INS_732189BF462E,REQ_A50C6073AA98,8,3970.0000000000005,v0.1
INS_732189BF462E,REQ_E1465E6D5B0F,9,160.0,v0.1
INS_732189BF462E,REQ_6EA33C03E133,10,11530.0,v0.1
INS_732189BF462E,REQ_B2AA073BD018,11,850.0,v0.1
INS_732189BF462E,REQ_A3B9D5951F97,12,7980.0,v0.1
INS_732189BF462E,REQ_3A171A687380,13,1070.0,v0.1
INS_732189BF462E,REQ_5B61D734BF53,14,13410.0,v0.1
INS_732189BF462E,REQ_B4413A1F35BD,15,2990.0,v0.1
INS_4A1973240313,REQ_E31ED0B7D168,0,30000.0,v0.1
INS_4A1973240313,REQ_8DC528316C6A,1,730.0,v0.1
INS_4A1973240313,REQ_F4F8D10706B9,2,2550.0,v0.1
INS_4A1973240313,REQ_8057ECCD8F4D,3,7620.0,v0.1
INS_4A1973240313,REQ_2DE608A09823,4,1000.0,v0.1
INS_4A1973240313,REQ_D4176D6AA960,5,11460.0,v0.1
INS_4A1973240313,REQ_4C69523414E0,6,360.0,v0.1
INS_4A1973240313,REQ_90841A5B84FF,7,1030.0,v0.1
INS_4A1973240313,REQ_D57062EE3702,8,30000.0,v0.1
INS_4A1973240313,REQ_F7E8EF6C6B2E,9,450.0,v0.1
INS_4A1973240313,REQ_555C3B4C7B40,10,750.0,v0.1
INS_4A1973240313,REQ_2327CB89F571,11,730.0,v0.1
INS_4A1973240313,REQ_EB78488B4D0C,12,1450.0,v0.1
INS_4A1973240313,REQ_A1F0A335C16F,13,250.0,v0.1
INS_4A1973240313,REQ_8244835C9746,14,12280.0,v0.1
INS_4A1973240313,REQ_F8C9B0E45890,15,22900.0,v0.1
INS_4A1973240313,REQ_547F0B03C863,16,560.0,v0.1
INS_4A1973240313,REQ_524EBDB31180,17,21070.0,v0.1
INS_4A1973240313,REQ_E67CF03A7318,18,1620.0,v0.1
INS_4A1973240313,REQ_B80255C7A99A,19,30000.0,v0.1
INS_4A1973240313,REQ_BF759825DF46,20,300.0,v0.1
INS_4A1973240313,REQ_ED5E9F5D5D93,21,450.0,v0.1
INS_4A1973240313,REQ_1142802A5EBA,22,890.0,v0.1
INS_58CA01031B38,REQ_E9D31F2201F6,0,960.0,v0.1
INS_58CA01031B38,REQ_BA2E1B45EBD8,1,9180.0,v0.1
INS_58CA01031B38,REQ_7C8B8D0C4A82,2,30000.0,v0.1
INS_58CA01031B38,REQ_5405D7E1E113,3,8070.0,v0.1
INS_58CA01031B38,REQ_9007659B235B,4,1100.0,v0.1
INS_58CA01031B38,REQ_211F8A089745,5,30000.0,v0.1
INS_58CA01031B38,REQ_EB1BB41A6CD1,6,240.0,v0.1
INS_58CA01031B38,REQ_C520E23274CB,7,8790.0,v0.1
INS_58CA01031B38,REQ_6169BD6EB06A,8,350.0,v0.1
INS_58CA01031B38,REQ_D06268E8699C,9,30000.0,v0.1
INS_58CA01031B38,REQ_FF73EB3B22C9,10,500.0,v0.1
INS_58CA01031B38,REQ_1E93D5D91B35,11,320.0,v0.1
INS_58CA01031B38,REQ_32765CBE342D,12,170.0,v0.1
INS_58CA01031B38,REQ_5B95A6F42BC3,13,250.0,v0.1
INS_58CA01031B38,REQ_A5D734A5866E,14,30000.0,v0.1
INS_58CA01031B38,REQ_B63AEC9250C9,15,5960.0,v0.1
INS_58CA01031B38,REQ_28F0401A8950,16,100.0,v0.1
INS_58CA01031B38,REQ_DE35542B3BAE,17,2650.0,v0.1
INS_58CA01031B38,REQ_8EB471006FE2,18,16740.0,v0.1
INS_58CA01031B38,REQ_611C1D2F437A,19,4530.0,v0.1
INS_58CA01031B38,REQ_FA2C0715618B,20,5050.0,v0.1
INS_58CA01031B38,REQ_DD4C08300B76,21,450.0,v0.1
INS_58CA01031B38,REQ_B68D7C07104C,22,30000.0,v0.1
INS_58CA01031B38,REQ_9C3C46242629,23,11250.0,v0.1
INS_58CA01031B38,REQ_B5A951A1FE6C,24,100.0,v0.1
INS_58CA01031B38,REQ_FE99E438F008,25,1150.0,v0.1
INS_58CA01031B38,REQ_8BB3D08F1FE6,26,170.0,v0.1
INS_58CA01031B38,REQ_D3B44B6F0094,27,9810.0,v0.1
INS_58CA01031B38,REQ_994DBE608335,28,30000.0,v0.1
INS_58CA01031B38,REQ_FC2D6C2CB09E,29,5320.0,v0.1
INS_58CA01031B38,REQ_307F4241C0E1,30,30000.0,v0.1
INS_58CA01031B38,REQ_109EE3E05E22,31,3900.0,v0.1
INS_58CA01031B38,REQ_E87671AA28E6,32,15930.0,v0.1
INS_58CA01031B38,REQ_99C0C69FFE19,33,4070.0000000000005,v0.1
INS_58CA01031B38,REQ_D4E744C89216,34,10210.0,v0.1
INS_58CA01031B38,REQ_81EB3632BDC9,35,110.00000000000001,v0.1
INS_58CA01031B38,REQ_2E52CDCC7C47,36,1490.0,v0.1
INS_58CA01031B38,REQ_6A8E47878158,37,3840.0,v0.1
INS_58CA01031B38,REQ_7B8DD973CF8A,38,160.0,v0.1
INS_58CA01031B38,REQ_5EB4E5BFED9D,39,1100.0,v0.1
INS_58CA01031B38,REQ_EE7050A92967,40,1010.0,v0.1
INS_58CA01031B38,REQ_68AFB27DFB01,41,80.0,v0.1
INS_58CA01031B38,REQ_E0172E43265D,42,3830.0,v0.1
INS_58CA01031B38,REQ_334BEB215856,43,2840.0,v0.1
INS_58CA01031B38,REQ_8248875814B0,44,2920.0,v0.1
INS_58CA01031B38,REQ_6506EB8AA095,45,5700.0,v0.1
INS_58CA01031B38,REQ_594708F3B24A,46,1500.0,v0.1
INS_58CA01031B38,REQ_B39EB2C0F634,47,1940.0,v0.1
INS_58CA01031B38,REQ_E835FA2F7A38,48,300.0,v0.1
INS_58CA01031B38,REQ_3479B12D31B3,49,1500.0,v0.1
INS_58CA01031B38,REQ_D79A1AD2C8F4,50,850.0,v0.1
INS_58CA01031B38,REQ_57D6B5E7B783,51,3310.0,v0.1
INS_58CA01031B38,REQ_3609B3D48979,52,500.0,v0.1
INS_58CA01031B38,REQ_727AC96C1024,53,1670.0,v0.1
INS_58CA01031B38,REQ_1C525B544F65,54,5750.0,v0.1
INS_58CA01031B38,REQ_DC6183A772D6,55,100.0,v0.1
INS_58CA01031B38,REQ_CB6933FECE79,56,600.0,v0.1
INS_58CA01031B38,REQ_1E64FD16C4AB,57,30000.0,v0.1
INS_EFAC791D9939,REQ_CDBF7DF2F89E,0,820.0,v0.1
INS_EFAC791D9939,REQ_B62D07E33687,1,750.0,v0.1
INS_EFAC791D9939,REQ_A7FA9F0EAF7C,2,630.0,v0.1
INS_EFAC791D9939,REQ_BADA8DE13865,3,20670.0,v0.1
INS_EFAC791D9939,REQ_FDBE7FE2A030,4,16070.0,v0.1
INS_EFAC791D9939,REQ_C3E446FA0E07,5,30000.0,v0.1
INS_EFAC791D9939,REQ_C01A4CADDF53,6,2000.0,v0.1
INS_EFAC791D9939,REQ_BEA66E316F02,7,6060.0,v0.1
INS_EFAC791D9939,REQ_CB7D1A64A1D0,8,30000.0,v0.1
INS_EFAC791D9939,REQ_A922C60B56A4,9,30000.0,v0.1
INS_EFAC791D9939,REQ_805EA5FEED5F,10,2410.0,v0.1
INS_EFAC791D9939,REQ_D5C8E9346E39,11,30000.0,v0.1
INS_EFAC791D9939,REQ_4B262B8B1B19,12,750.0,v0.1
INS_EFAC791D9939,REQ_CA78BA838027,13,500.0,v0.1
INS_EFAC791D9939,REQ_93ED83801C15,14,16650.0,v0.1
INS_EFAC791D9939,REQ_D7EE0D8F0A0B,15,13510.0,v0.1
INS_127B22A0E0EE,REQ_5644CF490884,0,30000.0,v0.1
INS_127B22A0E0EE,REQ_CB6933FECE79,1,600.0,v0.1
INS_127B22A0E0EE,REQ_60D4CD83426D,2,2910.0,v0.1
INS_127B22A0E0EE,REQ_FA2C0715618B,3,5050.0,v0.1
INS_127B22A0E0EE,REQ_5B95A6F42BC3,4,250.0,v0.1
INS_127B22A0E0EE,REQ_A91ED6995910,5,20790.0,v0.1
INS_127B22A0E0EE,REQ_3479B12D31B3,6,1500.0,v0.1
INS_127B22A0E0EE,REQ_E87671AA28E6,7,15930.0,v0.1
INS_127B22A0E0EE,REQ_E5EB8319AC45,8,1650.0,v0.1
INS_127B22A0E0EE,REQ_243B746878E3,9,30000.0,v0.1
INS_127B22A0E0EE,REQ_C113754B07A0,10,200.0,v0.1
INS_127B22A0E0EE,REQ_6169BD6EB06A,11,350.0,v0.1
INS_127B22A0E0EE,REQ_0A9258223E35,12,80.0,v0.1
INS_127B22A0E0EE,REQ_0862D132C1F2,13,490.00000000000006,v0.1
INS_127B22A0E0EE,REQ_B8A82A32F893,14,5460.0,v0.1
INS_127B22A0E0EE,REQ_38E5C502CE8F,15,10180.0,v0.1
INS_127B22A0E0EE,REQ_E5CDFFBE6A07,16,1700.0,v0.1
INS_127B22A0E0EE,REQ_C26B36F8B907,17,160.0,v0.1
INS_127B22A0E0EE,REQ_EDC4F229C2F8,18,5230.0,v0.1
INS_127B22A0E0EE,REQ_796E42F3CA1E,19,1620.0,v0.1
INS_127B22A0E0EE,REQ_A421F926F441,20,4680.0,v0.1
INS_127B22A0E0EE,REQ_C5874835CDD2,21,2840.0,v0.1
INS_127B22A0E0EE,REQ_5C69C893AA15,22,150.0,v0.1
INS_127B22A0E0EE,REQ_E45AC991A9CC,23,30000.0,v0.1
INS_127B22A0E0EE,REQ_CFB5B2E7C55F,24,1090.0,v0.1
INS_127B22A0E0EE,REQ_53772352E4A7,25,330.0,v0.1
INS_127B22A0E0EE,REQ_4BC7F7154F12,26,1540.0,v0.1
INS_127B22A0E0EE,REQ_7F8A7EBED40C,27,24580.0,v0.1
INS_127B22A0E0EE,REQ_D4E744C89216,28,10210.0,v0.1
INS_78A1A1C89E7C,REQ_B7C2F36D754D,0,250.0,v0.1
INS_78A1A1C89E7C,REQ_5366AD7EA89D,1,250.0,v0.1
INS_78A1A1C89E7C,REQ_E475DD909131,2,260.0,v0.1
INS_78A1A1C89E7C,REQ_8616D1DFCF12,3,2070.0,v0.1
INS_78A1A1C89E7C,REQ_5455FE6BCC81,4,480.0,v0.1
INS_78A1A1C89E7C,REQ_20D47B017E6C,5,30000.0,v0.1
INS_78A1A1C89E7C,REQ_54A399306166,6,15760.0,v0.1
INS_78A1A1C89E7C,REQ_44D8764223AA,7,30000.0,v0.1
INS_78A1A1C89E7C,REQ_56F0D2E58964,8,1690.0,v0.1
INS_78A1A1C89E7C,REQ_3168DE636FD0,9,25500.0,v0.1
INS_78A1A1C89E7C,REQ_87F60BA022C4,10,280.0,v0.1
INS_78A1A1C89E7C,REQ_78E5CC497448,11,250.0,v0.1
INS_78A1A1C89E7C,REQ_FAF03AA03B30,12,100.0,v0.1
INS_78A1A1C89E7C,REQ_1B1BE46C9771,13,30000.0,v0.1
INS_78A1A1C89E7C,REQ_36B1EF4EF7AD,14,30000.0,v0.1
INS_78A1A1C89E7C,REQ_0C8AD2C458A4,15,30000.0,v0.1
INS_78A1A1C89E7C,REQ_96F0B1E40C1E,16,16760.0,v0.1
INS_78A1A1C89E7C,REQ_C5E285534B5F,17,1160.0,v0.1
INS_78A1A1C89E7C,REQ_3FD42D7D0B4B,18,19180.0,v0.1
INS_78A1A1C89E7C,REQ_1822E21DD462,19,400.0,v0.1
INS_78A1A1C89E7C,REQ_DFFC9D55F101,20,27180.0,v0.1
INS_0EF86E312EDF,REQ_AE6417C3CF5C,0,26720.0,v0.1
INS_0EF86E312EDF,REQ_8CDE56831747,1,1800.0,v0.1
INS_0EF86E312EDF,REQ_911747EB6570,2,400.0,v0.1
INS_0EF86E312EDF,REQ_AFB3C34904FF,3,1800.0,v0.1
INS_0EF86E312EDF,REQ_1263B2FF2246,4,23560.0,v0.1
INS_0EF86E312EDF,REQ_E65C2BFED784,5,7610.0,v0.1
INS_0EF86E312EDF,REQ_7BD1AAE7A5F5,6,30000.0,v0.1
INS_0EF86E312EDF,REQ_BB6DE49315D2,7,30000.0,v0.1
INS_0EF86E312EDF,REQ_3FC60AB9282E,8,25190.0,v0.1
INS_0EF86E312EDF,REQ_68C6F02A58A3,9,1370.0,v0.1
INS_0EF86E312EDF,REQ_52EF633A98E9,10,110.00000000000001,v0.1
INS_0EF86E312EDF,REQ_F207C2DD28BA,11,4550.0,v0.1
INS_D14B939E6893,REQ_0960EE089F98,0,6350.0,v0.1
INS_D14B939E6893,REQ_96DF8DEE6FB4,1,8750.0,v0.1
INS_D14B939E6893,REQ_9D8035B8CAFA,2,12400.0,v0.1
INS_D14B939E6893,REQ_5ACFE1D3C0A1,3,16239.999999999998,v0.1
INS_D14B939E6893,REQ_B42DE0D244D3,4,550.0,v0.1
INS_D14B939E6893,REQ_B11BC4A88E6C,5,1750.0,v0.1
INS_D14B939E6893,REQ_CE9F8D2B6A69,6,8280.0,v0.1
INS_D14B939E6893,REQ_80A9E7D8379C,7,1060.0,v0.1
INS_D14B939E6893,REQ_5726615C6FA0,8,1190.0,v0.1
INS_D14B939E6893,REQ_C297D82226B5,9,350.0,v0.1
INS_D14B939E6893,REQ_423BD2C326C3,10,6110.0,v0.1
INS_D14B939E6893,REQ_7465C62DC3B8,11,470.0,v0.1
INS_D14B939E6893,REQ_C426E6DE048D,12,22380.0,v0.1
INS_D14B939E6893,REQ_5F02E7C71E80,13,5940.0,v0.1
INS_D14B939E6893,REQ_C63CCFC2D1E4,14,22650.0,v0.1
INS_D14B939E6893,REQ_9FA4ADA8C10F,15,1140.0,v0.1
INS_D14B939E6893,REQ_BC57496DD654,16,3390.0,v0.1
INS_D14B939E6893,REQ_9A3F60AE3442,17,440.00000000000006,v0.1
INS_D14B939E6893,REQ_32494292D373,18,450.0,v0.1
INS_D14B939E6893,REQ_F937FFFEAECA,19,26230.0,v0.1
INS_D14B939E6893,REQ_365B4844F6EE,20,11560.0,v0.1
INS_D14B939E6893,REQ_71D19C8CC09B,21,20290.0,v0.1
INS_D14B939E6893,REQ_F6A27E778FCF,22,12770.0,v0.1
INS_D14B939E6893,REQ_31DFF5EE531B,23,4550.0,v0.1
INS_1DE6A32B0E33,REQ_058AB67159C6,0,30000.0,v0.1
INS_1DE6A32B0E33,REQ_E74EE37E0E0B,1,13730.0,v0.1
INS_1DE6A32B0E33,REQ_456881F0BC67,2,30000.0,v0.1
INS_1DE6A32B0E33,REQ_290207E6E90E,3,20590.0,v0.1
INS_1DE6A32B0E33,REQ_EBCCFA1E6A7F,4,17640.0,v0.1
INS_1DE6A32B0E33,REQ_B7AFBFEAA524,5,25850.0,v0.1
INS_1DE6A32B0E33,REQ_F79786BE1AE9,6,30000.0,v0.1
INS_1DE6A32B0E33,REQ_7601CFF91624,7,30000.0,v0.1
INS_1DE6A32B0E33,REQ_90A4E616152A,8,27730.0,v0.1
INS_1DE6A32B0E33,REQ_A3B267051658,9,22480.0,v0.1
INS_1DE6A32B0E33,REQ_9EF709420473,10,21920.0,v0.1
INS_1DE6A32B0E33,REQ_8495F52429CF,11,30000.0,v0.1
INS_1DE6A32B0E33,REQ_7316E36FB9C5,12,12310.0,v0.1
INS_1DE6A32B0E33,REQ_5CB3314F49C3,13,30000.0,v0.1
INS_1DE6A32B0E33,REQ_44AC8A2E9FF7,14,19500.0,v0.1
INS_A2264FA739A3,REQ_B5CBDBD319CB,0,680.0,v0.1
INS_A2264FA739A3,REQ_3CB338AC40F1,1,1839.9999999999998,v0.1
INS_A2264FA739A3,REQ_788816E63695,2,28280.0,v0.1
INS_A2264FA739A3,REQ_D04713B78A8F,3,520.0,v0.1
INS_A2264FA739A3,REQ_3FC72B8D263D,4,770.0,v0.1
INS_A2264FA739A3,REQ_02A9EC5E2229,5,30000.0,v0.1
INS_A2264FA739A3,REQ_C565E5872B1B,6,1470.0,v0.1
INS_A2264FA739A3,REQ_BDE5534B8D8E,7,1700.0,v0.1
INS_A2264FA739A3,REQ_33C78EF09DDC,8,180.0,v0.1
INS_A2264FA739A3,REQ_1828AA87B289,9,9575.0,v0.1
INS_A2264FA739A3,REQ_1DAEDBCD140C,10,340.0,v0.1
INS_B7F1E5D2769A,REQ_A2E878752202,0,459.99999999999994,v0.1
INS_B7F1E5D2769A,REQ_6DB96277A703,1,140.0,v0.1
INS_B7F1E5D2769A,REQ_D9226948CEE3,2,300.0,v0.1
INS_B7F1E5D2769A,REQ_32ECE947C2BB,3,31400.0,v0.1
INS_B7F1E5D2769A,REQ_CFC1BCB81EEC,4,290.0,v0.1
INS_B7F1E5D2769A,REQ_3CADB1F5F626,5,2040.0,v0.1
INS_B7F1E5D2769A,REQ_294313D19B07,6,90.0,v0.1
INS_B7F1E5D2769A,REQ_FB17C6E89C82,7,11300.0,v0.1
INS_B7F1E5D2769A,REQ_1C3EFA426897,8,3810.0,v0.1
INS_B7F1E5D2769A,REQ_C5FA5DE356E7,9,6880.0,v0.1
INS_B7F1E5D2769A,REQ_A23E47A1C578,10,30000.0,v0.1
INS_B7F1E5D2769A,REQ_C165449042E8,11,3160.0,v0.1
INS_B7F1E5D2769A,REQ_826626C57AA2,12,120.0,v0.1
INS_B7F1E5D2769A,REQ_CDA4AF8B67A7,13,11120.0,v0.1
INS_B7F1E5D2769A,REQ_E938686ABE45,14,100.0,v0.1
INS_B7F1E5D2769A,REQ_24AFF1E43186,15,4970.0,v0.1
INS_8F14F1BC33D1,REQ_763237809F23,0,110.00000000000001,v0.1
INS_8F14F1BC33D1,REQ_46E66B65360D,1,6260.0,v0.1
INS_8F14F1BC33D1,REQ_B884585FAAF2,2,920.0,v0.1
INS_8F14F1BC33D1,REQ_A6EF7BBACC8D,3,390.0,v0.1
INS_8F14F1BC33D1,REQ_004AF15E60E3,4,30000.0,v0.1
INS_8F14F1BC33D1,REQ_B41EFB2C648C,5,1340.0,v0.1
INS_8F14F1BC33D1,REQ_660085B27A60,6,30000.0,v0.1
INS_8F14F1BC33D1,REQ_B69A36A3369E,7,720.0,v0.1
INS_3887270B3C57,REQ_C8FBC4785A12,0,1650.0,v0.1
INS_3887270B3C57,REQ_022D8822B745,1,23040.0,v0.1
INS_3887270B3C57,REQ_533ABE620140,2,6900.0,v0.1
INS_3887270B3C57,REQ_1C35E1C9A44C,3,13340.0,v0.1
INS_3887270B3C57,REQ_0938FD678692,4,1900.0,v0.1
INS_3887270B3C57,REQ_A0540CDA396A,5,30000.0,v0.1
INS_3887270B3C57,REQ_05C32001BF65,6,1650.0,v0.1
INS_3887270B3C57,REQ_725DD96063D7,7,5150.0,v0.1
INS_3887270B3C57,REQ_4FA89AAA766D,8,1150.0,v0.1
INS_3887270B3C57,REQ_AE7CC8B2100A,9,30000.0,v0.1
INS_3887270B3C57,REQ_9AC09D9C02CC,10,1280.0,v0.1
INS_3887270B3C57,REQ_CE08909F6F0A,11,220.0,v0.1
INS_C412874891F8,REQ_71D19C8CC09B,0,20290.0,v0.1
INS_C412874891F8,REQ_31BCEF52F8DC,1,940.0,v0.1
INS_C412874891F8,REQ_5ACFE1D3C0A1,2,16239.999999999998,v0.1
INS_C412874891F8,REQ_1B1BDB44C1EE,3,19920.0,v0.1
INS_C412874891F8,REQ_197639F69E82,4,300.0,v0.1
INS_C412874891F8,REQ_8DC0C2ACA068,5,26400.0,v0.1
INS_C412874891F8,REQ_0F5C2CFA903B,6,910.0,v0.1
INS_C412874891F8,REQ_CABAA1C0F17D,7,930.0000000000001,v0.1
INS_C412874891F8,REQ_EE722157CDA3,8,800.0,v0.1
INS_C412874891F8,REQ_ACDC1372BE98,9,20090.0,v0.1
INS_C412874891F8,REQ_F27FB82EA937,10,2340.0,v0.1
INS_C412874891F8,REQ_E486DC7A5ACE,11,6900.0,v0.1
INS_C412874891F8,REQ_308428F47585,12,1370.0,v0.1
INS_C412874891F8,REQ_EC735DEE3C25,13,11020.0,v0.1
INS_C412874891F8,REQ_6292BF8F523E,14,200.0,v0.1
INS_C412874891F8,REQ_E21EED4BD3EB,15,30000.0,v0.1
INS_C412874891F8,REQ_EC17E3B44FE5,16,10310.0,v0.1
INS_5D62E481CEE7,REQ_B65209DD6FB1,0,30000.0,v0.1
INS_5D62E481CEE7,REQ_A095E3AC1D21,1,30000.0,v0.1
INS_5D62E481CEE7,REQ_BC3AE572C21A,2,30000.0,v0.1
INS_5D62E481CEE7,REQ_3D137029DB76,3,30000.0,v0.1
INS_5D62E481CEE7,REQ_18D05FE184DB,4,30000.0,v0.1
INS_5D62E481CEE7,REQ_B2B151895B58,5,30000.0,v0.1
INS_5D62E481CEE7,REQ_A683694C8366,6,30000.0,v0.1
INS_5D62E481CEE7,REQ_24B4F438D94F,7,30000.0,v0.1
INS_841613452DD5,REQ_4041DFE5D75E,0,1320.0,v0.1
INS_841613452DD5,REQ_16E8A998F0ED,1,2120.0,v0.1
INS_841613452DD5,REQ_9AC9366C96AA,2,3350.0,v0.1
INS_841613452DD5,REQ_7F5420A085DF,3,3940.0,v0.1
INS_841613452DD5,REQ_13E5D21FC8D6,4,30000.0,v0.1
INS_841613452DD5,REQ_C7827761339D,5,1480.0,v0.1
INS_841613452DD5,REQ_44278E18D819,6,30000.0,v0.1
INS_841613452DD5,REQ_1A11C44D63F3,7,3370.0000000000005,v0.1
INS_841613452DD5,REQ_F050129F2E73,8,4070.0000000000005,v0.1
INS_841613452DD5,REQ_C7148DBC33B5,9,510.0,v0.1
INS_841613452DD5,REQ_6913ABEE39CA,10,1130.0,v0.1
INS_841613452DD5,REQ_199FA17E92F9,11,30000.0,v0.1
INS_841613452DD5,REQ_A433E96AC278,12,23410.0,v0.1
INS_841613452DD5,REQ_416116A2931E,13,3200.0,v0.1
INS_C9975FFCCEED,REQ_B42DB3E79FC1,0,22870.0,v0.1
INS_C9975FFCCEED,REQ_C88233F55DBD,1,3350.0,v0.1
INS_C9975FFCCEED,REQ_99E4B4A4DBE5,2,4940.0,v0.1
INS_C9975FFCCEED,REQ_E7AAA68503E8,3,21800.0,v0.1
INS_C9975FFCCEED,REQ_E62B25A2D725,4,1300.0,v0.1
INS_C9975FFCCEED,REQ_B4D9AE220F50,5,22750.0,v0.1
INS_C9975FFCCEED,REQ_625B33BF8112,6,10530.0,v0.1
INS_C9975FFCCEED,REQ_9B0054DC0B34,7,2740.0,v0.1
INS_C9975FFCCEED,REQ_884E6279848C,8,19400.0,v0.1
INS_D9558DBC8A3F,REQ_3B4C2639B85C,0,4470.0,v0.1
INS_D9558DBC8A3F,REQ_D481B8A6DFCC,1,11110.0,v0.1
INS_D9558DBC8A3F,REQ_2B20434936C0,2,7900.0,v0.1
INS_D9558DBC8A3F,REQ_6A98519E953E,3,100.0,v0.1
INS_D9558DBC8A3F,REQ_370B2BD60B11,4,1060.0,v0.1
INS_D9558DBC8A3F,REQ_0DAEC81252E1,5,28850.0,v0.1
INS_D9558DBC8A3F,REQ_FD3EFE62D3F6,6,1340.0,v0.1
INS_D9558DBC8A3F,REQ_29176F9FE197,7,1670.0,v0.1
INS_D9558DBC8A3F,REQ_94E9E0E9E1AD,8,5380.0,v0.1
INS_D9558DBC8A3F,REQ_6843798E5FEA,9,30000.0,v0.1
INS_D9558DBC8A3F,REQ_564DBA2EDD99,10,330.0,v0.1
INS_D9558DBC8A3F,REQ_8C432C5794D7,11,3090.0,v0.1
INS_D9558DBC8A3F,REQ_E92A707D6E71,12,10250.0,v0.1
INS_D9558DBC8A3F,REQ_DFE473C054B5,13,3679.9999999999995,v0.1
INS_D9558DBC8A3F,REQ_DEBD4D758FFA,14,3370.0000000000005,v0.1
INS_D9558DBC8A3F,REQ_BAB458354888,15,5410.0,v0.1
INS_D9558DBC8A3F,REQ_A9EFBD9AE65D,16,11670.0,v0.1
INS_D9558DBC8A3F,REQ_2334A41215B8,17,8820.0,v0.1
INS_D9558DBC8A3F,REQ_8A3607DE068E,18,3250.0,v0.1
INS_D9558DBC8A3F,REQ_07095C95A29E,19,110.00000000000001,v0.1
INS_D9558DBC8A3F,REQ_16021E5E0D24,20,4250.0,v0.1
INS_9652055A00D8,REQ_D294DDCBDDDD,0,6460.0,v0.1
INS_9652055A00D8,REQ_D5C7F39CF355,1,1360.0,v0.1
INS_9652055A00D8,REQ_F04FB137F76F,2,21060.0,v0.1
INS_9652055A00D8,REQ_90B83873CF20,3,12170.0,v0.1
INS_9652055A00D8,REQ_BDA90FA77A82,4,30000.0,v0.1
INS_9652055A00D8,REQ_692B2E05ECB6,5,980.0000000000001,v0.1
INS_9652055A00D8,REQ_0C500BEF5D0F,6,390.0,v0.1
INS_9652055A00D8,REQ_DF7CD00356CD,7,12700.0,v0.1
INS_9652055A00D8,REQ_A9285A4D8E27,8,2270.0,v0.1
INS_9652055A00D8,REQ_132F180F90D1,9,480.0,v0.1
INS_9652055A00D8,REQ_A457A9474744,10,260.0,v0.1
INS_D03DFA7AAD19,REQ_0DBD69D07F48,0,15070.0,v0.1
INS_D03DFA7AAD19,REQ_B82F77813B27,1,10700.0,v0.1
INS_D03DFA7AAD19,REQ_35CBCAD7AD96,2,7280.0,v0.1
INS_D03DFA7AAD19,REQ_FC6B8592406A,3,8100.0,v0.1
INS_D03DFA7AAD19,REQ_2E9A2F6F7E3E,4,200.0,v0.1
INS_D03DFA7AAD19,REQ_831FFC27B6B2,5,30000.0,v0.1
INS_D03DFA7AAD19,REQ_6B74524AA38D,6,1720.0,v0.1
INS_D03DFA7AAD19,REQ_446BC5C41E84,7,1530.0,v0.1
INS_D03DFA7AAD19,REQ_68B0A57F5053,8,100.0,v0.1
INS_D03DFA7AAD19,REQ_C62CE9C7FFE2,9,30000.0,v0.1
INS_D03DFA7AAD19,REQ_18E7FB064EE0,10,770.0,v0.1
INS_D03DFA7AAD19,REQ_F4342AD7F70D,11,6300.0,v0.1
INS_D03DFA7AAD19,REQ_09C6EE095614,12,30000.0,v0.1
INS_D03DFA7AAD19,REQ_93EE2BE9A4F7,13,4300.0,v0.1
INS_33F951C02EF6,REQ_D003600F9533,0,6060.0,v0.1
INS_33F951C02EF6,REQ_4BAD607AD507,1,1360.0,v0.1
INS_33F951C02EF6,REQ_842AFBA5847D,2,29210.0,v0.1
INS_33F951C02EF6,REQ_7622A4DA0B3E,3,1989.9999999999998,v0.1
INS_33F951C02EF6,REQ_82E8150238B9,4,7760.0,v0.1
INS_33F951C02EF6,REQ_5F2BE19BBAD0,5,19300.0,v0.1
INS_33F951C02EF6,REQ_96741BBCDE22,6,1100.0,v0.1
INS_33F951C02EF6,REQ_14FDBAB1C92E,7,850.0,v0.1
INS_33F951C02EF6,REQ_142B4442F06A,8,1430.0,v0.1
INS_33F951C02EF6,REQ_BCA400C3C70C,9,3150.0,v0.1
INS_33F951C02EF6,REQ_5E33A30BD039,10,4060.0,v0.1
INS_617F9CB3EDE9,REQ_7167E20702FA,0,1700.0,v0.1
INS_617F9CB3EDE9,REQ_9007659B235B,1,1100.0,v0.1
INS_617F9CB3EDE9,REQ_FA2C0715618B,2,5050.0,v0.1
INS_617F9CB3EDE9,REQ_7BE7B7B0247E,3,30000.0,v0.1
INS_617F9CB3EDE9,REQ_334BEB215856,4,2840.0,v0.1
INS_617F9CB3EDE9,REQ_C8795C957DDE,5,3660.0,v0.1
INS_617F9CB3EDE9,REQ_065C274CF952,6,7620.0,v0.1
INS_617F9CB3EDE9,REQ_B5A951A1FE6C,7,100.0,v0.1
INS_617F9CB3EDE9,REQ_611C1D2F437A,8,4530.0,v0.1
INS_617F9CB3EDE9,REQ_FC3FB95E53F1,9,19900.0,v0.1
INS_617F9CB3EDE9,REQ_1E2101AD981D,10,3900.0,v0.1
INS_617F9CB3EDE9,REQ_5405D7E1E113,11,8070.0,v0.1
INS_617F9CB3EDE9,REQ_CFB5B2E7C55F,12,1090.0,v0.1
INS_617F9CB3EDE9,REQ_DD4C08300B76,13,450.0,v0.1
INS_617F9CB3EDE9,REQ_E5CE1488C2A1,14,30000.0,v0.1
INS_617F9CB3EDE9,REQ_5236D55C6579,15,1630.0,v0.1
INS_617F9CB3EDE9,REQ_9B5B52573EC3,16,570.0,v0.1
INS_617F9CB3EDE9,REQ_EE7050A92967,17,1010.0,v0.1
INS_617F9CB3EDE9,REQ_6AAA820BFD7F,18,1910.0000000000002,v0.1
INS_617F9CB3EDE9,REQ_D41201FEE239,19,360.0,v0.1
INS_04CEA5268F80,REQ_C7DB60E1F9B8,0,7600.0,v0.1
INS_04CEA5268F80,REQ_3B7C82B16C9C,1,30000.0,v0.1
INS_04CEA5268F80,REQ_55007D3FC21D,2,11510.0,v0.1
INS_04CEA5268F80,REQ_90A332BCDAEA,3,29730.0,v0.1
INS_04CEA5268F80,REQ_65DF54A1B3BC,4,10800.0,v0.1
INS_04CEA5268F80,REQ_2F6188CF8CDF,5,14150.0,v0.1
INS_04CEA5268F80,REQ_BC3B797480C3,6,11680.0,v0.1
INS_04CEA5268F80,REQ_09769CB00BEB,7,960.0,v0.1
INS_04CEA5268F80,REQ_F04FB137F76F,8,21060.0,v0.1
INS_04CEA5268F80,REQ_1E8033A3979D,9,30000.0,v0.1
INS_04CEA5268F80,REQ_E845E3F29E27,10,7580.0,v0.1
INS_04CEA5268F80,REQ_CF16BCBC7153,11,2280.0,v0.1
INS_04CEA5268F80,REQ_28C9A8141C4D,12,300.0,v0.1
INS_04CEA5268F80,REQ_97053F00B1A1,13,30000.0,v0.1
INS_04CEA5268F80,REQ_0AB234D774DC,14,24760.0,v0.1
INS_04CEA5268F80,REQ_6D6F23A91C90,15,110.00000000000001,v0.1
INS_04CEA5268F80,REQ_29B0BE856178,16,11500.0,v0.1
INS_04CEA5268F80,REQ_9FD609A61B96,17,30000.0,v0.1
INS_04CEA5268F80,REQ_E1CB5F942301,18,27340.0,v0.1
INS_04CEA5268F80,REQ_94E47DD0439D,19,11150.0,v0.1
INS_04CEA5268F80,REQ_692B2E05ECB6,20,980.0000000000001,v0.1
INS_04CEA5268F80,REQ_DD6A1855E900,21,7020.0,v0.1
INS_04CEA5268F80,REQ_9359C39EC4E0,22,1050.0,v0.1
INS_04CEA5268F80,REQ_5FA34EC01094,23,919.9999999999999,v0.1
INS_04CEA5268F80,REQ_132F180F90D1,24,480.0,v0.1
INS_04CEA5268F80,REQ_5711DE7B57FA,25,1110.0,v0.1
INS_04CEA5268F80,REQ_B8FD1259FCA4,26,250.0,v0.1
INS_04CEA5268F80,REQ_E98A7C94FF16,27,30000.0,v0.1
INS_04CEA5268F80,REQ_34CBB021649E,28,440.00000000000006,v0.1
INS_04CEA5268F80,REQ_3E5666821048,29,30000.0,v0.1
INS_04CEA5268F80,REQ_8729EEF9D319,30,10770.0,v0.1
INS_04CEA5268F80,REQ_9A392B9B6048,31,1240.0,v0.1
INS_04CEA5268F80,REQ_8DF3196B5BDE,32,6140.0,v0.1
INS_04CEA5268F80,REQ_355A84870FA3,33,11490.0,v0.1
INS_04CEA5268F80,REQ_A411FDA060EE,34,30000.0,v0.1
INS_04CEA5268F80,REQ_DF7CD00356CD,35,12700.0,v0.1
INS_04CEA5268F80,REQ_90EAC8CCCAEE,36,30000.0,v0.1
INS_04CEA5268F80,REQ_F77D0CCE6CC5,37,480.0,v0.1
INS_04CEA5268F80,REQ_EF486C25F5DA,38,550.0,v0.1
INS_04CEA5268F80,REQ_BA3D1AD097B8,39,30000.0,v0.1
INS_04CEA5268F80,REQ_D8A2B07CECE8,40,9360.0,v0.1
INS_04CEA5268F80,REQ_92BA907C1996,41,27130.0,v0.1
INS_04CEA5268F80,REQ_955CCF8CB570,42,14500.0,v0.1
INS_04CEA5268F80,REQ_8AF7F5A08D66,43,30000.0,v0.1
INS_04CEA5268F80,REQ_1644E36D903A,44,650.0,v0.1
INS_04CEA5268F80,REQ_8F05CAB06D8C,45,700.0,v0.1
INS_04CEA5268F80,REQ_C2BB7DAF1DE0,46,9090.0,v0.1
INS_04CEA5268F80,REQ_B4AFF1F5A300,47,5410.0,v0.1
INS_04CEA5268F80,REQ_F582D12C4093,48,5820.0,v0.1
INS_04CEA5268F80,REQ_CDD9C78A4B12,49,30000.0,v0.1
INS_04CEA5268F80,REQ_233FF6896E58,50,30000.0,v0.1
INS_04CEA5268F80,REQ_BF45CF3AB158,51,14910.0,v0.1
INS_04CEA5268F80,REQ_DCD05610E085,52,250.0,v0.1
INS_04CEA5268F80,REQ_1EA7038101D6,53,1040.0,v0.1
INS_04CEA5268F80,REQ_5DA3ACC56861,54,9000.0,v0.1
INS_A4EB08BB2F75,REQ_0EB873B0A17A,0,1400.0,v0.1
INS_A4EB08BB2F75,REQ_0170FE0E85D7,1,1730.0,v0.1
INS_A4EB08BB2F75,REQ_649D2E397165,2,20150.0,v0.1
INS_A4EB08BB2F75,REQ_8D487FB40E97,3,1840.0,v0.1
INS_A4EB08BB2F75,REQ_DC99BDF9AFEC,4,360.0,v0.1
INS_A4EB08BB2F75,REQ_5A6244B4663D,5,30000.0,v0.1
INS_A4EB08BB2F75,REQ_7B7934F08331,6,800.0,v0.1
INS_A4EB08BB2F75,REQ_53DA46FB9FED,7,3450.0,v0.1
INS_A4EB08BB2F75,REQ_6A1F4ECEEF7D,8,160.0,v0.1
INS_A4EB08BB2F75,REQ_0FF36E81EF07,9,1970.0,v0.1
INS_A4EB08BB2F75,REQ_B02EDFCC2031,10,30000.0,v0.1
INS_A4EB08BB2F75,REQ_67D37E5B3249,11,7100.0,v0.1
INS_A4EB08BB2F75,REQ_37C9290859CF,12,1300.0,v0.1
INS_6A9F450F5E60,REQ_9DCCCDD8F621,0,1850.0,v0.1
INS_6A9F450F5E60,REQ_9AAFDDA3A34E,1,22490.0,v0.1
INS_6A9F450F5E60,REQ_A19DED5675AC,2,19330.0,v0.1
INS_6A9F450F5E60,REQ_72CAA28865E8,3,1610.0,v0.1
INS_6A9F450F5E60,REQ_184EA327ED07,4,3840.0,v0.1
INS_6A9F450F5E60,REQ_16297D10EFF7,5,30000.0,v0.1
INS_6A9F450F5E60,REQ_6934CD811E73,6,30000.0,v0.1
INS_6A9F450F5E60,REQ_BAD9A56BC435,7,440.0,v0.1
INS_6A9F450F5E60,REQ_6A3FD3312F75,8,25090.0,v0.1
INS_6A9F450F5E60,REQ_CA1F34195ED1,9,10290.0,v0.1
INS_6A9F450F5E60,REQ_7A0C31E994B8,10,2180.0,v0.1
INS_6A9F450F5E60,REQ_48C5942ECA06,11,400.0,v0.1
INS_6A9F450F5E60,REQ_BABDDF02806C,12,280.0,v0.1
INS_6A9F450F5E60,REQ_992F46416735,13,250.0,v0.1
INS_6A9F450F5E60,REQ_39D6CBE53DEC,14,30000.0,v0.1
INS_6A9F450F5E60,REQ_7551FC3E2BB6,15,1900.0,v0.1
INS_6A9F450F5E60,REQ_400519F26E89,16,350.0,v0.1
INS_6A9F450F5E60,REQ_3C57D958700D,17,30000.0,v0.1
INS_6A9F450F5E60,REQ_E53FD2528DEA,18,24560.0,v0.1
INS_6A9F450F5E60,REQ_F5EE2A8DE040,19,30000.0,v0.1
INS_0A53911D56C2,REQ_9BF7BA7AC7F8,0,23650.0,v0.1
INS_0A53911D56C2,REQ_1C952D511334,1,10930.0,v0.1
INS_0A53911D56C2,REQ_8AEF2919BA41,2,2250.0,v0.1
INS_0A53911D56C2,REQ_2BAB2E80C5A8,3,6140.0,v0.1
INS_0A53911D56C2,REQ_D2FDADA79E30,4,6570.0,v0.1
INS_0A53911D56C2,REQ_9678EB05D989,5,30000.0,v0.1
INS_0A53911D56C2,REQ_EB4EB4E3136D,6,3960.0,v0.1
INS_0A53911D56C2,REQ_734F3E354772,7,530.0,v0.1
INS_0A53911D56C2,REQ_FE276D7892F6,8,30000.0,v0.1
INS_0A53911D56C2,REQ_C8A1062CDCB9,9,30000.0,v0.1
INS_0A53911D56C2,REQ_456183782830,10,3720.0,v0.1
INS_0A53911D56C2,REQ_F5FB226C97CF,11,90.0,v0.1
INS_0A53911D56C2,REQ_8E835308C60C,12,17800.0,v0.1
INS_0A53911D56C2,REQ_168790C7E8D1,13,400.0,v0.1
INS_0A53911D56C2,REQ_7734228A5E2E,14,30000.0,v0.1
INS_0A53911D56C2,REQ_12CD1A85C830,15,30000.0,v0.1
INS_0A53911D56C2,REQ_C92FE3ECCBEB,16,6050.0,v0.1
INS_0A53911D56C2,REQ_92676257512E,17,7100.0,v0.1
INS_0A53911D56C2,REQ_597D03ACCA5A,18,22590.0,v0.1
INS_0A53911D56C2,REQ_057A35864DF7,19,1290.0,v0.1
INS_0A53911D56C2,REQ_EDB302D9AF0D,20,30000.0,v0.1
INS_0A53911D56C2,REQ_E292C5FEE08C,21,11550.0,v0.1
INS_0A53911D56C2,REQ_4A145E53C8E9,22,130.0,v0.1
INS_0A53911D56C2,REQ_8E725B1D0DEA,23,2200.0,v0.1
INS_0A53911D56C2,REQ_358DB6825B05,24,21960.0,v0.1
INS_0A53911D56C2,REQ_B5FD88A5F1ED,25,340.0,v0.1
INS_0A53911D56C2,REQ_25AD3605D963,26,1730.0,v0.1
INS_0A53911D56C2,REQ_903A9504951D,27,30000.0,v0.1
INS_0A53911D56C2,REQ_6A7AF10347F5,28,25860.0,v0.1
INS_0A53911D56C2,REQ_6FDCC489A7FD,29,30000.0,v0.1
INS_0A53911D56C2,REQ_DD2A1070DD9C,30,25300.0,v0.1
INS_0A53911D56C2,REQ_1AF03B010831,31,490.00000000000006,v0.1
INS_59103ABA58CF,REQ_21262FA189DD,0,30000.0,v0.1
INS_59103ABA58CF,REQ_85B3D8E07CE4,1,30000.0,v0.1
INS_59103ABA58CF,REQ_BE1E319A7FD6,2,480.0,v0.1
INS_59103ABA58CF,REQ_A3005318176C,3,800.0,v0.1
INS_59103ABA58CF,REQ_7E154A96ADFA,4,30000.0,v0.1
INS_59103ABA58CF,REQ_EDAAD4BDB0A3,5,30000.0,v0.1
INS_59103ABA58CF,REQ_FF34FF1C750C,6,13140.0,v0.1
INS_59103ABA58CF,REQ_6A2299D9F99C,7,30000.0,v0.1
INS_59103ABA58CF,REQ_2DD8CBFFB219,8,30000.0,v0.1
INS_59103ABA58CF,REQ_6968E667AC9A,9,30000.0,v0.1
INS_59103ABA58CF,REQ_8637059E5BE3,10,700.0,v0.1
INS_59103ABA58CF,REQ_BF7E328E8BFD,11,810.0,v0.1
INS_59103ABA58CF,REQ_1C10948595C5,12,220.0,v0.1
INS_E2AE75A1E1A8,REQ_916082562626,0,680.0,v0.1
INS_E2AE75A1E1A8,REQ_48A38F9B8671,1,11490.0,v0.1
INS_E2AE75A1E1A8,REQ_E13EE1E17223,2,1030.0,v0.1
INS_E2AE75A1E1A8,REQ_7CF248B96D26,3,550.0,v0.1
INS_E2AE75A1E1A8,REQ_CE0BF3DD01AA,4,4740.0,v0.1
INS_E2AE75A1E1A8,REQ_55E2322832AD,5,1250.0,v0.1
INS_E2AE75A1E1A8,REQ_6DBF0DDA9A17,6,4000.0,v0.1
INS_E2AE75A1E1A8,REQ_0A0F85CC4B54,7,30000.0,v0.1
INS_AA9EE79AB667,REQ_3555EBC2F42F,0,5070.0,v0.1
INS_AA9EE79AB667,REQ_BA81F829AD36,1,900.0,v0.1
INS_AA9EE79AB667,REQ_A7283F1A6368,2,1300.0,v0.1
INS_AA9EE79AB667,REQ_9FD7CF640483,3,2420.0,v0.1
INS_AA9EE79AB667,REQ_ADE6524625FC,4,80.0,v0.1
INS_AA9EE79AB667,REQ_F4617656D80E,5,1200.0,v0.1
INS_AA9EE79AB667,REQ_549D05C02C01,6,2650.0,v0.1
INS_AA9EE79AB667,REQ_C515B0081661,7,2310.0,v0.1
INS_AA9EE79AB667,REQ_98FC432CE9E7,8,13590.0,v0.1
INS_AA9EE79AB667,REQ_B16030DA3EBB,9,200.0,v0.1
INS_AA9EE79AB667,REQ_C6BA8B2043D6,10,30000.0,v0.1
INS_AA9EE79AB667,REQ_67AEFACDC237,11,30000.0,v0.1
INS_AA9EE79AB667,REQ_3962E0980CEF,12,1700.0,v0.1
INS_B82667F5232B,REQ_7AC802A118E1,0,30000.0,v0.1
INS_B82667F5232B,REQ_41BFA6731DC6,1,2100.0,v0.1
INS_B82667F5232B,REQ_7BF9460EBE8A,2,1400.0,v0.1
INS_B82667F5232B,REQ_FAA491E0FCC1,3,30000.0,v0.1
INS_B82667F5232B,REQ_7EC3B9F2B1EF,4,4000.0,v0.1
INS_B82667F5232B,REQ_5E13D5726DFA,5,13550.0,v0.1
INS_B82667F5232B,REQ_B31354A9AC60,6,1010.0,v0.1
INS_B82667F5232B,REQ_2A25BCC76F26,7,400.0,v0.1
INS_B82667F5232B,REQ_6A1F4ECEEF7D,8,160.0,v0.1
INS_B82667F5232B,REQ_11C09B8A1E00,9,30000.0,v0.1
INS_B82667F5232B,REQ_ACC64DE3A218,10,819.9999999999999,v0.1
INS_B82667F5232B,REQ_F47DBCF4E4EB,11,660.0,v0.1
INS_B82667F5232B,REQ_81B64047C1E0,12,360.0,v0.1
INS_D4B4CF052311,REQ_DFAA4D0E1DAE,0,27360.0,v0.1
INS_D4B4CF052311,REQ_512CFDF56FE2,1,750.0,v0.1
INS_D4B4CF052311,REQ_4F619A17447B,2,1400.0,v0.1
INS_D4B4CF052311,REQ_9F05E61153BB,3,7390.0,v0.1
INS_D4B4CF052311,REQ_A8DEEF356205,4,440.00000000000006,v0.1
INS_D4B4CF052311,REQ_7F923AAF09F6,5,860.0,v0.1
INS_D4B4CF052311,REQ_0913FCEDDA24,6,14775.0,v0.1
INS_D4B4CF052311,REQ_9B9002DBDA56,7,500.0,v0.1
INS_9F798CC7FF78,REQ_7876D5B2526F,0,28150.0,v0.1
INS_9F798CC7FF78,REQ_6E906C5398D2,1,1160.0,v0.1
INS_9F798CC7FF78,REQ_4043491554D9,2,300.0,v0.1
INS_9F798CC7FF78,REQ_BCFA7A6F34C3,3,250.0,v0.1
INS_9F798CC7FF78,REQ_068EEF634B46,4,22975.0,v0.1
INS_9F798CC7FF78,REQ_B6F2C992643E,5,30000.0,v0.1
INS_9F798CC7FF78,REQ_29D12DCAF42F,6,400.0,v0.1
INS_9F798CC7FF78,REQ_32094262F05B,7,22625.0,v0.1
INS_9F798CC7FF78,REQ_349488A3DE17,8,1590.0,v0.1
INS_9F798CC7FF78,REQ_5BA5B107A8BD,9,550.0,v0.1
INS_9F798CC7FF78,REQ_8660DC189AD6,10,710.0,v0.1
INS_567454835B9E,REQ_B2AA073BD018,0,850.0,v0.1
INS_567454835B9E,REQ_28AF681AEFCA,1,30000.0,v0.1
INS_567454835B9E,REQ_52381F61C474,2,15850.0,v0.1
INS_567454835B9E,REQ_C30882FEAF2A,3,3550.0,v0.1
INS_567454835B9E,REQ_D88053DAC1AF,4,1480.0,v0.1
INS_567454835B9E,REQ_DC026EE82E67,5,30000.0,v0.1
INS_567454835B9E,REQ_6677FC8BC563,6,2260.0,v0.1
INS_567454835B9E,REQ_52E5B795E069,7,2900.0,v0.1
INS_567454835B9E,REQ_3C676ABB7CC1,8,910.0,v0.1
INS_567454835B9E,REQ_6CD4ED03A44D,9,2100.0,v0.1
INS_567454835B9E,REQ_34FD3D8A6C35,10,400.0,v0.1
INS_567454835B9E,REQ_A52EA8EC4495,11,30000.0,v0.1
INS_567454835B9E,REQ_A53C9BE2DA41,12,670.0,v0.1
INS_567454835B9E,REQ_C6BD0F768288,13,30000.0,v0.1
INS_567454835B9E,REQ_2D92DED237B1,14,270.0,v0.1
INS_567454835B9E,REQ_56FF26936F69,15,7750.0,v0.1
INS_567454835B9E,REQ_20B9B1623E1B,16,26190.0,v0.1
INS_3033802838A8,REQ_DEB2D160E2D3,0,7500.0,v0.1
INS_3033802838A8,REQ_143C424264AF,1,90.0,v0.1
INS_3033802838A8,REQ_A458D62F441D,2,510.0,v0.1
INS_3033802838A8,REQ_C33D27B52AC4,3,1210.0,v0.1
INS_3033802838A8,REQ_C700E7BA7D7D,4,1910.0000000000002,v0.1
INS_3033802838A8,REQ_73DA91F0C32A,5,2950.0,v0.1
INS_3033802838A8,REQ_5E2830D9B995,6,2090.0,v0.1
INS_3033802838A8,REQ_DE018F0B7AE1,7,8710.0,v0.1
INS_3033802838A8,REQ_7EE4CD1EE281,8,30000.0,v0.1
INS_3033802838A8,REQ_A444BF07C848,9,4910.0,v0.1
INS_3033802838A8,REQ_22CA94916AE4,10,3080.0,v0.1
INS_3033802838A8,REQ_F7047D3E3FDA,11,30000.0,v0.1
INS_F21B0DF515D8,REQ_C23BB16337B7,0,1000.0,v0.1
INS_F21B0DF515D8,REQ_EF5A4EFA4454,1,30000.0,v0.1
INS_F21B0DF515D8,REQ_F58789EA37E0,2,290.0,v0.1
INS_F21B0DF515D8,REQ_0BC02EEDBBDE,3,20510.0,v0.1
INS_F21B0DF515D8,REQ_EF119BF7CA14,4,29240.0,v0.1
INS_F21B0DF515D8,REQ_63700F3BCE18,5,7380.0,v0.1
INS_F21B0DF515D8,REQ_99F95D69B485,6,17540.0,v0.1
INS_F21B0DF515D8,REQ_B0D8BF414968,7,500.0,v0.1
INS_F21B0DF515D8,REQ_8B84AF7EB454,8,7930.0,v0.1
INS_F21B0DF515D8,REQ_DDC9B06DF95D,9,28480.0,v0.1
INS_F21B0DF515D8,REQ_98BBC7D9F33C,10,30000.0,v0.1
INS_D103DB8F5BA5,REQ_31BCEF52F8DC,0,940.0,v0.1
INS_D103DB8F5BA5,REQ_F27FB82EA937,1,2340.0,v0.1
INS_D103DB8F5BA5,REQ_62471CDC1B44,2,13710.0,v0.1
INS_D103DB8F5BA5,REQ_79CF965F0204,3,18570.0,v0.1
INS_D103DB8F5BA5,REQ_45158392069D,4,200.0,v0.1
INS_D103DB8F5BA5,REQ_96DF8DEE6FB4,5,8750.0,v0.1
INS_D103DB8F5BA5,REQ_8ECF5D85FBFF,6,4910.0,v0.1
INS_D103DB8F5BA5,REQ_F7344605072E,7,28320.0,v0.1
INS_D103DB8F5BA5,REQ_FEE76D66348D,8,5750.0,v0.1
INS_D103DB8F5BA5,REQ_AB450F150889,9,10360.0,v0.1
INS_D103DB8F5BA5,REQ_ED7C472EB420,10,1950.0,v0.1
INS_D103DB8F5BA5,REQ_137E564E98DF,11,6080.0,v0.1
INS_D103DB8F5BA5,REQ_0D4CA0407307,12,450.0,v0.1
INS_D103DB8F5BA5,REQ_EF3831408BF9,13,5000.0,v0.1
INS_D103DB8F5BA5,REQ_97694EAB0F53,14,7840.0,v0.1
INS_D103DB8F5BA5,REQ_EC17E3B44FE5,15,10310.0,v0.1
INS_D103DB8F5BA5,REQ_2CD4D216C237,16,26510.0,v0.1
INS_D103DB8F5BA5,REQ_9EB5814A62F3,17,16260.0,v0.1
INS_D103DB8F5BA5,REQ_E5E2B3EAFA52,18,850.0,v0.1
INS_D103DB8F5BA5,REQ_13AB4E50A776,19,990.0,v0.1
INS_D103DB8F5BA5,REQ_3B488A7DEAF9,20,5500.0,v0.1
INS_D103DB8F5BA5,REQ_AC114D89BEA6,21,25030.0,v0.1
INS_D103DB8F5BA5,REQ_C07B1C068D62,22,4150.0,v0.1
INS_D103DB8F5BA5,REQ_CABAA1C0F17D,23,930.0000000000001,v0.1
INS_D103DB8F5BA5,REQ_59F1A0E7AA61,24,13150.0,v0.1
INS_CDCCA87E0CDD,REQ_860BDB540E8B,0,1510.0,v0.1
INS_CDCCA87E0CDD,REQ_EF486C25F5DA,1,550.0,v0.1
INS_CDCCA87E0CDD,REQ_B50F7A50FEFD,2,300.0,v0.1
INS_CDCCA87E0CDD,REQ_90B83873CF20,3,12170.0,v0.1
INS_CDCCA87E0CDD,REQ_8DF3196B5BDE,4,6140.0,v0.1
INS_CDCCA87E0CDD,REQ_34CBB021649E,5,440.00000000000006,v0.1
INS_CDCCA87E0CDD,REQ_F04FB137F76F,6,21060.0,v0.1
INS_CDCCA87E0CDD,REQ_D5C7F39CF355,7,1360.0,v0.1
INS_CDCCA87E0CDD,REQ_68588ADE69A9,8,28650.0,v0.1
INS_CDCCA87E0CDD,REQ_8969D651B8AC,9,3679.9999999999995,v0.1
INS_CDCCA87E0CDD,REQ_48DD5C0FB18F,10,30000.0,v0.1
INS_CDCCA87E0CDD,REQ_9A392B9B6048,11,1240.0,v0.1
INS_CDCCA87E0CDD,REQ_2E59CF28AE7B,12,190.0,v0.1
INS_CDCCA87E0CDD,REQ_282C719B2136,13,18440.0,v0.1
INS_CDCCA87E0CDD,REQ_FF97D3918015,14,100.0,v0.1
INS_CDCCA87E0CDD,REQ_0C500BEF5D0F,15,390.0,v0.1
INS_CDCCA87E0CDD,REQ_990125A14FA7,16,30000.0,v0.1
INS_CCDBA9353F4D,REQ_55238FAB100F,0,5820.0,v0.1
INS_CCDBA9353F4D,REQ_92A2CE39931D,1,450.0,v0.1
INS_CCDBA9353F4D,REQ_D6BF789E6509,2,7750.0,v0.1
INS_CCDBA9353F4D,REQ_18A9AC0B72B0,3,8750.0,v0.1
INS_CCDBA9353F4D,REQ_6B3674688BF6,4,13840.0,v0.1
INS_CCDBA9353F4D,REQ_C9857D52D786,5,2000.0,v0.1
INS_CCDBA9353F4D,REQ_BD578A953F1E,6,23410.0,v0.1
INS_CCDBA9353F4D,REQ_B0DB739B1B2C,7,10070.0,v0.1
INS_CCDBA9353F4D,REQ_04D6587A13E6,8,30000.0,v0.1
INS_CCDBA9353F4D,REQ_3383222AB8B2,9,30000.0,v0.1
INS_CCDBA9353F4D,REQ_231C522DB140,10,550.0,v0.1
INS_CCDBA9353F4D,REQ_2530E74AC24A,11,900.0,v0.1
INS_CCDBA9353F4D,REQ_6F43B416D1E7,12,28700.0,v0.1
INS_CCDBA9353F4D,REQ_C12E36BE3790,13,220.00000000000003,v0.1
INS_CCDBA9353F4D,REQ_950D78BE3864,14,30000.0,v0.1
INS_CCDBA9353F4D,REQ_A5706ED197F2,15,3480.0,v0.1
INS_CCDBA9353F4D,REQ_DE0A385C1DF6,16,30000.0,v0.1
INS_CCDBA9353F4D,REQ_1374821FA509,17,30000.0,v0.1
INS_CCDBA9353F4D,REQ_F288C4B01477,18,9490.0,v0.1
INS_CCDBA9353F4D,REQ_784C38B1BB70,19,28930.0,v0.1
INS_CCDBA9353F4D,REQ_399FC1A7EDAB,20,30000.0,v0.1
INS_CCDBA9353F4D,REQ_712115681DD9,21,9570.0,v0.1
INS_CCDBA9353F4D,REQ_00D46A83B0BB,22,650.0,v0.1
INS_CCDBA9353F4D,REQ_4CC696488439,23,24810.0,v0.1
INS_CCDBA9353F4D,REQ_28295AD4C9CE,24,3300.0,v0.1
INS_CCDBA9353F4D,REQ_244C30CFBECE,25,2310.0,v0.1
INS_CCDBA9353F4D,REQ_EC9D192840FA,26,7470.0,v0.1
INS_CCDBA9353F4D,REQ_CB95184B0E79,27,3290.0,v0.1
INS_CCDBA9353F4D,REQ_422E490E2ED3,28,10310.0,v0.1
INS_607D334BF4BF,REQ_CFC1BCB81EEC,0,290.0,v0.1
INS_607D334BF4BF,REQ_768270D0D13F,1,7470.0,v0.1
INS_607D334BF4BF,REQ_1C208B5F06A3,2,14760.0,v0.1
INS_607D334BF4BF,REQ_826626C57AA2,3,120.0,v0.1
INS_607D334BF4BF,REQ_17E99B566B63,4,280.0,v0.1
INS_607D334BF4BF,REQ_DA894BF28478,5,13540.0,v0.1
INS_607D334BF4BF,REQ_0FBB7A08C095,6,500.0,v0.1
INS_607D334BF4BF,REQ_06B94F4AE1C5,7,6960.0,v0.1
INS_607D334BF4BF,REQ_8FD0943C9A93,8,8850.0,v0.1
INS_607D334BF4BF,REQ_4780841F193A,9,11500.0,v0.1
INS_607D334BF4BF,REQ_0B6E0863FA38,10,1810.0000000000002,v0.1
INS_607D334BF4BF,REQ_9C5D588A5E0E,11,5610.0,v0.1
INS_607D334BF4BF,REQ_2EF4D7EE15E9,12,15060.0,v0.1
INS_607D334BF4BF,REQ_174308766537,13,170.0,v0.1
INS_607D334BF4BF,REQ_6F360812B788,14,9220.0,v0.1
INS_607D334BF4BF,REQ_E27CECDAAF22,15,1370.0,v0.1
INS_607D334BF4BF,REQ_0C1911938B95,16,1600.0,v0.1
INS_607D334BF4BF,REQ_60928DD4F1F4,17,11500.0,v0.1
INS_607D334BF4BF,REQ_101005EE2DED,18,11910.0,v0.1
INS_607D334BF4BF,REQ_7EB65B92C551,19,1500.0,v0.1
INS_607D334BF4BF,REQ_D7BE53C7F6BD,20,11790.0,v0.1
INS_607D334BF4BF,REQ_7E2802EB586A,21,2900.0,v0.1
INS_607D334BF4BF,REQ_294313D19B07,22,90.0,v0.1
INS_EB382D90675B,REQ_C600790D22D8,0,5600.0,v0.1
INS_EB382D90675B,REQ_EAD9346ECE11,1,9480.0,v0.1
INS_EB382D90675B,REQ_D76ED7E4E58D,2,30000.0,v0.1
INS_EB382D90675B,REQ_3E8C0EBCF2C7,3,380.0,v0.1
INS_EB382D90675B,REQ_C7E05237571E,4,16930.0,v0.1
INS_EB382D90675B,REQ_ED8B5005E576,5,1280.0,v0.1
INS_EB382D90675B,REQ_2FD6F74BFB88,6,30000.0,v0.1
INS_EB382D90675B,REQ_35A939600DF2,7,10790.0,v0.1
INS_EB382D90675B,REQ_4CE6F84B44EA,8,1530.0,v0.1
INS_EB382D90675B,REQ_44645B65FA20,9,30000.0,v0.1
INS_EB382D90675B,REQ_6B84D3B97157,10,22140.0,v0.1
INS_EB382D90675B,REQ_CE2433172094,11,700.0,v0.1
INS_EB382D90675B,REQ_E6CDD70C3C74,12,4100.0,v0.1
INS_EB382D90675B,REQ_054DC39A47C2,13,3040.0,v0.1
INS_EB382D90675B,REQ_B25E86C88798,14,22130.0,v0.1
INS_EB382D90675B,REQ_589F7438EAA3,15,24080.0,v0.1
INS_EB382D90675B,REQ_755C60B7D5FC,16,1530.0,v0.1
INS_EB382D90675B,REQ_8ED779A3E355,17,5030.0,v0.1
INS_EB382D90675B,REQ_E00D76AF0B56,18,13630.0,v0.1
INS_EB382D90675B,REQ_514E81C06A59,19,30000.0,v0.1
INS_EB382D90675B,REQ_5CD1428D6D4F,20,13830.0,v0.1
INS_EB382D90675B,REQ_B0D8BF414968,21,500.0,v0.1
INS_EB382D90675B,REQ_A1F5959A3A5E,22,9690.0,v0.1
INS_EB382D90675B,REQ_DA8DE24F93C3,23,1140.0,v0.1
INS_EB382D90675B,REQ_C6892E5E2383,24,14530.0,v0.1
INS_A9C9D444BFD8,REQ_8E852470D2D6,0,1160.0,v0.1
INS_A9C9D444BFD8,REQ_A2D9E2540F9C,1,540.0,v0.1
INS_A9C9D444BFD8,REQ_4E6F033DC739,2,3020.0,v0.1
INS_A9C9D444BFD8,REQ_4FF05F840BEC,3,15270.0,v0.1
INS_A9C9D444BFD8,REQ_9FD609A61B96,4,30000.0,v0.1
INS_A9C9D444BFD8,REQ_D8A2B07CECE8,5,9360.0,v0.1
INS_A9C9D444BFD8,REQ_CC449CB9A916,6,12600.0,v0.1
INS_A9C9D444BFD8,REQ_B2FCAA643121,7,30000.0,v0.1
INS_A9C9D444BFD8,REQ_1E8033A3979D,8,30000.0,v0.1
INS_A9C9D444BFD8,REQ_9EA1788652B9,9,30000.0,v0.1
INS_A9C9D444BFD8,REQ_83BBE01A7108,10,30000.0,v0.1
INS_A9C9D444BFD8,REQ_97053F00B1A1,11,30000.0,v0.1
INS_A9C9D444BFD8,REQ_74A1F82F275B,12,910.0,v0.1
INS_A9C9D444BFD8,REQ_0B10F73CC301,13,30000.0,v0.1
INS_A9C9D444BFD8,REQ_E8617E2CBE8E,14,13410.0,v0.1
INS_A9C9D444BFD8,REQ_3B7C82B16C9C,15,30000.0,v0.1
INS_A9C9D444BFD8,REQ_94E47DD0439D,16,11150.0,v0.1
INS_A9C9D444BFD8,REQ_E98A7C94FF16,17,30000.0,v0.1
INS_A9C9D444BFD8,REQ_F757820A7AB7,18,530.0,v0.1
INS_A9C9D444BFD8,REQ_692B2E05ECB6,19,980.0000000000001,v0.1
INS_A9C9D444BFD8,REQ_92BA907C1996,20,27130.0,v0.1
INS_A9C9D444BFD8,REQ_8564816233F3,21,11780.0,v0.1
INS_A9C9D444BFD8,REQ_753375A03C43,22,350.0,v0.1
INS_A9C9D444BFD8,REQ_CECAC0AD711F,23,380.0,v0.1
INS_A9C9D444BFD8,REQ_5DA3ACC56861,24,9000.0,v0.1
INS_A9C9D444BFD8,REQ_725A89B39493,25,30000.0,v0.1
INS_A9C9D444BFD8,REQ_709ED8BF463C,26,840.0,v0.1
INS_A9C9D444BFD8,REQ_B4AFF1F5A300,27,5410.0,v0.1
INS_A9C9D444BFD8,REQ_BDA90FA77A82,28,30000.0,v0.1
INS_A9C9D444BFD8,REQ_0AB234D774DC,29,24760.0,v0.1
INS_666B1A7E076B,REQ_62C01A1DF705,0,30000.0,v0.1
INS_666B1A7E076B,REQ_56529CAF4FF5,1,600.0,v0.1
INS_666B1A7E076B,REQ_2608B0DB3552,2,1400.0,v0.1
INS_666B1A7E076B,REQ_83D300AB74F9,3,30000.0,v0.1
INS_666B1A7E076B,REQ_51FC17C4D1E9,4,9960.0,v0.1
INS_666B1A7E076B,REQ_A9EAB46B6DFD,5,6990.0,v0.1
INS_666B1A7E076B,REQ_608FCF4846C3,6,9710.0,v0.1
INS_666B1A7E076B,REQ_C2FE8CF19728,7,7810.0,v0.1
INS_666B1A7E076B,REQ_8171E518F6C7,8,2250.0,v0.1
INS_666B1A7E076B,REQ_27E0A190E2BC,9,8020.0,v0.1
INS_666B1A7E076B,REQ_D788C477022F,10,1960.0000000000002,v0.1
INS_666B1A7E076B,REQ_B02719EFD260,11,7090.0,v0.1
INS_666B1A7E076B,REQ_2A26F391B40D,12,30000.0,v0.1
INS_666B1A7E076B,REQ_B7F4E14B8E1D,13,3479.9999999999995,v0.1
INS_55886E7D66C9,REQ_5616D8F7F091,0,950.0,v0.1
INS_55886E7D66C9,REQ_A109534943FB,1,4880.0,v0.1
INS_55886E7D66C9,REQ_6484203FA368,2,940.0,v0.1
INS_55886E7D66C9,REQ_95484C482C7E,3,1020.0,v0.1
INS_55886E7D66C9,REQ_A52A63507798,4,14169.999999999998,v0.1
INS_55886E7D66C9,REQ_6E1D469B1BBD,5,570.0,v0.1
INS_55886E7D66C9,REQ_9F3E9BCB88B7,6,30000.0,v0.1
INS_55886E7D66C9,REQ_3AC2DD82E1B0,7,1600.0,v0.1
INS_55886E7D66C9,REQ_8368F64A6749,8,9310.0,v0.1
INS_55886E7D66C9,REQ_DA8E7711BD8D,9,15060.0,v0.1
INS_55886E7D66C9,REQ_A1AE6C278118,10,1040.0,v0.1
INS_55886E7D66C9,REQ_B717A70BDAE0,11,5640.0,v0.1
INS_55886E7D66C9,REQ_EF330410B77D,12,240.0,v0.1
INS_55886E7D66C9,REQ_F581CA8E8641,13,400.0,v0.1
INS_55886E7D66C9,REQ_C6DE767A77A2,14,6350.0,v0.1
INS_55886E7D66C9,REQ_A35C295642E3,15,1150.0,v0.1
INS_55886E7D66C9,REQ_334EE502C525,16,820.0,v0.1
INS_55886E7D66C9,REQ_E225AC61396D,17,11580.0,v0.1
INS_55886E7D66C9,REQ_2798D7F0BD86,18,250.0,v0.1
INS_55886E7D66C9,REQ_CF6AC933C9F2,19,5290.0,v0.1
INS_55886E7D66C9,REQ_94A3873A6770,20,30000.0,v0.1
INS_F5A7E0564533,REQ_CB81322F5C84,0,6800.0,v0.1
INS_F5A7E0564533,REQ_4CC2DA46AECF,1,30000.0,v0.1
INS_F5A7E0564533,REQ_754815DAB900,2,30000.0,v0.1
INS_F5A7E0564533,REQ_BA4765F3E68D,3,30000.0,v0.1
INS_F5A7E0564533,REQ_8F909F86C457,4,17800.0,v0.1
INS_F5A7E0564533,REQ_AA4AFAE13C6E,5,9800.0,v0.1
INS_F5A7E0564533,REQ_0C29D1C7632C,6,30000.0,v0.1
INS_F5A7E0564533,REQ_9137C155DD72,7,13460.0,v0.1
INS_F5A7E0564533,REQ_B884FFFCE234,8,30000.0,v0.1
INS_F5A7E0564533,REQ_0CC67604B2B7,9,24350.0,v0.1
INS_F5A7E0564533,REQ_89498E831993,10,30000.0,v0.1
INS_F5A7E0564533,REQ_D7C981DEE0E7,11,7309.999999999999,v0.1
INS_F5A7E0564533,REQ_788FAF911A5E,12,550.0,v0.1
INS_F5A7E0564533,REQ_2A92DFD89864,13,17760.0,v0.1
INS_690868E74826,REQ_712B9A1534C8,0,1510.0,v0.1
INS_690868E74826,REQ_5D24ED089B8F,1,4190.0,v0.1
INS_690868E74826,REQ_00EA4BBB7C04,2,30000.0,v0.1
INS_690868E74826,REQ_FED0525171EE,3,1450.0,v0.1
INS_690868E74826,REQ_5E8FF134A4FA,4,2039.9999999999998,v0.1
INS_690868E74826,REQ_6FB92004BA08,5,30000.0,v0.1
INS_690868E74826,REQ_B69A36A3369E,6,720.0,v0.1
INS_690868E74826,REQ_CEA89FE6B618,7,30000.0,v0.1
INS_690868E74826,REQ_B6DFDCB288A8,8,7090.0,v0.1
INS_CC9BD09CDB00,REQ_1E645F55E003,0,30000.0,v0.1
INS_CC9BD09CDB00,REQ_3ECA4572E2F8,1,4580.0,v0.1
INS_CC9BD09CDB00,REQ_04A7DD8874E0,2,950.0,v0.1
INS_CC9BD09CDB00,REQ_4627C43A6584,3,2400.0,v0.1
INS_CC9BD09CDB00,REQ_8C91A671E2C7,4,1550.0,v0.1
INS_CC9BD09CDB00,REQ_23C4554A7407,5,8039.999999999999,v0.1
INS_CC9BD09CDB00,REQ_CE329185546E,6,18850.0,v0.1
INS_CC9BD09CDB00,REQ_2B3C12A9F8A5,7,30000.0,v0.1
INS_CC9BD09CDB00,REQ_0E96456F579F,8,1530.0,v0.1
INS_CC9BD09CDB00,REQ_473DEBEE7EA4,9,390.0,v0.1
INS_CC9BD09CDB00,REQ_0CE3EF9C1E5D,10,24280.0,v0.1
INS_CC9BD09CDB00,REQ_A3843EC4BE18,11,200.0,v0.1
INS_CC9BD09CDB00,REQ_C2155E252BFB,12,30000.0,v0.1
INS_CC9BD09CDB00,REQ_5FA72031A4C9,13,30000.0,v0.1
INS_31510C2377D7,REQ_DB19FA7868F8,0,1060.0,v0.1
INS_31510C2377D7,REQ_7D67A8C0805D,1,9140.0,v0.1
INS_31510C2377D7,REQ_7FD4B4FF7B61,2,2380.0,v0.1
INS_31510C2377D7,REQ_1ABF5EAA6EE0,3,10150.0,v0.1
INS_31510C2377D7,REQ_94355C071338,4,5510.0,v0.1
INS_31510C2377D7,REQ_6E93840F39DA,5,1450.0,v0.1
INS_31510C2377D7,REQ_8716862032C3,6,2550.0,v0.1
INS_31510C2377D7,REQ_5394FA944B03,7,25290.0,v0.1
INS_31510C2377D7,REQ_B6FC3384F1CD,8,380.0,v0.1
INS_31510C2377D7,REQ_A92AB7206DD4,9,25220.0,v0.1
INS_31510C2377D7,REQ_1293F7BC93F8,10,3500.0,v0.1
INS_31510C2377D7,REQ_B920BC55D20C,11,3520.0000000000005,v0.1
INS_31510C2377D7,REQ_15B26E6B7127,12,3310.0,v0.1
INS_31510C2377D7,REQ_35EB8F42E887,13,780.0,v0.1
INS_31510C2377D7,REQ_19E46C690D02,14,7280.0,v0.1
INS_31510C2377D7,REQ_D6C8DAA1956A,15,900.0,v0.1
INS_31510C2377D7,REQ_CACF9C4569EC,16,4075.0,v0.1
INS_31510C2377D7,REQ_F33FD947D3D8,17,1820.0,v0.1
INS_31510C2377D7,REQ_A0915A927FA6,18,2550.0,v0.1
INS_31510C2377D7,REQ_9BF85ED8A95C,19,910.0,v0.1
INS_31510C2377D7,REQ_7AA52CCD8A1B,20,3479.9999999999995,v0.1
INS_31510C2377D7,REQ_F2AC05270E6C,21,6480.0,v0.1
INS_31510C2377D7,REQ_6A06936DAD3D,22,6280.0,v0.1
INS_31510C2377D7,REQ_DD050DA03DFE,23,5270.0,v0.1
INS_31510C2377D7,REQ_2FCFE4BFA3D9,24,720.0,v0.1
INS_31510C2377D7,REQ_05476D259BED,25,6390.0,v0.1
INS_31510C2377D7,REQ_BEE0F87B33DB,26,950.0,v0.1
INS_31510C2377D7,REQ_16FFDE5890DB,27,14700.0,v0.1
INS_31510C2377D7,REQ_37E9D0E3FE52,28,400.0,v0.1
INS_FD1E55BD1811,REQ_F1617BF506B8,0,3660.0,v0.1
INS_FD1E55BD1811,REQ_E5260003D5DE,1,10370.0,v0.1
INS_FD1E55BD1811,REQ_5FB580E6E64A,2,26300.0,v0.1
INS_FD1E55BD1811,REQ_73382BB866EA,3,15030.0,v0.1
INS_FD1E55BD1811,REQ_D224D4801982,4,30000.0,v0.1
INS_FD1E55BD1811,REQ_245C25648A9A,5,30000.0,v0.1
INS_FD1E55BD1811,REQ_445B0899EB58,6,900.0,v0.1
INS_FD1E55BD1811,REQ_C86C2568AE5F,7,30000.0,v0.1
INS_FD1E55BD1811,REQ_6CA233C9E7B1,8,120.0,v0.1
INS_FD1E55BD1811,REQ_1D5A3A673D18,9,3500.0,v0.1
INS_FD1E55BD1811,REQ_3D7B9BC9849A,10,22740.0,v0.1
INS_FD1E55BD1811,REQ_939B6C52B1B8,11,30000.0,v0.1
INS_FD1E55BD1811,REQ_7C8F5CAFE1A1,12,1060.0,v0.1
INS_FD1E55BD1811,REQ_F71E33195C8E,13,1050.0,v0.1
INS_FD1E55BD1811,REQ_33E0157DB29C,14,30000.0,v0.1
INS_FD1E55BD1811,REQ_6043FAEB8580,15,26830.0,v0.1
INS_FD1E55BD1811,REQ_413B53EB20C8,16,16290.0,v0.1
INS_FD1E55BD1811,REQ_F19BBCF4E605,17,2009.9999999999998,v0.1
INS_FD1E55BD1811,REQ_5266D6F09B96,18,12370.0,v0.1
INS_FD1E55BD1811,REQ_287841EE71B1,19,30000.0,v0.1
INS_FD1E55BD1811,REQ_AE1214649622,20,25910.0,v0.1
INS_35A66305BDEC,REQ_4DEC9B85AD35,0,520.0,v0.1
INS_35A66305BDEC,REQ_A8AB07CFC859,1,850.0,v0.1
INS_35A66305BDEC,REQ_97694EAB0F53,2,7840.0,v0.1
INS_35A66305BDEC,REQ_6281124B3E50,3,3030.0,v0.1
INS_35A66305BDEC,REQ_CABAA1C0F17D,4,930.0000000000001,v0.1
INS_35A66305BDEC,REQ_050E44359DC5,5,5230.0,v0.1
INS_35A66305BDEC,REQ_A9FD725E2B61,6,1590.0,v0.1
INS_35A66305BDEC,REQ_35D925C0DEDF,7,9175.0,v0.1
INS_35A66305BDEC,REQ_C2575FF9196A,8,30000.0,v0.1
INS_35A66305BDEC,REQ_71D19C8CC09B,9,20290.0,v0.1
INS_35A66305BDEC,REQ_EF3831408BF9,10,5000.0,v0.1
INS_FC5FB58B0362,REQ_F77D0CCE6CC5,0,480.0,v0.1
INS_FC5FB58B0362,REQ_74A8EF46DF63,1,550.0,v0.1
INS_FC5FB58B0362,REQ_1644E36D903A,2,650.0,v0.1
INS_FC5FB58B0362,REQ_0AB234D774DC,3,24760.0,v0.1
INS_FC5FB58B0362,REQ_1860762F22B6,4,13950.0,v0.1
INS_FC5FB58B0362,REQ_8BF2C5CB6FDF,5,4220.0,v0.1
INS_FC5FB58B0362,REQ_D58137CF7DD7,6,7120.0,v0.1
INS_FC5FB58B0362,REQ_BCA015D39980,7,4830.0,v0.1
INS_FC5FB58B0362,REQ_92BA907C1996,8,27130.0,v0.1
INS_FC5FB58B0362,REQ_7E4FA4B82524,9,1300.0,v0.1
INS_FC5FB58B0362,REQ_BC3B797480C3,10,11680.0,v0.1
INS_FC5FB58B0362,REQ_034E55488B3C,11,660.0,v0.1
INS_FC5FB58B0362,REQ_BA3D1AD097B8,12,30000.0,v0.1
INS_FC5FB58B0362,REQ_BE2B950C32F8,13,4310.0,v0.1
INS_FC5FB58B0362,REQ_90A332BCDAEA,14,29730.0,v0.1
INS_FC5FB58B0362,REQ_09769CB00BEB,15,960.0,v0.1
INS_FC5FB58B0362,REQ_8AF7F5A08D66,16,30000.0,v0.1
INS_FC5FB58B0362,REQ_D8010BFA7DB6,17,1770.0,v0.1
INS_FC5FB58B0362,REQ_E845E3F29E27,18,7580.0,v0.1
INS_FC5FB58B0362,REQ_D1C7B2C215AA,19,5170.0,v0.1
INS_FC5FB58B0362,REQ_FFE1D3615F29,20,17170.0,v0.1
INS_FC5FB58B0362,REQ_EF486C25F5DA,21,550.0,v0.1
INS_FC5FB58B0362,REQ_653B3D6E9A05,22,6010.0,v0.1
INS_FC5FB58B0362,REQ_8969D651B8AC,23,3679.9999999999995,v0.1
INS_FC5FB58B0362,REQ_D338BB82A544,24,1350.0,v0.1
INS_FC5FB58B0362,REQ_725A89B39493,25,30000.0,v0.1
INS_FC5FB58B0362,REQ_4E6F033DC739,26,3020.0,v0.1
INS_FC5FB58B0362,REQ_FF97D3918015,27,100.0,v0.1
INS_FC5FB58B0362,REQ_E22EDAF15E36,28,2200.0,v0.1
INS_FC5FB58B0362,REQ_CDD9C78A4B12,29,30000.0,v0.1
INS_FC5FB58B0362,REQ_B41A1A7B60DD,30,30000.0,v0.1
INS_FC5FB58B0362,REQ_3B7C82B16C9C,31,30000.0,v0.1
INS_FC5FB58B0362,REQ_A54753B6C7F9,32,7820.0,v0.1
INS_FC5FB58B0362,REQ_E83AA6C117C4,33,13100.0,v0.1
INS_FC5FB58B0362,REQ_706CB93A3D6C,34,400.0,v0.1
INS_FC5FB58B0362,REQ_1B13974FD3DF,35,450.0,v0.1
INS_FC5FB58B0362,REQ_90B66BF04EDA,36,350.0,v0.1
INS_FC5FB58B0362,REQ_854E84A79450,37,1360.0,v0.1
INS_FC5FB58B0362,REQ_D8A2B07CECE8,38,9360.0,v0.1
INS_FC5FB58B0362,REQ_0D5DB4610099,39,30000.0,v0.1
INS_FC5FB58B0362,REQ_4FF05F840BEC,40,15270.0,v0.1
INS_FC5FB58B0362,REQ_30E72AC3FDC7,41,350.0,v0.1
INS_FC5FB58B0362,REQ_E540A8BDF43F,42,30000.0,v0.1
INS_FC5FB58B0362,REQ_BA1787400639,43,7640.0,v0.1
INS_FC5FB58B0362,REQ_6D6F23A91C90,44,110.00000000000001,v0.1
INS_FC5FB58B0362,REQ_0FAFF042C478,45,3750.0,v0.1
INS_FC5FB58B0362,REQ_FA4C806159F0,46,20710.0,v0.1
INS_FC5FB58B0362,REQ_2F6188CF8CDF,47,14150.0,v0.1
INS_FC5FB58B0362,REQ_A457A9474744,48,260.0,v0.1
INS_FC5FB58B0362,REQ_990125A14FA7,49,30000.0,v0.1
INS_FC5FB58B0362,REQ_97053F00B1A1,50,30000.0,v0.1
INS_FC5FB58B0362,REQ_C7DB60E1F9B8,51,7600.0,v0.1
INS_FC5FB58B0362,REQ_C2BB7DAF1DE0,52,9090.0,v0.1
INS_474508BE17E1,REQ_603FE457AA6D,0,630.0,v0.1
INS_474508BE17E1,REQ_D775090ADE2A,1,1710.0000000000002,v0.1
INS_474508BE17E1,REQ_12E921875D6A,2,2740.0,v0.1
INS_474508BE17E1,REQ_636BB439B67F,3,950.0,v0.1
INS_474508BE17E1,REQ_8F6E5E05F6EB,4,790.0,v0.1
INS_474508BE17E1,REQ_AAA2D6C41AC0,5,1050.0,v0.1
INS_474508BE17E1,REQ_46F8904A3400,6,30000.0,v0.1
INS_474508BE17E1,REQ_BD187C192424,7,4840.0,v0.1
INS_474508BE17E1,REQ_84FA4C7A6A1E,8,16239.999999999998,v0.1
INS_474508BE17E1,REQ_11F20A48C688,9,590.0,v0.1
INS_474508BE17E1,REQ_CDA766981EE8,10,350.0,v0.1
INS_474508BE17E1,REQ_7BCA4B1DFBF3,11,260.0,v0.1
INS_474508BE17E1,REQ_94845B541CBE,12,1390.0,v0.1
INS_474508BE17E1,REQ_91440FA0D7E0,13,1220.0,v0.1
INS_474508BE17E1,REQ_67E9BE82FD7E,14,1820.0,v0.1
INS_474508BE17E1,REQ_7259A5C96160,15,440.00000000000006,v0.1
INS_474508BE17E1,REQ_B0D9E24B417B,16,3040.0,v0.1
INS_474508BE17E1,REQ_0A8BD9B02545,17,4640.0,v0.1
INS_474508BE17E1,REQ_0E826A35F564,18,7240.0,v0.1
INS_474508BE17E1,REQ_F7950C5579C1,19,700.0,v0.1
INS_474508BE17E1,REQ_254F6A0C0365,20,660.0,v0.1
INS_474508BE17E1,REQ_36C2AA13E6EE,21,16329.999999999998,v0.1
INS_474508BE17E1,REQ_C8B75E616AA2,22,300.0,v0.1
INS_474508BE17E1,REQ_DBB07CC264FB,23,30000.0,v0.1
INS_474508BE17E1,REQ_D264DD7C8685,24,1470.0,v0.1
INS_474508BE17E1,REQ_0531993F9711,25,2850.0,v0.1
INS_474508BE17E1,REQ_19AFB300FD52,26,30000.0,v0.1
INS_474508BE17E1,REQ_C85F67759C57,27,2070.0,v0.1
INS_474508BE17E1,REQ_D90E953F58DE,28,21620.0,v0.1
INS_474508BE17E1,REQ_1D5BEE9890EA,29,900.0,v0.1
INS_474508BE17E1,REQ_6CE12D188D52,30,1040.0,v0.1
INS_474508BE17E1,REQ_7A8432891A0F,31,23030.0,v0.1
INS_474508BE17E1,REQ_1CF44CB27553,32,30000.0,v0.1
INS_474508BE17E1,REQ_C43BBEE623FE,33,21010.0,v0.1
INS_474508BE17E1,REQ_95D7041F886D,34,1230.0,v0.1
INS_474508BE17E1,REQ_E44B821DF794,35,1750.0,v0.1
INS_474508BE17E1,REQ_8C9026B823C7,36,1600.0,v0.1
INS_474508BE17E1,REQ_949CDF7076EF,37,30000.0,v0.1
INS_474508BE17E1,REQ_14C487F7E586,38,3090.0,v0.1
INS_474508BE17E1,REQ_F83234EC8870,39,1700.0,v0.1
INS_474508BE17E1,REQ_869A3559575C,40,22870.0,v0.1
INS_474508BE17E1,REQ_6CC30A8E7B98,41,5810.0,v0.1
INS_474508BE17E1,REQ_517346F11F66,42,810.0,v0.1
INS_474508BE17E1,REQ_F782FDAD0E9C,43,600.0,v0.1
INS_474508BE17E1,REQ_E66ACCFF6F45,44,420.0,v0.1
INS_474508BE17E1,REQ_07464F6C5F64,45,26070.0,v0.1
INS_FD9490EC7DB6,REQ_DFEB8E8F40AA,0,250.0,v0.1
INS_FD9490EC7DB6,REQ_DE008BA6FDE1,1,620.0,v0.1
INS_FD9490EC7DB6,REQ_029084C94DC0,2,570.0,v0.1
INS_FD9490EC7DB6,REQ_AF8F3D7B8D21,3,24970.0,v0.1
INS_FD9490EC7DB6,REQ_79671DD90B7C,4,30000.0,v0.1
INS_FD9490EC7DB6,REQ_96F0B1E40C1E,5,16760.0,v0.1
INS_FD9490EC7DB6,REQ_83ECB73BA170,6,30700.0,v0.1
INS_FD9490EC7DB6,REQ_91131B0E1717,7,30000.0,v0.1
INS_FD9490EC7DB6,REQ_5D050DC776D9,8,3790.0,v0.1
INS_FD9490EC7DB6,REQ_D7E2523B4DD4,9,10840.0,v0.1
INS_FD9490EC7DB6,REQ_75B32BA18F5E,10,30000.0,v0.1
INS_FD9490EC7DB6,REQ_ED3FEF99F6DB,11,30000.0,v0.1
INS_FD9490EC7DB6,REQ_5455FE6BCC81,12,480.0,v0.1
INS_FD9490EC7DB6,REQ_FB6F53CC7461,13,26350.0,v0.1
INS_FD9490EC7DB6,REQ_2467C338C29D,14,28310.0,v0.1
INS_FD9490EC7DB6,REQ_322DC5B84E72,15,30000.0,v0.1
INS_FD9490EC7DB6,REQ_E475DD909131,16,260.0,v0.1
INS_FD9490EC7DB6,REQ_DD2BB99A8ACC,17,7400.0,v0.1
INS_FD9490EC7DB6,REQ_4E5ABD635F30,18,30000.0,v0.1
INS_FD9490EC7DB6,REQ_372BF2DC87F1,19,220.0,v0.1
INS_FD9490EC7DB6,REQ_3168DE636FD0,20,25500.0,v0.1
INS_FD9490EC7DB6,REQ_2D2060EB710C,21,15930.0,v0.1
INS_FD9490EC7DB6,REQ_20D47B017E6C,22,30000.0,v0.1
INS_FD9490EC7DB6,REQ_F57268278C27,23,360.0,v0.1
INS_FD9490EC7DB6,REQ_B7C2F36D754D,24,250.0,v0.1
INS_FD9490EC7DB6,REQ_44D8764223AA,25,30000.0,v0.1
INS_FD9490EC7DB6,REQ_871A4E888BC0,26,23260.0,v0.1
INS_FD9490EC7DB6,REQ_60871B3EF8FD,27,200.0,v0.1
INS_FD9490EC7DB6,REQ_56F0D2E58964,28,1690.0,v0.1
INS_F111D5CC5787,REQ_A8332F5BE86A,0,17640.0,v0.1
INS_F111D5CC5787,REQ_FB71DE0F51A8,1,5860.0,v0.1
INS_F111D5CC5787,REQ_0E96456F579F,2,1530.0,v0.1
INS_F111D5CC5787,REQ_C2C2BCCC68E3,3,360.0,v0.1
INS_F111D5CC5787,REQ_746D27715163,4,2300.0,v0.1
INS_F111D5CC5787,REQ_BECE5B77B2FC,5,250.0,v0.1
INS_F111D5CC5787,REQ_1FF7734AC1EE,6,870.0,v0.1
INS_F111D5CC5787,REQ_46F1505D7A04,7,120.0,v0.1
INS_F111D5CC5787,REQ_B7783E42C845,8,1650.0,v0.1
INS_F111D5CC5787,REQ_9E6AB7BD0C27,9,3500.0,v0.1
INS_F111D5CC5787,REQ_419099622B9D,10,3290.0,v0.1
INS_F111D5CC5787,REQ_4627C43A6584,11,2400.0,v0.1
INS_F111D5CC5787,REQ_4FD695384C49,12,1510.0,v0.1
INS_F111D5CC5787,REQ_ADC6BB92AF2D,13,400.0,v0.1
INS_3221E789852C,REQ_9DE4E7F5266D,0,1570.0,v0.1
INS_3221E789852C,REQ_83BBB2E86F79,1,650.0,v0.1
INS_3221E789852C,REQ_95F4843EEB7B,2,670.0,v0.1
INS_3221E789852C,REQ_E65342298B98,3,30000.0,v0.1
INS_3221E789852C,REQ_EA21184CFE68,4,24660.0,v0.1
INS_3221E789852C,REQ_8DF2A5A71C1A,5,15710.0,v0.1
INS_3221E789852C,REQ_843C99F914E7,6,400.0,v0.1
INS_3221E789852C,REQ_DE007F0409B0,7,30000.0,v0.1
INS_3221E789852C,REQ_676A31731DC6,8,13150.0,v0.1
INS_984F0A997831,REQ_BC3AE572C21A,0,30000.0,v0.1
INS_984F0A997831,REQ_A095E3AC1D21,1,30000.0,v0.1
INS_984F0A997831,REQ_3D137029DB76,2,30000.0,v0.1
INS_984F0A997831,REQ_24B4F438D94F,3,30000.0,v0.1
INS_984F0A997831,REQ_B65209DD6FB1,4,30000.0,v0.1
INS_984F0A997831,REQ_B2B151895B58,5,30000.0,v0.1
INS_984F0A997831,REQ_18D05FE184DB,6,30000.0,v0.1
INS_984F0A997831,REQ_A683694C8366,7,30000.0,v0.1
INS_C540C031064D,REQ_F833DAAC70E1,0,11300.0,v0.1
INS_C540C031064D,REQ_819C1630F82D,1,1480.0,v0.1
INS_C540C031064D,REQ_5FBF018FC6F6,2,21910.0,v0.1
INS_C540C031064D,REQ_0E69555FE6E6,3,2130.0,v0.1
INS_C540C031064D,REQ_EADD745EA60C,4,2500.0,v0.1
INS_C540C031064D,REQ_7621D4024BA7,5,1810.0000000000002,v0.1
INS_C540C031064D,REQ_979ED3AC8A38,6,3760.0,v0.1
INS_C540C031064D,REQ_013EDDA44710,7,9520.0,v0.1
INS_C540C031064D,REQ_9F67206318F3,8,1550.0,v0.1
INS_C540C031064D,REQ_0A6F7E606F69,9,850.0,v0.1
INS_C540C031064D,REQ_5300FF45CEAC,10,750.0,v0.1
INS_C540C031064D,REQ_51D479708442,11,30000.0,v0.1
INS_C540C031064D,REQ_34C21EB0A97A,12,18320.0,v0.1
INS_C540C031064D,REQ_B6BAD7ED4E60,13,30000.0,v0.1
INS_C540C031064D,REQ_1AE16A77D5BA,14,2320.0,v0.1
INS_C540C031064D,REQ_4875921C28E3,15,950.0,v0.1
INS_C540C031064D,REQ_2F57B3D78CD0,16,1789.9999999999998,v0.1
INS_C540C031064D,REQ_7B8F1E030722,17,900.0,v0.1
INS_C540C031064D,REQ_8DE4D9E0FB27,18,3500.0,v0.1
INS_C540C031064D,REQ_0B9E3AD3B89E,19,30000.0,v0.1
INS_8A4C91E44CB9,REQ_2E3839EC7C18,0,20640.0,v0.1
INS_8A4C91E44CB9,REQ_A4916E27BF07,1,310.0,v0.1
INS_8A4C91E44CB9,REQ_9BB107475980,2,5070.0,v0.1
INS_8A4C91E44CB9,REQ_1F51D94D297B,3,30000.0,v0.1
INS_8A4C91E44CB9,REQ_D683E8FD4741,4,26470.0,v0.1
INS_8A4C91E44CB9,REQ_019C0E85ACD6,5,16940.0,v0.1
INS_8A4C91E44CB9,REQ_7D6E45D49E0C,6,3380.0,v0.1
INS_8A4C91E44CB9,REQ_B38FEA968306,7,509.99999999999994,v0.1
INS_8A4C91E44CB9,REQ_916FF4C0819C,8,5520.0,v0.1
INS_8A4C91E44CB9,REQ_03A8753275F0,9,5630.0,v0.1
INS_8A4C91E44CB9,REQ_1783B6E2DD4D,10,13920.0,v0.1
INS_23A75176BA03,REQ_1FA12320DDCF,0,660.0,v0.1
INS_23A75176BA03,REQ_180AEAD865FD,1,24890.0,v0.1
INS_23A75176BA03,REQ_F382F14243B8,2,30000.0,v0.1
INS_23A75176BA03,REQ_80877CA14B83,3,370.0,v0.1
INS_23A75176BA03,REQ_2BA351440185,4,390.0,v0.1
INS_23A75176BA03,REQ_50CFB51888D4,5,4340.0,v0.1
INS_23A75176BA03,REQ_BDCB3C5C09FE,6,16890.0,v0.1
INS_23A75176BA03,REQ_DA84C89578D1,7,840.0,v0.1
INS_23A75176BA03,REQ_6C6842327EA2,8,21080.0,v0.1
INS_23A75176BA03,REQ_1116CD53EF67,9,1180.0,v0.1
INS_23A75176BA03,REQ_71963A10CAE3,10,530.0,v0.1
INS_23A75176BA03,REQ_F3F85A82467C,11,550.0,v0.1
INS_23A75176BA03,REQ_66E23A7AEB43,12,1120.0,v0.1
INS_23A75176BA03,REQ_35262BD34430,13,13210.0,v0.1
INS_23A75176BA03,REQ_715FA26815A3,14,3390.0,v0.1
INS_23A75176BA03,REQ_B2CF259F3F0C,15,21750.0,v0.1
INS_A32ADB2F75E3,REQ_DC3703545022,0,2200.0,v0.1
INS_A32ADB2F75E3,REQ_5704B3F354D5,1,10120.0,v0.1
INS_A32ADB2F75E3,REQ_DB98512CE6C5,2,250.0,v0.1
INS_A32ADB2F75E3,REQ_05E21E458774,3,2630.0,v0.1
INS_A32ADB2F75E3,REQ_00FF8C8E4CC7,4,200.0,v0.1
INS_A32ADB2F75E3,REQ_99AC8F80B95F,5,8840.0,v0.1
INS_A32ADB2F75E3,REQ_695540F2E251,6,1650.0,v0.1
INS_A32ADB2F75E3,REQ_9889B090194A,7,14290.0,v0.1
INS_A32ADB2F75E3,REQ_94769A4ECC0B,8,3380.0,v0.1
INS_A32ADB2F75E3,REQ_32B3ABEBBCCE,9,16430.0,v0.1
INS_A32ADB2F75E3,REQ_A724869CADAE,10,10090.0,v0.1
INS_A32ADB2F75E3,REQ_7F57E402D542,11,8440.0,v0.1
INS_A32ADB2F75E3,REQ_E4F17E165827,12,2960.0,v0.1
INS_A32ADB2F75E3,REQ_1E3C81F24427,13,2070.0,v0.1
INS_A32ADB2F75E3,REQ_035AAC066F7F,14,650.0,v0.1
INS_A32ADB2F75E3,REQ_5B8E166E7369,15,3650.0,v0.1
INS_A32ADB2F75E3,REQ_84F106FCB017,16,4830.0,v0.1
INS_A32ADB2F75E3,REQ_6D4E0DB0DB6E,17,1140.0,v0.1
INS_A32ADB2F75E3,REQ_27A0F91D222D,18,7120.0,v0.1
INS_A32ADB2F75E3,REQ_478835E366BE,19,1810.0,v0.1
INS_A32ADB2F75E3,REQ_851314175D90,20,4750.0,v0.1
INS_A32ADB2F75E3,REQ_05EAA5C1ECC0,21,550.0,v0.1
INS_A32ADB2F75E3,REQ_5A32D2D40026,22,5640.0,v0.1
INS_A32ADB2F75E3,REQ_A265D2573C43,23,300.0,v0.1
INS_A32ADB2F75E3,REQ_34F079F2E10F,24,2160.0,v0.1
INS_A32ADB2F75E3,REQ_AA689C89C4C4,25,220.00000000000003,v0.1
INS_A32ADB2F75E3,REQ_FDD4AE206DD5,26,6440.000000000001,v0.1
INS_A32ADB2F75E3,REQ_4F3235F7196A,27,3550.0,v0.1
INS_A32ADB2F75E3,REQ_A4E7C9F4D6E7,28,11620.0,v0.1
INS_A32ADB2F75E3,REQ_DE9203F1E1E3,29,800.0,v0.1
INS_A32ADB2F75E3,REQ_D2EBD507B00A,30,3560.0,v0.1
INS_A32ADB2F75E3,REQ_C75C67960DE4,31,700.0,v0.1
INS_A32ADB2F75E3,REQ_D0FB69AF789B,32,1100.0,v0.1
INS_A32ADB2F75E3,REQ_F86D54A316A0,33,900.0,v0.1
INS_A32ADB2F75E3,REQ_37B50E3EA66C,34,1510.0,v0.1
INS_A32ADB2F75E3,REQ_D869284B6A75,35,18020.0,v0.1
INS_A32ADB2F75E3,REQ_7E1CE34E5D29,36,20140.0,v0.1
INS_A32ADB2F75E3,REQ_42683BD90E2F,37,5980.0,v0.1
INS_A32ADB2F75E3,REQ_7B858AE3DA4B,38,1260.0,v0.1
INS_A32ADB2F75E3,REQ_50CF6CAF2A48,39,10250.0,v0.1
INS_A32ADB2F75E3,REQ_E491ADD43D61,40,10940.0,v0.1
INS_A32ADB2F75E3,REQ_981CF96177D0,41,13850.0,v0.1
INS_A32ADB2F75E3,REQ_BF17E948DB6D,42,3450.0,v0.1
INS_A32ADB2F75E3,REQ_11F1740E2593,43,100.0,v0.1
INS_A32ADB2F75E3,REQ_D5FC0F11AF48,44,2130.0,v0.1
INS_A32ADB2F75E3,REQ_385370DC8F8A,45,30000.0,v0.1
INS_A32ADB2F75E3,REQ_C9D683A096E8,46,5000.0,v0.1
INS_A32ADB2F75E3,REQ_7205FFC7F1BC,47,320.0,v0.1
INS_A32ADB2F75E3,REQ_696A5E97D2DF,48,18310.0,v0.1
INS_C1548C07191D,REQ_2F29D9231CBB,0,860.0,v0.1
INS_C1548C07191D,REQ_943DA25C6885,1,6780.0,v0.1
INS_C1548C07191D,REQ_20BB721A413E,2,16219.999999999998,v0.1
INS_C1548C07191D,REQ_DBFA2241CA9B,3,5200.0,v0.1
INS_C1548C07191D,REQ_6235730B9E2A,4,2080.0,v0.1
INS_C1548C07191D,REQ_180C895F0115,5,1160.0,v0.1
INS_C1548C07191D,REQ_9EC23CC4FAC4,6,2300.0,v0.1
INS_C1548C07191D,REQ_7C4E4DDFBB90,7,7230.0,v0.1
INS_C1548C07191D,REQ_C0E49F2D07FD,8,10040.0,v0.1
INS_C1548C07191D,REQ_FB0AA356C5FF,9,2860.0,v0.1
INS_C1548C07191D,REQ_DD6C4E9023E4,10,630.0,v0.1
INS_C1548C07191D,REQ_24A4B41AF979,11,3250.0,v0.1
INS_C1548C07191D,REQ_0724726AB87A,12,2520.0,v0.1
INS_C1548C07191D,REQ_B6B0059181B8,13,20540.0,v0.1
INS_C1548C07191D,REQ_E7ACB49559A5,14,690.0,v0.1
INS_C1548C07191D,REQ_469BE6037717,15,3310.0,v0.1
INS_C1548C07191D,REQ_611A348F0E01,16,3630.0,v0.1
INS_C1548C07191D,REQ_7A7A3DF0C7A4,17,2120.0,v0.1
INS_C1548C07191D,REQ_81E3195B91A7,18,2200.0,v0.1
INS_C1548C07191D,REQ_FCF1274D225B,19,1540.0,v0.1
INS_C1548C07191D,REQ_C4BE34189B02,20,700.0,v0.1
INS_C1548C07191D,REQ_366399F38109,21,23040.0,v0.1
INS_C1548C07191D,REQ_B3951033B964,22,2875.0,v0.1
INS_C1548C07191D,REQ_ED1FDB0E76C8,23,9620.0,v0.1
INS_C1548C07191D,REQ_7899C9D75D55,24,430.0,v0.1
INS_C1548C07191D,REQ_A08574D0A8CF,25,9450.0,v0.1
INS_C1548C07191D,REQ_A01A3DF44377,26,1280.0,v0.1
INS_C1548C07191D,REQ_53EE50BE3280,27,2370.0,v0.1
INS_C1548C07191D,REQ_77027B8F9A40,28,30000.0,v0.1
INS_C1548C07191D,REQ_1D2D4E5D6E4B,29,30000.0,v0.1
INS_15DB58383023,REQ_6998AED81AAD,0,7670.0,v0.1
INS_15DB58383023,REQ_37CCCB5E2994,1,600.0,v0.1
INS_15DB58383023,REQ_E29227DA7391,2,10900.0,v0.1
INS_15DB58383023,REQ_A5887ACD0217,3,2690.0,v0.1
INS_15DB58383023,REQ_61FB61C3B8D3,4,4300.0,v0.1
INS_15DB58383023,REQ_26C6E623E3F3,5,2320.0,v0.1
INS_15DB58383023,REQ_205513CE5173,6,8990.0,v0.1
INS_15DB58383023,REQ_D01140B78D80,7,25090.0,v0.1
INS_15DB58383023,REQ_D43D42BFDBBA,8,30000.0,v0.1
INS_15DB58383023,REQ_2383F520E69F,9,10770.0,v0.1
INS_E607B17078F5,REQ_353B8A97A9B2,0,6040.0,v0.1
INS_E607B17078F5,REQ_716FCC3631F4,1,14440.0,v0.1
INS_E607B17078F5,REQ_6FB7977D7D6D,2,30000.0,v0.1
INS_E607B17078F5,REQ_B4C72B9CB9DB,3,4820.0,v0.1
INS_E607B17078F5,REQ_60D5370AD062,4,13400.0,v0.1
INS_E607B17078F5,REQ_E064BB32349F,5,420.0,v0.1
INS_E607B17078F5,REQ_824BB39F9AB9,6,30000.0,v0.1
INS_E607B17078F5,REQ_2C9EE9A59FF7,7,18320.0,v0.1
INS_E607B17078F5,REQ_2924986E5DEF,8,16580.0,v0.1
INS_E607B17078F5,REQ_4C1DDF3B5E0D,9,1450.0,v0.1
INS_E607B17078F5,REQ_40917EED454B,10,30000.0,v0.1
INS_E607B17078F5,REQ_C05808FA4555,11,14650.0,v0.1
INS_F95AA59376F1,REQ_A095E3AC1D21,0,30000.0,v0.1
INS_F95AA59376F1,REQ_A683694C8366,1,30000.0,v0.1
INS_F95AA59376F1,REQ_B2B151895B58,2,30000.0,v0.1
INS_F95AA59376F1,REQ_3D137029DB76,3,30000.0,v0.1
INS_F95AA59376F1,REQ_24B4F438D94F,4,30000.0,v0.1
INS_F95AA59376F1,REQ_B65209DD6FB1,5,30000.0,v0.1
INS_F95AA59376F1,REQ_18D05FE184DB,6,30000.0,v0.1
INS_F95AA59376F1,REQ_BC3AE572C21A,7,30000.0,v0.1
INS_088B10E56CE9,REQ_6E1AC37237DA,0,80.0,v0.1
INS_088B10E56CE9,REQ_1D223FC438F5,1,7650.0,v0.1
INS_088B10E56CE9,REQ_59223B4DEB65,2,1110.0,v0.1
INS_088B10E56CE9,REQ_6C2E62831107,3,3280.0,v0.1
INS_088B10E56CE9,REQ_436262394FE0,4,14750.0,v0.1
INS_088B10E56CE9,REQ_FEE6606957A1,5,15175.0,v0.1
INS_088B10E56CE9,REQ_7F9309EDD188,6,1150.0,v0.1
INS_088B10E56CE9,REQ_3C3F7B931863,7,5070.0,v0.1
INS_088B10E56CE9,REQ_657963823440,8,580.0,v0.1
INS_088B10E56CE9,REQ_28C4A49C1D31,9,1710.0,v0.1
INS_088B10E56CE9,REQ_5DE85EABFEBA,10,1310.0,v0.1
INS_088B10E56CE9,REQ_3AF787624B0C,11,80.0,v0.1
INS_088B10E56CE9,REQ_5D44587AAFB2,12,30000.0,v0.1
INS_088B10E56CE9,REQ_C572A483C2B5,13,790.0,v0.1
INS_088B10E56CE9,REQ_022B58AACEC2,14,5190.0,v0.1
INS_088B10E56CE9,REQ_72B3D7B442BC,15,550.0,v0.1
INS_088B10E56CE9,REQ_29176F9FE197,16,1670.0,v0.1
INS_088B10E56CE9,REQ_E686AB51D113,17,30000.0,v0.1
INS_088B10E56CE9,REQ_3C149C5642CA,18,11150.0,v0.1
INS_088B10E56CE9,REQ_1712BDF98E57,19,9560.0,v0.1
INS_088B10E56CE9,REQ_6A05F7AF1705,20,100.0,v0.1
INS_088B10E56CE9,REQ_0B340A92D19F,21,290.0,v0.1
INS_088B10E56CE9,REQ_1882B326043B,22,1820.0,v0.1
INS_088B10E56CE9,REQ_C7E1AAC93852,23,250.0,v0.1
INS_088B10E56CE9,REQ_C9769B006672,24,2500.0,v0.1
INS_088B10E56CE9,REQ_B71AEE958FB6,25,3440.0,v0.1
INS_088B10E56CE9,REQ_24B403212EDF,26,30000.0,v0.1
INS_088B10E56CE9,REQ_F91F00E20A86,27,80.0,v0.1
INS_088B10E56CE9,REQ_AF0FB46C810B,28,3980.0,v0.1
INS_088B10E56CE9,REQ_DBAF57C7938E,29,3020.0,v0.1
INS_088B10E56CE9,REQ_B725BF8714C7,30,6290.0,v0.1
INS_088B10E56CE9,REQ_FD3EFE62D3F6,31,1340.0,v0.1
INS_088B10E56CE9,REQ_00D0E778BDC9,32,270.0,v0.1
INS_6E9E46305F8B,REQ_76A2DEF927DF,0,29580.0,v0.1
INS_6E9E46305F8B,REQ_78FDB0FE23E1,1,27989.999999999996,v0.1
INS_6E9E46305F8B,REQ_5C0D9C158986,2,30000.0,v0.1
INS_6E9E46305F8B,REQ_7ACA61B92264,3,30000.0,v0.1
INS_6E9E46305F8B,REQ_8E26BBF349D2,4,16170.0,v0.1
INS_6E9E46305F8B,REQ_741D7C899A40,5,28300.0,v0.1
INS_6E9E46305F8B,REQ_F7096718A566,6,30000.0,v0.1
INS_6E9E46305F8B,REQ_B48E6E855405,7,1560.0,v0.1
INS_6E9E46305F8B,REQ_5E54E5864B58,8,22950.0,v0.1
INS_6E9E46305F8B,REQ_C5F91943C6B3,9,130.0,v0.1
INS_6E9E46305F8B,REQ_50339901A49C,10,30000.0,v0.1
INS_6E9E46305F8B,REQ_7013929C9575,11,1010.0,v0.1
INS_6E9E46305F8B,REQ_F2AFC438D0DB,12,100.0,v0.1
INS_6E9E46305F8B,REQ_A2C99B411D9B,13,17310.0,v0.1
INS_6E9E46305F8B,REQ_16B5B77CD70B,14,800.0,v0.1
INS_6E9E46305F8B,REQ_C16D9E2DB7B9,15,130.0,v0.1
INS_6E9E46305F8B,REQ_3B1A9B374C84,16,780.0,v0.1
INS_6E9E46305F8B,REQ_FE1B229AD9D8,17,30000.0,v0.1
INS_1C755F564A03,REQ_169C951EBFE8,0,18280.0,v0.1
INS_1C755F564A03,REQ_7C82D856E4DF,1,1500.0,v0.1
INS_1C755F564A03,REQ_9782CE937EEA,2,30000.0,v0.1
INS_1C755F564A03,REQ_76B8F5282EED,3,14700.0,v0.1
INS_1C755F564A03,REQ_E02B6CC37F49,4,13310.0,v0.1
INS_1C755F564A03,REQ_80A0CD71E9AA,5,23250.0,v0.1
INS_1C755F564A03,REQ_74D80E6419D3,6,710.0,v0.1
INS_1C755F564A03,REQ_A8A796745767,7,2340.0,v0.1
INS_1C755F564A03,REQ_597A29727415,8,30000.0,v0.1
INS_1C755F564A03,REQ_BD50816629D5,9,30000.0,v0.1
INS_1C755F564A03,REQ_9854F22FFC9A,10,470.0,v0.1
INS_1C755F564A03,REQ_61FA8FE9D26B,11,30000.0,v0.1
INS_1C755F564A03,REQ_1B8136D83B23,12,30000.0,v0.1
INS_1C755F564A03,REQ_AC8C79DC23AC,13,30000.0,v0.1
INS_1C755F564A03,REQ_A1AD7B4E66F6,14,30000.0,v0.1
INS_1C755F564A03,REQ_546A17E8F2F1,15,1550.0,v0.1
INS_1C755F564A03,REQ_01C5EF112911,16,30000.0,v0.1
INS_1C755F564A03,REQ_5DEC6F33BD84,17,30000.0,v0.1
INS_1C755F564A03,REQ_D53D2A8D9117,18,30000.0,v0.1
INS_1C755F564A03,REQ_88351F3B8D32,19,30000.0,v0.1
INS_1C755F564A03,REQ_66C3BF61C5CC,20,26720.0,v0.1
INS_1C755F564A03,REQ_8D4F7D426F20,21,6170.0,v0.1
INS_1C755F564A03,REQ_425BA2B48C5A,22,5590.0,v0.1
INS_037FFF18C1F8,REQ_2953F8BBF28B,0,1500.0,v0.1
INS_037FFF18C1F8,REQ_A5CB97293E4A,1,12900.0,v0.1
INS_037FFF18C1F8,REQ_960ED7F69159,2,7490.0,v0.1
INS_037FFF18C1F8,REQ_6344AE49CF67,3,16750.0,v0.1
INS_037FFF18C1F8,REQ_B73DF6DE0F5B,4,21240.0,v0.1
INS_037FFF18C1F8,REQ_C990C25F3154,5,280.0,v0.1
INS_037FFF18C1F8,REQ_E59CF68DADF6,6,30000.0,v0.1
INS_037FFF18C1F8,REQ_248EDF158F79,7,21610.0,v0.1
INS_037FFF18C1F8,REQ_75A7B434C971,8,30000.0,v0.1
INS_037FFF18C1F8,REQ_EE3C19E57510,9,20470.0,v0.1
INS_037FFF18C1F8,REQ_33EE0968CC52,10,10200.0,v0.1
INS_037FFF18C1F8,REQ_2319768B67BC,11,2240.0,v0.1
INS_037FFF18C1F8,REQ_9236064B4633,12,30000.0,v0.1
INS_037FFF18C1F8,REQ_FAC35B04426B,13,3210.0,v0.1
INS_037FFF18C1F8,REQ_9A1A9E46DD1F,14,1689.9999999999998,v0.1
INS_037FFF18C1F8,REQ_13BAD31A1540,15,11580.0,v0.1
INS_037FFF18C1F8,REQ_0118AB045DD5,16,1190.0,v0.1
INS_037FFF18C1F8,REQ_81E2E10C5B84,17,640.0,v0.1
INS_037FFF18C1F8,REQ_FD2FA9AA2162,18,7400.0,v0.1
INS_037FFF18C1F8,REQ_98541E947F1D,19,1920.0,v0.1
INS_037FFF18C1F8,REQ_0AB3961630EC,20,14240.0,v0.1
INS_037FFF18C1F8,REQ_6A4957437689,21,30000.0,v0.1
INS_037FFF18C1F8,REQ_34A60E985C46,22,30000.0,v0.1
INS_037FFF18C1F8,REQ_A2FBDF4B517D,23,30000.0,v0.1
INS_037FFF18C1F8,REQ_EA4B1FCE5905,24,15410.0,v0.1
INS_037FFF18C1F8,REQ_88C84371AB2E,25,1260.0,v0.1
INS_037FFF18C1F8,REQ_30B251621422,26,490.00000000000006,v0.1
INS_037FFF18C1F8,REQ_EF6C2CEACD30,27,350.0,v0.1
INS_037FFF18C1F8,REQ_8A596ADDC6B5,28,19160.0,v0.1
INS_FD12B8D764BB,REQ_A7B64C610CE5,0,740.0,v0.1
INS_FD12B8D764BB,REQ_E64F788D4F1A,1,900.0,v0.1
INS_FD12B8D764BB,REQ_07BC35B4C258,2,250.0,v0.1
INS_FD12B8D764BB,REQ_6A34F7B94CE0,3,490.00000000000006,v0.1
INS_FD12B8D764BB,REQ_6A875ABBC552,4,3650.0,v0.1
INS_FD12B8D764BB,REQ_CCD2BE2DE4BA,5,440.0,v0.1
INS_FD12B8D764BB,REQ_D463AD30912A,6,1750.0,v0.1
INS_FD12B8D764BB,REQ_C35CF239DF99,7,190.0,v0.1
INS_FD12B8D764BB,REQ_5044E1700977,8,350.0,v0.1
INS_FD12B8D764BB,REQ_0A09A3DD04DA,9,400.0,v0.1
INS_FD12B8D764BB,REQ_1A40C80077BE,10,170.0,v0.1
INS_FD12B8D764BB,REQ_D9FC84A7229C,11,920.0,v0.1
INS_FD12B8D764BB,REQ_2F6BBF379448,12,2840.0,v0.1
INS_FD12B8D764BB,REQ_EF4CD980E535,13,700.0,v0.1
INS_FD12B8D764BB,REQ_C7C6E0727C2A,14,7150.0,v0.1
INS_FD12B8D764BB,REQ_947D65C5F540,15,9350.0,v0.1
INS_FD12B8D764BB,REQ_7FB7833A93C3,16,2400.0,v0.1
INS_FD12B8D764BB,REQ_2C4F77FE955D,17,400.0,v0.1
INS_FD12B8D764BB,REQ_D2FDA454EB82,18,430.0,v0.1
INS_FD12B8D764BB,REQ_FE9BF78D982B,19,450.0,v0.1
INS_FD12B8D764BB,REQ_9B9A15D12597,20,30000.0,v0.1
INS_FD12B8D764BB,REQ_743D096F955A,21,5650.0,v0.1
INS_FD12B8D764BB,REQ_39D53D345B81,22,16850.0,v0.1
INS_FD12B8D764BB,REQ_F136DECE4283,23,30000.0,v0.1
INS_FD12B8D764BB,REQ_D9D5D30E5EB7,24,330.0,v0.1
INS_FD12B8D764BB,REQ_627CC9626DBD,25,900.0,v0.1
INS_FD12B8D764BB,REQ_5C5D970D44BA,26,6360.0,v0.1
INS_FD12B8D764BB,REQ_920B97CD15BE,27,2200.0,v0.1
INS_2F1E0EEEE2ED,REQ_AF4AD3A6611A,0,30000.0,v0.1
INS_2F1E0EEEE2ED,REQ_5B3C4638AB55,1,1190.0,v0.1
INS_2F1E0EEEE2ED,REQ_ECBE359E1087,2,8330.0,v0.1
INS_2F1E0EEEE2ED,REQ_A47978882EE5,3,2640.0,v0.1
INS_2F1E0EEEE2ED,REQ_4A08B58C0E52,4,250.0,v0.1
INS_2F1E0EEEE2ED,REQ_C3E6977E3428,5,30000.0,v0.1
INS_2F1E0EEEE2ED,REQ_E59F0BDECF20,6,2040.0,v0.1
INS_2F1E0EEEE2ED,REQ_1665CDC9FA53,7,1040.0,v0.1
INS_2F1E0EEEE2ED,REQ_F26A26FC341A,8,19890.0,v0.1
INS_2F1E0EEEE2ED,REQ_57B6123A2CA6,9,2500.0,v0.1
INS_2F1E0EEEE2ED,REQ_F7AE8B0D5D3F,10,1350.0,v0.1
INS_2F1E0EEEE2ED,REQ_6EF281D64758,11,90.0,v0.1
INS_2F1E0EEEE2ED,REQ_5A4A3B06C3FE,12,1470.0,v0.1
INS_2F1E0EEEE2ED,REQ_DCFCE8CA401C,13,100.0,v0.1
INS_2F1E0EEEE2ED,REQ_EDB1CD59014B,14,5500.0,v0.1
INS_BAC9C93725B1,REQ_9A3BE6F0F5B2,0,30000.0,v0.1
INS_BAC9C93725B1,REQ_1F4267DD095E,1,24350.0,v0.1
INS_BAC9C93725B1,REQ_57CC5E51EC0E,2,6870.0,v0.1
INS_BAC9C93725B1,REQ_39CEB29D7D1F,3,330.0,v0.1
INS_BAC9C93725B1,REQ_2C6F7A0952E5,4,1130.0,v0.1
INS_BAC9C93725B1,REQ_96D25564980C,5,5330.0,v0.1
INS_BAC9C93725B1,REQ_14A3D00B6A33,6,1960.0,v0.1
INS_BAC9C93725B1,REQ_FA6B2DBF5AFB,7,180.0,v0.1
INS_BAC9C93725B1,REQ_E02EF1C9C2FE,8,30000.0,v0.1
INS_BAC9C93725B1,REQ_4AA4A0AC1572,9,30000.0,v0.1
INS_BAC9C93725B1,REQ_BB97021B8045,10,500.0,v0.1
INS_BAC9C93725B1,REQ_06AB3427B157,11,660.0,v0.1
INS_BAC9C93725B1,REQ_32D098F2C685,12,3700.0,v0.1
INS_BAC9C93725B1,REQ_0073A975AE7C,13,840.0,v0.1
INS_BAC9C93725B1,REQ_17F8A27FFFBB,14,17700.0,v0.1
INS_BAC9C93725B1,REQ_8980481044CC,15,170.0,v0.1
INS_BAC9C93725B1,REQ_2538F0ABF620,16,3100.0,v0.1
INS_BAC9C93725B1,REQ_AFF5DBE6478D,17,8050.000000000001,v0.1
INS_BAC9C93725B1,REQ_CA5A6C68D153,18,30000.0,v0.1
INS_BAC9C93725B1,REQ_523C6DB58033,19,1050.0,v0.1
INS_BAC9C93725B1,REQ_BEAA03D4EBDF,20,30000.0,v0.1
INS_BAC9C93725B1,REQ_A4D3C7C36221,21,160.0,v0.1
INS_BAC9C93725B1,REQ_BC5F12978C3E,22,30000.0,v0.1
INS_BAC9C93725B1,REQ_959A4D2FEE07,23,10640.0,v0.1
INS_BAC9C93725B1,REQ_96BCF7F4C36C,24,30000.0,v0.1
INS_BAC9C93725B1,REQ_D48D2BC90A25,25,1200.0,v0.1
INS_BAC9C93725B1,REQ_3D4C7F6CB3BB,26,1350.0,v0.1
INS_BAC9C93725B1,REQ_7F10F7079F66,27,16790.0,v0.1
INS_BAC9C93725B1,REQ_DD24F7A8C9F5,28,10820.0,v0.1
INS_E760796BA87E,REQ_E5F63E0A0B9D,0,1840.0,v0.1
INS_E760796BA87E,REQ_F82411CC8F94,1,16280.0,v0.1
INS_E760796BA87E,REQ_D91287D92D62,2,3979.9999999999995,v0.1
INS_E760796BA87E,REQ_CDC63C174679,3,630.0,v0.1
INS_E760796BA87E,REQ_8BFFBE8337B2,4,12450.0,v0.1
INS_E760796BA87E,REQ_9549F2A621F7,5,8030.0,v0.1
INS_E760796BA87E,REQ_EB7EACBC5598,6,400.0,v0.1
INS_E760796BA87E,REQ_CF6AC933C9F2,7,5290.0,v0.1
INS_E760796BA87E,REQ_DB40E149ED2A,8,5550.0,v0.1
INS_E760796BA87E,REQ_A1EF844F7946,9,6270.0,v0.1
INS_E760796BA87E,REQ_C61925C25828,10,26160.0,v0.1
INS_E760796BA87E,REQ_9B85DFE72FD9,11,860.0,v0.1
INS_E760796BA87E,REQ_8720112ECCDB,12,4450.0,v0.1
INS_E760796BA87E,REQ_91E0EEF670A6,13,3600.0,v0.1
INS_E760796BA87E,REQ_1DAC137AF899,14,1300.0,v0.1
INS_E760796BA87E,REQ_E9E0DDCE3356,15,12300.0,v0.1
INS_E760796BA87E,REQ_914338094BBF,16,1000.0,v0.1
INS_E760796BA87E,REQ_AB2C19D27623,17,300.0,v0.1
INS_E760796BA87E,REQ_F581CA8E8641,18,400.0,v0.1
INS_E760796BA87E,REQ_0E97BAA62BE5,19,30000.0,v0.1
INS_E760796BA87E,REQ_0676BC8FBEAD,20,10240.0,v0.1
INS_E760796BA87E,REQ_86A7FFC1860D,21,7500.0,v0.1
INS_E760796BA87E,REQ_F74760C272CC,22,30000.0,v0.1
INS_E760796BA87E,REQ_B717A70BDAE0,23,5640.0,v0.1
INS_E760796BA87E,REQ_A35C295642E3,24,1150.0,v0.1
INS_E760796BA87E,REQ_10D45FF78EF0,25,170.0,v0.1
INS_E760796BA87E,REQ_08731FD13BC2,26,9900.0,v0.1
INS_E760796BA87E,REQ_1EE9BF66006D,27,23430.0,v0.1
INS_E760796BA87E,REQ_94A3873A6770,28,30000.0,v0.1
INS_E760796BA87E,REQ_EB1A55F36527,29,400.0,v0.1
INS_E760796BA87E,REQ_BAE37C55A8F3,30,340.0,v0.1
INS_E760796BA87E,REQ_8F8EF5102D28,31,15500.0,v0.1
INS_E760796BA87E,REQ_E2C6E77D597D,32,5120.0,v0.1
INS_E760796BA87E,REQ_896346B92833,33,30000.0,v0.1
INS_E760796BA87E,REQ_7CAA9AA22AC6,34,2010.0000000000002,v0.1
INS_E760796BA87E,REQ_040FABC7A9E0,35,3940.0,v0.1
INS_E760796BA87E,REQ_A0FB6A129698,36,730.0,v0.1
INS_E760796BA87E,REQ_E85FA3486415,37,30000.0,v0.1
INS_E760796BA87E,REQ_384B14E64D10,38,4360.0,v0.1
INS_E760796BA87E,REQ_4CDC0443EDE7,39,7080.0,v0.1
INS_E760796BA87E,REQ_F498DB9AA186,40,990.0,v0.1
INS_E760796BA87E,REQ_D842DE317F7A,41,1280.0,v0.1
INS_E760796BA87E,REQ_04BAB8CB41D8,42,4500.0,v0.1
INS_E760796BA87E,REQ_ADE7E9B77A98,43,8500.0,v0.1
INS_E760796BA87E,REQ_4D6D647DACDE,44,1120.0,v0.1
INS_E760796BA87E,REQ_126BDBA33585,45,600.0,v0.1
INS_E760796BA87E,REQ_E225AC61396D,46,11580.0,v0.1
INS_E760796BA87E,REQ_8CBD357ED03A,47,17230.0,v0.1
INS_E760796BA87E,REQ_D9357740C166,48,450.0,v0.1
INS_E760796BA87E,REQ_1B54720C91B5,49,550.0,v0.1
INS_E760796BA87E,REQ_8617AFC3AD75,50,12920.0,v0.1
INS_F7C09D06D8EC,REQ_9679C7F2CD61,0,8850.0,v0.1
INS_F7C09D06D8EC,REQ_B22EBEE6526B,1,30000.0,v0.1
INS_F7C09D06D8EC,REQ_5455FE6BCC81,2,480.0,v0.1
INS_F7C09D06D8EC,REQ_31051F9D5147,3,7590.0,v0.1
INS_F7C09D06D8EC,REQ_862AA276F180,4,110.0,v0.1
INS_F7C09D06D8EC,REQ_8F3BD89B8C29,5,19200.0,v0.1
INS_F7C09D06D8EC,REQ_60871B3EF8FD,6,200.0,v0.1
INS_F7C09D06D8EC,REQ_3A1039C4A0F6,7,11340.0,v0.1
INS_F7C09D06D8EC,REQ_C866E3ED8C6B,8,30000.0,v0.1
INS_F7C09D06D8EC,REQ_25FCA32763F5,9,30000.0,v0.1
INS_F7C09D06D8EC,REQ_59169D1C42EB,10,600.0,v0.1
INS_F7C09D06D8EC,REQ_FB6F53CC7461,11,26350.0,v0.1
INS_F7C09D06D8EC,REQ_DFFC9D55F101,12,27180.0,v0.1
INS_F7C09D06D8EC,REQ_065E9F0AB00B,13,30000.0,v0.1
INS_F7C09D06D8EC,REQ_114B0B4A76CC,14,30000.0,v0.1
INS_F7C09D06D8EC,REQ_8616D1DFCF12,15,2070.0,v0.1
INS_F7C09D06D8EC,REQ_BAE27EAEC29B,16,2150.0,v0.1
INS_F7C09D06D8EC,REQ_9B6237117D87,17,240.0,v0.1
INS_F7C09D06D8EC,REQ_5366AD7EA89D,18,250.0,v0.1
INS_F7C09D06D8EC,REQ_1E2C04032055,19,30000.0,v0.1
INS_F7C09D06D8EC,REQ_E475DD909131,20,260.0,v0.1
INS_F7C09D06D8EC,REQ_C5E285534B5F,21,1160.0,v0.1
INS_F7C09D06D8EC,REQ_673F34C40032,22,30000.0,v0.1
INS_F7C09D06D8EC,REQ_17843B9165BA,23,650.0,v0.1
INS_F7C09D06D8EC,REQ_6A9672AD7F71,24,640.0,v0.1
INS_F7C09D06D8EC,REQ_87F60BA022C4,25,280.0,v0.1
INS_F7C09D06D8EC,REQ_AF8F3D7B8D21,26,24970.0,v0.1
INS_F7C09D06D8EC,REQ_F57268278C27,27,360.0,v0.1
INS_F7C09D06D8EC,REQ_DD2BB99A8ACC,28,7400.0,v0.1
INS_F7C09D06D8EC,REQ_49313FAA0FFE,29,600.0,v0.1
INS_F7C09D06D8EC,REQ_EF7D7694D3CF,30,290.0,v0.1
INS_F7C09D06D8EC,REQ_9D76D05E7223,31,30000.0,v0.1
INS_F7C09D06D8EC,REQ_0C8AD2C458A4,32,30000.0,v0.1
INS_F7C09D06D8EC,REQ_126D0FF6BD89,33,640.0,v0.1
INS_F7C09D06D8EC,REQ_1A93E68A553A,34,24980.0,v0.1
INS_F7C09D06D8EC,REQ_78E5CC497448,35,250.0,v0.1
INS_F7C09D06D8EC,REQ_4307B8714003,36,5750.0,v0.1
INS_F7C09D06D8EC,REQ_56F0D2E58964,37,1690.0,v0.1
INS_F7C09D06D8EC,REQ_029084C94DC0,38,570.0,v0.1
INS_D6AE9C667178,REQ_80B9F67D3718,0,3100.0,v0.1
INS_D6AE9C667178,REQ_69CD4BD9897C,1,9200.0,v0.1
INS_D6AE9C667178,REQ_3F53CE836370,2,1960.0000000000002,v0.1
INS_D6AE9C667178,REQ_F6B913C2D23F,3,770.0,v0.1
INS_D6AE9C667178,REQ_A5669580C086,4,8930.0,v0.1
INS_D6AE9C667178,REQ_2D0CA33CED67,5,1000.0,v0.1
INS_D6AE9C667178,REQ_6DF88F8301E7,6,12130.0,v0.1
INS_D6AE9C667178,REQ_3FA3CC4C51F7,7,2160.0,v0.1
INS_D6AE9C667178,REQ_90A61920EF7C,8,1740.0,v0.1
INS_D6AE9C667178,REQ_81E832633FC0,9,18220.0,v0.1
INS_D6AE9C667178,REQ_5255437B1D08,10,960.0,v0.1
INS_D6AE9C667178,REQ_14D73EE62435,11,1100.0,v0.1
INS_D6AE9C667178,REQ_9C37DF811055,12,13420.0,v0.1
INS_D6AE9C667178,REQ_E7B69D541140,13,450.0,v0.1
INS_D6AE9C667178,REQ_798799FA588F,14,320.0,v0.1
INS_D6AE9C667178,REQ_BAA2A230308F,15,12200.0,v0.1
INS_D6AE9C667178,REQ_858AB5E14EA7,16,3700.0,v0.1
INS_D6AE9C667178,REQ_D28F13DC7F7D,17,660.0,v0.1
INS_D6AE9C667178,REQ_2B710A8BD7F7,18,2420.0,v0.1
INS_D6AE9C667178,REQ_801D64AD305C,19,21930.0,v0.1
INS_11F6F494C0F7,REQ_D65AB2D6389C,0,9020.0,v0.1
INS_11F6F494C0F7,REQ_ECA0B685816A,1,2000.0,v0.1
INS_11F6F494C0F7,REQ_E1C32303012C,2,30000.0,v0.1
INS_11F6F494C0F7,REQ_B162F51379CD,3,230.0,v0.1
INS_11F6F494C0F7,REQ_80B70B6EEF65,4,8140.0,v0.1
INS_11F6F494C0F7,REQ_C1E6DA054522,5,340.0,v0.1
INS_11F6F494C0F7,REQ_F604ED7D0759,6,100.0,v0.1
INS_11F6F494C0F7,REQ_B0A178A509CA,7,27490.0,v0.1
INS_11F6F494C0F7,REQ_513AC5C7D292,8,710.0,v0.1
INS_11F6F494C0F7,REQ_4750ABFBA67C,9,1680.0,v0.1
INS_11F6F494C0F7,REQ_5F7C9334CCD2,10,2830.0,v0.1
INS_11F6F494C0F7,REQ_3DB52BE901E1,11,1100.0,v0.1
INS_11F6F494C0F7,REQ_8397A53985D4,12,520.0,v0.1
INS_11F6F494C0F7,REQ_B422448D41B1,13,280.0,v0.1
INS_11F6F494C0F7,REQ_059F366FAE83,14,17660.0,v0.1
INS_11F6F494C0F7,REQ_591999538312,15,830.0000000000001,v0.1
INS_11F6F494C0F7,REQ_43D07903B09C,16,940.0,v0.1
INS_11F6F494C0F7,REQ_EFBE7093F996,17,300.0,v0.1
INS_11F6F494C0F7,REQ_5CAFC9D11367,18,400.0,v0.1
INS_11F6F494C0F7,REQ_FC3630AB495E,19,2970.0,v0.1
INS_11F6F494C0F7,REQ_FEED733D50D4,20,1450.0,v0.1
INS_11F6F494C0F7,REQ_C4A562365B76,21,460.0,v0.1
INS_11F6F494C0F7,REQ_4503DCE06307,22,9950.0,v0.1
INS_11F6F494C0F7,REQ_29D9D58E2211,23,1700.0,v0.1
INS_11F6F494C0F7,REQ_DC601FCA5CBA,24,660.0,v0.1
INS_11F6F494C0F7,REQ_E7FE37A0D723,25,100.0,v0.1
INS_11F6F494C0F7,REQ_458A4FFBE25B,26,700.0,v0.1
INS_11F6F494C0F7,REQ_BA02D4A00AC5,27,4600.0,v0.1
INS_11F6F494C0F7,REQ_61D77E272462,28,760.0,v0.1
INS_11F6F494C0F7,REQ_F39A99E82816,29,30000.0,v0.1
INS_8EBC2219B1C0,REQ_FEA32B8AE082,0,400.0,v0.1
INS_8EBC2219B1C0,REQ_117C75DFE4D4,1,440.0,v0.1
INS_8EBC2219B1C0,REQ_66F48EF0518B,2,2180.0,v0.1
INS_8EBC2219B1C0,REQ_AE6C43106D30,3,5200.0,v0.1
INS_8EBC2219B1C0,REQ_824CE6C0712C,4,30000.0,v0.1
INS_8EBC2219B1C0,REQ_CFDDAC7EEA13,5,600.0,v0.1
INS_8EBC2219B1C0,REQ_E24BC30C6418,6,100.0,v0.1
INS_8EBC2219B1C0,REQ_227EEF3FEA27,7,1050.0,v0.1
INS_8EBC2219B1C0,REQ_36C1EA3A4482,8,3360.0,v0.1
INS_8EBC2219B1C0,REQ_7BF55EBB7B9A,9,8050.0,v0.1
INS_8EBC2219B1C0,REQ_7EAC8C91C176,10,730.0,v0.1
INS_8EBC2219B1C0,REQ_459E8FEF26B5,11,620.0,v0.1
INS_8EBC2219B1C0,REQ_D2BD46F20663,12,1200.0,v0.1
INS_7ECDE91E537E,REQ_9A11C8C8F23F,0,400.0,v0.1
INS_7ECDE91E537E,REQ_DFF62A91CA29,1,1500.0,v0.1
INS_7ECDE91E537E,REQ_189B46E89069,2,8750.0,v0.1
INS_7ECDE91E537E,REQ_B8876C51F492,3,26010.0,v0.1
INS_7ECDE91E537E,REQ_CEFF5D192F7D,4,980.0000000000001,v0.1
INS_7ECDE91E537E,REQ_D455AFFBD733,5,3200.0,v0.1
INS_7ECDE91E537E,REQ_E3E72E28BD4C,6,8350.0,v0.1
INS_7ECDE91E537E,REQ_BA617193CDA3,7,2530.0,v0.1
INS_7ECDE91E537E,REQ_2FE28649E2EF,8,1180.0,v0.1
INS_7ECDE91E537E,REQ_7D0413325664,9,1340.0,v0.1
INS_7ECDE91E537E,REQ_2A3795FED8B2,10,1390.0,v0.1
INS_7ECDE91E537E,REQ_F3DB55C91114,11,28710.0,v0.1
INS_7ECDE91E537E,REQ_F6BDB982B1C9,12,3170.0,v0.1
INS_7ECDE91E537E,REQ_AB557BB78B89,13,4720.0,v0.1
INS_7ECDE91E537E,REQ_CCE44503FBCE,14,840.0,v0.1
INS_7ECDE91E537E,REQ_D1462A3EC1F1,15,1730.0,v0.1
INS_F1CE2501BCAF,REQ_60A30FF5706E,0,30000.0,v0.1
INS_F1CE2501BCAF,REQ_52A730D2A4D0,1,30000.0,v0.1
INS_F1CE2501BCAF,REQ_3625F234CC23,2,4780.0,v0.1
INS_F1CE2501BCAF,REQ_0B01992BD387,3,1790.0,v0.1
INS_F1CE2501BCAF,REQ_2A72E41546D7,4,690.0,v0.1
INS_F1CE2501BCAF,REQ_7AED2FF1242F,5,2380.0,v0.1
INS_F1CE2501BCAF,REQ_958ACEB760A8,6,1230.0,v0.1
INS_F1CE2501BCAF,REQ_FFE428014ADC,7,1670.0,v0.1
INS_F1CE2501BCAF,REQ_C48CFFBDAAA5,8,17790.0,v0.1
INS_F1CE2501BCAF,REQ_5A1A486608A6,9,3780.0,v0.1
INS_F1CE2501BCAF,REQ_A6043308E4DD,10,30000.0,v0.1
INS_3861CEA9817B,REQ_CC67F1804610,0,1600.0,v0.1
INS_3861CEA9817B,REQ_4DEE818A8A19,1,20590.0,v0.1
INS_3861CEA9817B,REQ_8EC63DF9FDB2,2,440.0,v0.1
INS_3861CEA9817B,REQ_E5DF2F39319E,3,1140.0,v0.1
INS_3861CEA9817B,REQ_DCE4FDC22D1E,4,30000.0,v0.1
INS_3861CEA9817B,REQ_6CAD0FF9972F,5,19950.0,v0.1
INS_3861CEA9817B,REQ_42EFE2840429,6,540.0,v0.1
INS_3861CEA9817B,REQ_969DD40745D2,7,8840.0,v0.1
INS_3861CEA9817B,REQ_E45E2EC4F8BD,8,610.0,v0.1
INS_3861CEA9817B,REQ_5C5A5D0FCE4D,9,960.0,v0.1
INS_3861CEA9817B,REQ_708B5A5D5C22,10,1210.0,v0.1
INS_3861CEA9817B,REQ_2808C3B2ECDE,11,550.0,v0.1
INS_3861CEA9817B,REQ_17532EA14446,12,600.0,v0.1
INS_3861CEA9817B,REQ_71EA7B67D8C7,13,30000.0,v0.1
INS_D4B90D1F3E51,REQ_6FDBB3FDCA04,0,150.0,v0.1
INS_D4B90D1F3E51,REQ_F38705A5101B,1,30000.0,v0.1
INS_D4B90D1F3E51,REQ_6B2958605ADA,2,5940.0,v0.1
INS_D4B90D1F3E51,REQ_FEF333E0CF93,3,400.0,v0.1
INS_D4B90D1F3E51,REQ_8CE6A1D4382D,4,550.0,v0.1
INS_D4B90D1F3E51,REQ_FE9BF78D982B,5,450.0,v0.1
INS_D4B90D1F3E51,REQ_C686F676A9EE,6,450.0,v0.1
INS_D4B90D1F3E51,REQ_B78CAFCF63D8,7,980.0000000000001,v0.1
INS_D4B90D1F3E51,REQ_3AEB9F0EC146,8,17440.0,v0.1
INS_D4B90D1F3E51,REQ_CB56AFDF5EBF,9,2700.0,v0.1
INS_D4B90D1F3E51,REQ_23471186482D,10,3700.0,v0.1
INS_D4B90D1F3E51,REQ_EF4CD980E535,11,700.0,v0.1
INS_D4B90D1F3E51,REQ_0D67E8F7F27C,12,2810.0,v0.1
INS_D4B90D1F3E51,REQ_A953EDCF02EB,13,200.0,v0.1
INS_D4B90D1F3E51,REQ_7D6843E91FCE,14,5730.0,v0.1
INS_D4B90D1F3E51,REQ_EB0A69100AD6,15,18050.0,v0.1
INS_D4B90D1F3E51,REQ_40D38B922B85,16,1070.0,v0.1
INS_D4B90D1F3E51,REQ_F169B409920E,17,610.0,v0.1
INS_D4B90D1F3E51,REQ_2C4F77FE955D,18,400.0,v0.1
INS_D4B90D1F3E51,REQ_A06299AB2FB0,19,10700.0,v0.1
INS_D4B90D1F3E51,REQ_4D0A0CC5CD9E,20,11870.0,v0.1
INS_D4B90D1F3E51,REQ_C12EF48B5D66,21,8310.0,v0.1
INS_D4B90D1F3E51,REQ_9A6EE00A89B5,22,920.0,v0.1
INS_D4B90D1F3E51,REQ_BADC9CBE7F02,23,30000.0,v0.1
INS_D4B90D1F3E51,REQ_39D53D345B81,24,16850.0,v0.1
INS_D4B90D1F3E51,REQ_947D65C5F540,25,9350.0,v0.1
INS_D4B90D1F3E51,REQ_C9D3BD1DF456,26,14910.0,v0.1
INS_D4B90D1F3E51,REQ_956F58BFDB89,27,80.0,v0.1
INS_CAB3B612F4B0,REQ_8F60496C9296,0,16520.0,v0.1
INS_CAB3B612F4B0,REQ_30990E891687,1,830.0,v0.1
INS_CAB3B612F4B0,REQ_B42DB3E79FC1,2,22870.0,v0.1
INS_CAB3B612F4B0,REQ_C4A6F8DE5BA6,3,27160.000000000004,v0.1
INS_CAB3B612F4B0,REQ_561CE8974E1D,4,30000.0,v0.1
INS_CAB3B612F4B0,REQ_BEDE67F642C7,5,12090.0,v0.1
INS_CAB3B612F4B0,REQ_AD0EEF74EC1E,6,1880.0,v0.1
INS_CAB3B612F4B0,REQ_ABBA984359DD,7,2830.0,v0.1
INS_CAB3B612F4B0,REQ_E31D16DA3E25,8,30000.0,v0.1
INS_CAB3B612F4B0,REQ_9CD0B7B2344F,9,30000.0,v0.1
INS_6CD310F8C55B,REQ_F3F85A82467C,0,550.0,v0.1
INS_6CD310F8C55B,REQ_A0939033CB2E,1,790.0,v0.1
INS_6CD310F8C55B,REQ_EE0AB6C254E5,2,2070.0,v0.1
INS_6CD310F8C55B,REQ_CB94E1645CA1,3,15210.0,v0.1
INS_6CD310F8C55B,REQ_6C6842327EA2,4,21080.0,v0.1
INS_6CD310F8C55B,REQ_776D5FB3F1E2,5,10320.0,v0.1
INS_6CD310F8C55B,REQ_350F6EDC872C,6,300.0,v0.1
INS_6CD310F8C55B,REQ_E88DD36BC00C,7,12900.0,v0.1
INS_6CD310F8C55B,REQ_E2FF41320A28,8,8170.0,v0.1
INS_6CD310F8C55B,REQ_4A2452F2D77D,9,18200.0,v0.1
INS_B3FFE1FC9C47,REQ_6C071646BA66,0,2850.0,v0.1
INS_B3FFE1FC9C47,REQ_DEF85ABA4364,1,20500.0,v0.1
INS_B3FFE1FC9C47,REQ_35184FFE3755,2,600.0,v0.1
INS_B3FFE1FC9C47,REQ_75CB7D6B6390,3,30000.0,v0.1
INS_B3FFE1FC9C47,REQ_27BEC648A8AF,4,919.9999999999999,v0.1
INS_B3FFE1FC9C47,REQ_CA8D8D5DD7A5,5,430.0,v0.1
INS_B3FFE1FC9C47,REQ_7B8F1E030722,6,900.0,v0.1
INS_B3FFE1FC9C47,REQ_ECEE41761F38,7,21730.0,v0.1
INS_B3FFE1FC9C47,REQ_4DEDEA018276,8,11600.0,v0.1
INS_B3FFE1FC9C47,REQ_0A419D7CEFEB,9,850.0,v0.1
INS_B3FFE1FC9C47,REQ_84231661535F,10,30000.0,v0.1
INS_B3FFE1FC9C47,REQ_FBFF4AC0628B,11,30000.0,v0.1
INS_B3FFE1FC9C47,REQ_7CF248B96D26,12,550.0,v0.1
INS_B3FFE1FC9C47,REQ_EEB5D001E7B2,13,2830.0,v0.1
INS_B3FFE1FC9C47,REQ_27F90BDF9794,14,30000.0,v0.1
INS_B3FFE1FC9C47,REQ_30DB7809F4DB,15,30000.0,v0.1
INS_B3FFE1FC9C47,REQ_0E69555FE6E6,16,2130.0,v0.1
INS_B3FFE1FC9C47,REQ_58D1CFF6CFBB,17,3660.0,v0.1
INS_B3FFE1FC9C47,REQ_66992540652C,18,200.0,v0.1
INS_B3FFE1FC9C47,REQ_0807A046CCAE,19,30000.0,v0.1
INS_B3FFE1FC9C47,REQ_878BEEA1A8E0,20,1950.0,v0.1
INS_B3FFE1FC9C47,REQ_05A5D5E94204,21,450.0,v0.1
INS_B3FFE1FC9C47,REQ_B06068EED07C,22,450.0,v0.1
INS_B3FFE1FC9C47,REQ_0B9E3AD3B89E,23,30000.0,v0.1
INS_B3FFE1FC9C47,REQ_AE9CF921F250,24,30000.0,v0.1
INS_B3FFE1FC9C47,REQ_5CEAD7DDB6ED,25,18030.0,v0.1
INS_B3FFE1FC9C47,REQ_32F4E1BF72E3,26,680.0,v0.1
INS_B3FFE1FC9C47,REQ_695C1FC87C7D,27,350.0,v0.1
INS_B3FFE1FC9C47,REQ_FE4A062EC260,28,360.0,v0.1
INS_B3FFE1FC9C47,REQ_D8F6576E421A,29,1350.0,v0.1
INS_B3FFE1FC9C47,REQ_F5480E8E9460,30,480.0,v0.1
INS_B3FFE1FC9C47,REQ_7EC4ECD3DB7E,31,200.0,v0.1
INS_B3FFE1FC9C47,REQ_94955031E8D5,32,1839.9999999999998,v0.1
INS_B3FFE1FC9C47,REQ_E91546338FBE,33,30000.0,v0.1
INS_B3FFE1FC9C47,REQ_8781568C826F,34,1500.0,v0.1
INS_B3FFE1FC9C47,REQ_6FDF355C38A7,35,4760.0,v0.1
INS_B3FFE1FC9C47,REQ_1AE16A77D5BA,36,2320.0,v0.1
INS_B3FFE1FC9C47,REQ_850DC2A45C9D,37,950.0,v0.1
INS_B3FFE1FC9C47,REQ_9F67206318F3,38,1550.0,v0.1
INS_B3FFE1FC9C47,REQ_979ED3AC8A38,39,3760.0,v0.1
INS_B3FFE1FC9C47,REQ_1BDCD5025FD2,40,15120.0,v0.1
INS_B3FFE1FC9C47,REQ_6DECDB1AC788,41,450.0,v0.1
INS_B3FFE1FC9C47,REQ_10C922F59573,42,250.0,v0.1
INS_B3FFE1FC9C47,REQ_C73F86CFB617,43,30000.0,v0.1
INS_B3FFE1FC9C47,REQ_CBFDACD6AA11,44,600.0,v0.1
INS_B3FFE1FC9C47,REQ_0F604B40117C,45,28400.0,v0.1
INS_B3FFE1FC9C47,REQ_C226F74171A8,46,600.0,v0.1
INS_B3FFE1FC9C47,REQ_010C83519C56,47,1040.0,v0.1
INS_B3FFE1FC9C47,REQ_10A461501791,48,250.0,v0.1
INS_B3FFE1FC9C47,REQ_0D8B22F33D36,49,950.0,v0.1
INS_B3FFE1FC9C47,REQ_426FC716A38E,50,3740.0,v0.1
INS_B3FFE1FC9C47,REQ_48A38F9B8671,51,11490.0,v0.1
INS_B3FFE1FC9C47,REQ_E734FA08C666,52,350.0,v0.1
INS_B3FFE1FC9C47,REQ_F8356410EE1F,53,19410.0,v0.1
INS_B3FFE1FC9C47,REQ_F19EB2D4DDE4,54,1570.0,v0.1
INS_C1EAAD541135,REQ_9E50B567176F,0,2640.0,v0.1
INS_C1EAAD541135,REQ_C4C4BB169BE5,1,8290.0,v0.1
INS_C1EAAD541135,REQ_8397A53985D4,2,520.0,v0.1
INS_C1EAAD541135,REQ_72F46D0626F8,3,30000.0,v0.1
INS_C1EAAD541135,REQ_BBE878A38965,4,800.0,v0.1
INS_C1EAAD541135,REQ_B23A5B73E5C1,5,1350.0,v0.1
INS_C1EAAD541135,REQ_F11602C82F02,6,520.0,v0.1
INS_C1EAAD541135,REQ_86FA7381F854,7,8610.0,v0.1
INS_C1EAAD541135,REQ_4FD8E04D12C6,8,30000.0,v0.1
INS_C1EAAD541135,REQ_AC9FB2D80956,9,1030.0,v0.1
INS_C1EAAD541135,REQ_9DC8B7CE3F99,10,20180.0,v0.1
INS_43D78DB1AA77,REQ_7EF4CC0A7FF1,0,4520.0,v0.1
INS_43D78DB1AA77,REQ_4E790B225C9F,1,30000.0,v0.1
INS_43D78DB1AA77,REQ_0B3E077D49D5,2,650.0,v0.1
INS_43D78DB1AA77,REQ_90D87428CAEA,3,1140.0,v0.1
INS_43D78DB1AA77,REQ_8F097EEB76C7,4,17320.0,v0.1
INS_43D78DB1AA77,REQ_F8C900859323,5,260.0,v0.1
INS_43D78DB1AA77,REQ_016C70E7D369,6,20060.0,v0.1
INS_43D78DB1AA77,REQ_0DA7A7BDC851,7,29650.0,v0.1
INS_43D78DB1AA77,REQ_34E234ECB20D,8,8810.0,v0.1
INS_43D78DB1AA77,REQ_E12522396457,9,1800.0,v0.1
INS_43D78DB1AA77,REQ_4CA570CAEE7E,10,1050.0,v0.1
INS_43D78DB1AA77,REQ_D21F778FB861,11,1800.0,v0.1
INS_43D78DB1AA77,REQ_4D347C31A3BB,12,14480.0,v0.1
INS_43D78DB1AA77,REQ_26EA1F7CFA43,13,1480.0,v0.1
INS_43D78DB1AA77,REQ_EA85530B4E1C,14,200.0,v0.1
INS_43D78DB1AA77,REQ_DB33E380E52B,15,10930.0,v0.1
INS_43D78DB1AA77,REQ_68AB7495CCCB,16,13690.0,v0.1
INS_43D78DB1AA77,REQ_240CEE9C4AA0,17,30000.0,v0.1
INS_43D78DB1AA77,REQ_BE473D1D271C,18,1610.0,v0.1
INS_43D78DB1AA77,REQ_25AC210AA305,19,18040.0,v0.1
INS_43D78DB1AA77,REQ_F308025E6AF7,20,800.0,v0.1
INS_43D78DB1AA77,REQ_CF34D2C07851,21,100.0,v0.1
INS_43D78DB1AA77,REQ_A1560C7FA60D,22,510.0,v0.1
INS_43D78DB1AA77,REQ_DB12895FABAB,23,1580.0,v0.1
INS_43D78DB1AA77,REQ_8B8D6C44B35C,24,80.0,v0.1
INS_43D78DB1AA77,REQ_5CB6F45E072D,25,30000.0,v0.1
INS_43D78DB1AA77,REQ_CCFD29102CFB,26,650.0,v0.1
INS_43D78DB1AA77,REQ_0B0BA20E667A,27,30000.0,v0.1
INS_43D78DB1AA77,REQ_6B09FE439020,28,1200.0,v0.1
INS_4F7E7D493980,REQ_7CF9F5A90A05,0,14280.0,v0.1
INS_4F7E7D493980,REQ_5397DF010582,1,30000.0,v0.1
INS_4F7E7D493980,REQ_05284FE85B1C,2,25360.0,v0.1
INS_4F7E7D493980,REQ_546A19D960B0,3,30000.0,v0.1
INS_4F7E7D493980,REQ_D83381E9970B,4,30000.0,v0.1
INS_4F7E7D493980,REQ_57FD9283ECDD,5,13890.0,v0.1
INS_4F7E7D493980,REQ_A7BC46973A10,6,15700.0,v0.1
INS_4F7E7D493980,REQ_811D4A5B9CC3,7,30000.0,v0.1
INS_25BE77B1CBA7,REQ_3AE4BB297DC3,0,22680.0,v0.1
INS_25BE77B1CBA7,REQ_8B8D6C44B35C,1,80.0,v0.1
INS_25BE77B1CBA7,REQ_D9C734148B10,2,13050.0,v0.1
INS_25BE77B1CBA7,REQ_EBDB9A7CD8B3,3,30000.0,v0.1
INS_25BE77B1CBA7,REQ_98FBCA92590A,4,23720.0,v0.1
INS_25BE77B1CBA7,REQ_0BCEB310D378,5,2250.0,v0.1
INS_25BE77B1CBA7,REQ_DE007F0409B0,6,30000.0,v0.1
INS_25BE77B1CBA7,REQ_843C99F914E7,7,400.0,v0.1
INS_25BE77B1CBA7,REQ_37E0459BA878,8,1150.0,v0.1
INS_25BE77B1CBA7,REQ_360591FF301C,9,3020.0,v0.1
INS_25BE77B1CBA7,REQ_C3FFC6F13AD1,10,190.0,v0.1
INS_25BE77B1CBA7,REQ_EB027F4BBBCC,11,2360.0,v0.1
INS_25BE77B1CBA7,REQ_5BE783F6159A,12,23210.0,v0.1
INS_25BE77B1CBA7,REQ_62DF6FC00C9B,13,2010.0000000000002,v0.1
INS_25BE77B1CBA7,REQ_2E0D5089B82A,14,670.0,v0.1
INS_25BE77B1CBA7,REQ_551B74B23950,15,120.0,v0.1
INS_25BE77B1CBA7,REQ_02D28295A143,16,30000.0,v0.1
INS_25BE77B1CBA7,REQ_4C9716E9E4EF,17,30000.0,v0.1
INS_25BE77B1CBA7,REQ_B282CF5137F9,18,150.0,v0.1
INS_25BE77B1CBA7,REQ_8E18F245CD1D,19,200.0,v0.1
INS_25BE77B1CBA7,REQ_5002568DAA0A,20,1550.0,v0.1
INS_25BE77B1CBA7,REQ_68AB7495CCCB,21,13690.0,v0.1
INS_25BE77B1CBA7,REQ_AA3C0A912029,22,3300.0,v0.1
INS_25BE77B1CBA7,REQ_3F3A50D09B12,23,30000.0,v0.1
INS_25BE77B1CBA7,REQ_2FFF9AE9527D,24,22420.0,v0.1
INS_25BE77B1CBA7,REQ_0725631EE135,25,1120.0,v0.1
INS_25BE77B1CBA7,REQ_1D18CC7AD53C,26,30000.0,v0.1
INS_25BE77B1CBA7,REQ_643FAB31A960,27,9600.0,v0.1
INS_25BE77B1CBA7,REQ_78C18D1DE044,28,1500.0,v0.1
INS_25BE77B1CBA7,REQ_0DC1A33401BF,29,29980.0,v0.1
INS_25BE77B1CBA7,REQ_5417BEBF3A7F,30,16880.0,v0.1
INS_25BE77B1CBA7,REQ_C4B98A7090C0,31,2480.0,v0.1
INS_25BE77B1CBA7,REQ_9F6B2B91C071,32,6320.0,v0.1
INS_25BE77B1CBA7,REQ_B6B94EDD2AA6,33,460.0,v0.1
INS_25BE77B1CBA7,REQ_F453B0E30625,34,27060.0,v0.1
INS_25BE77B1CBA7,REQ_98D6B8C6CAED,35,840.0,v0.1
INS_25BE77B1CBA7,REQ_22AA10FE403A,36,150.0,v0.1
INS_25BE77B1CBA7,REQ_3A53FEF25AD2,37,2480.0,v0.1
INS_25BE77B1CBA7,REQ_71DE61F42CCD,38,1650.0,v0.1
INS_25BE77B1CBA7,REQ_260012B27031,39,2260.0,v0.1
INS_25BE77B1CBA7,REQ_AEC0B190F29E,40,5630.0,v0.1
INS_25BE77B1CBA7,REQ_676A31731DC6,41,13150.0,v0.1
INS_25BE77B1CBA7,REQ_016C70E7D369,42,20060.0,v0.1
INS_25BE77B1CBA7,REQ_DA944E5AAB62,43,7050.0,v0.1
INS_25BE77B1CBA7,REQ_0A343448C22D,44,13940.0,v0.1
INS_25BE77B1CBA7,REQ_AB119BD1E7F9,45,1600.0,v0.1
INS_25BE77B1CBA7,REQ_26EA1F7CFA43,46,1480.0,v0.1
INS_25BE77B1CBA7,REQ_BC8A890148E3,47,30000.0,v0.1
INS_8DFB30F3B970,REQ_781347A197AB,0,2270.0,v0.1
INS_8DFB30F3B970,REQ_9F55585E9BF0,1,30000.0,v0.1
INS_8DFB30F3B970,REQ_02C0E6C73973,2,200.0,v0.1
INS_8DFB30F3B970,REQ_3555EBC2F42F,3,5070.0,v0.1
INS_8DFB30F3B970,REQ_7C4D9241979C,4,800.0,v0.1
INS_8DFB30F3B970,REQ_EC356BCDC10F,5,30000.0,v0.1
INS_8DFB30F3B970,REQ_4060C6E94141,6,1350.0,v0.1
INS_8DFB30F3B970,REQ_8C5787A501F4,7,1330.0,v0.1
INS_8DFB30F3B970,REQ_93328C95F4F3,8,860.0,v0.1
INS_8DFB30F3B970,REQ_807467DFD98B,9,2660.0,v0.1
INS_8DFB30F3B970,REQ_93BA0CDACA5A,10,150.0,v0.1
INS_8DFB30F3B970,REQ_EAB38E597836,11,1300.0,v0.1
INS_8DFB30F3B970,REQ_8F311E04A116,12,950.0,v0.1
INS_8DFB30F3B970,REQ_A23B6A3D281B,13,1960.0,v0.1
INS_8DFB30F3B970,REQ_F1DF5A52B558,14,5990.0,v0.1
INS_8DFB30F3B970,REQ_9D6E4401F45C,15,8350.0,v0.1
INS_8DFB30F3B970,REQ_EDC76BF4D005,16,780.0,v0.1
INS_8DFB30F3B970,REQ_3146CF2CD56C,17,280.0,v0.1
INS_8DFB30F3B970,REQ_99D82EE04E4B,18,26140.0,v0.1
INS_8DFB30F3B970,REQ_5DEF037D8CBD,19,1100.0,v0.1
INS_8DFB30F3B970,REQ_26C2300CEAF6,20,16510.0,v0.1
INS_8DFB30F3B970,REQ_67AEFACDC237,21,30000.0,v0.1
INS_8DFB30F3B970,REQ_69F786647A8C,22,200.0,v0.1
INS_8DFB30F3B970,REQ_4F3B0BA59572,23,6820.0,v0.1
INS_8DFB30F3B970,REQ_C6BA8B2043D6,24,30000.0,v0.1
INS_8DFB30F3B970,REQ_E1560F6DA85C,25,850.0,v0.1
INS_8DFB30F3B970,REQ_49CC59A3A1DA,26,13320.0,v0.1
INS_8DFB30F3B970,REQ_BA61F4AC6E11,27,650.0,v0.1
INS_8DFB30F3B970,REQ_E6366523516F,28,229.99999999999997,v0.1
INS_8DFB30F3B970,REQ_7DD90E43DCE7,29,280.0,v0.1
INS_8DFB30F3B970,REQ_66A96057AB60,30,900.0,v0.1
INS_8DFB30F3B970,REQ_50733329A206,31,80.0,v0.1
INS_8DFB30F3B970,REQ_355E54F1C91E,32,20250.0,v0.1
INS_8DFB30F3B970,REQ_747A467B21EA,33,460.0,v0.1
INS_8DFB30F3B970,REQ_FA75CD8E5F3D,34,360.0,v0.1
INS_8DFB30F3B970,REQ_B6B31FD01C0A,35,300.0,v0.1
INS_8DFB30F3B970,REQ_D638DFF5F24A,36,1150.0,v0.1
INS_8DFB30F3B970,REQ_77FDE5D56124,37,350.0,v0.1
INS_8DFB30F3B970,REQ_57B29D2BA059,38,1910.0,v0.1
INS_8DFB30F3B970,REQ_747D8E3BD601,39,4640.0,v0.1
INS_8DFB30F3B970,REQ_D7D2232C7279,40,230.0,v0.1
INS_8DFB30F3B970,REQ_A959EBE0FC7E,41,13790.0,v0.1
INS_8DFB30F3B970,REQ_1A16CD099641,42,26100.0,v0.1
INS_8DFB30F3B970,REQ_B16030DA3EBB,43,200.0,v0.1
INS_8DFB30F3B970,REQ_B492421D43A8,44,30000.0,v0.1
INS_8DFB30F3B970,REQ_BE525C359984,45,2580.0,v0.1
INS_8DFB30F3B970,REQ_5BAA1557AC4D,46,19810.0,v0.1
INS_8DFB30F3B970,REQ_A128B5D7E841,47,26700.0,v0.1
INS_8DFB30F3B970,REQ_63E218EAA5DE,48,2260.0,v0.1
INS_8DFB30F3B970,REQ_462CFDA03F85,49,1150.0,v0.1
INS_8DFB30F3B970,REQ_175AC07AE2C5,50,360.0,v0.1
INS_8DFB30F3B970,REQ_AB39612528C8,51,7210.0,v0.1
INS_8DFB30F3B970,REQ_FE48153A0C00,52,2000.0,v0.1
INS_6DD5D949F560,REQ_C4C233A996A2,0,30000.0,v0.1
INS_6DD5D949F560,REQ_9A5E1FBF06EA,1,1680.0,v0.1
INS_6DD5D949F560,REQ_78CE8EA65C47,2,1700.0,v0.1
INS_6DD5D949F560,REQ_0DECB5A7C6A9,3,12080.0,v0.1
INS_6DD5D949F560,REQ_2FCFF2F31B50,4,500.0,v0.1
INS_6DD5D949F560,REQ_CCA2C323841F,5,14160.0,v0.1
INS_6DD5D949F560,REQ_D95D6D7109AD,6,1450.0,v0.1
INS_6DD5D949F560,REQ_2403463ABA54,7,80.0,v0.1
INS_6DD5D949F560,REQ_E226B2B6B77A,8,2600.0,v0.1
INS_6DD5D949F560,REQ_3F53CE836370,9,1960.0000000000002,v0.1
INS_6DD5D949F560,REQ_B7E6610B0EB7,10,1130.0,v0.1
INS_6DD5D949F560,REQ_7ACCB37B865E,11,3400.0,v0.1
INS_6DD5D949F560,REQ_AFB0240C5B37,12,7630.0,v0.1
INS_6DD5D949F560,REQ_F13093BF79B3,13,4750.0,v0.1
INS_6DD5D949F560,REQ_134F5D52C603,14,1200.0,v0.1
INS_6DD5D949F560,REQ_5255437B1D08,15,960.0,v0.1
INS_6DD5D949F560,REQ_A758B6112476,16,1300.0,v0.1
INS_6DD5D949F560,REQ_91AB87FB3F5A,17,1600.0,v0.1
INS_6DD5D949F560,REQ_64B2AEFF87B6,18,660.0,v0.1
INS_6DD5D949F560,REQ_D21371E39229,19,2850.0,v0.1
INS_6DD5D949F560,REQ_5A46F3842791,20,1180.0,v0.1
INS_95946D305B53,REQ_5E1E2C62FD11,0,229.99999999999997,v0.1
INS_95946D305B53,REQ_28BB25733EED,1,660.0,v0.1
INS_95946D305B53,REQ_2E8C7869A15C,2,30000.0,v0.1
INS_95946D305B53,REQ_0FB608C09FD7,3,1360.0,v0.1
INS_95946D305B53,REQ_8BA7B5D3972A,4,270.0,v0.1
INS_95946D305B53,REQ_133429E73C0B,5,11280.0,v0.1
INS_95946D305B53,REQ_0551DF9652E8,6,22130.0,v0.1
INS_95946D305B53,REQ_F178871C096D,7,1570.0,v0.1
INS_95946D305B53,REQ_7E4AADC31741,8,16110.0,v0.1
INS_95946D305B53,REQ_66F127A42D84,9,30000.0,v0.1
INS_95946D305B53,REQ_7D4442072398,10,680.0,v0.1
INS_95946D305B53,REQ_7365F21B65DA,11,24970.0,v0.1
INS_95946D305B53,REQ_C40C6F1449D6,12,16380.000000000002,v0.1
INS_95946D305B53,REQ_B8236996FECA,13,230.0,v0.1
INS_95946D305B53,REQ_A843A68D8439,14,3625.0,v0.1
INS_95946D305B53,REQ_D9786390B3C3,15,150.0,v0.1
INS_7AEEC37246F9,REQ_BAD5094FC616,0,30000.0,v0.1
INS_7AEEC37246F9,REQ_46E51E8D1FD6,1,30000.0,v0.1
INS_7AEEC37246F9,REQ_3C110A7451AA,2,30000.0,v0.1
INS_7AEEC37246F9,REQ_83460775ABB9,3,30000.0,v0.1
INS_7AEEC37246F9,REQ_F26378D02269,4,30000.0,v0.1
INS_7AEEC37246F9,REQ_A7B945D73A87,5,30000.0,v0.1
INS_7AEEC37246F9,REQ_725ACAF24939,6,30000.0,v0.1
INS_7AEEC37246F9,REQ_C6B6CEDEAAEE,7,30000.0,v0.1
INS_C6719A091481,REQ_0C9FB3368D02,0,30000.0,v0.1
INS_C6719A091481,REQ_A517136BC806,1,260.0,v0.1
INS_C6719A091481,REQ_C14BC78CEF1D,2,180.0,v0.1
INS_C6719A091481,REQ_29E15538D435,3,630.0,v0.1
INS_C6719A091481,REQ_4B4FE9F9839C,4,1730.0,v0.1
INS_C6719A091481,REQ_A6E7F18FCC36,5,2980.0,v0.1
INS_C6719A091481,REQ_058C42D3E930,6,14210.0,v0.1
INS_C6719A091481,REQ_4E86E563EE7B,7,30000.0,v0.1
INS_C6719A091481,REQ_891E3FF7D3C8,8,3050.0,v0.1
INS_C6719A091481,REQ_10C9A9251E20,9,26740.0,v0.1
INS_C6719A091481,REQ_EEF5CA37D123,10,12050.0,v0.1
INS_C6719A091481,REQ_E9A0100BC8A2,11,1960.0,v0.1
INS_C6719A091481,REQ_DD1D8AAD5AFB,12,2800.0,v0.1
INS_C6719A091481,REQ_99B0ED1D5030,13,30000.0,v0.1
INS_C6719A091481,REQ_1852489C5F39,14,1820.0,v0.1
INS_C6719A091481,REQ_A14F26C03C39,15,390.0,v0.1
INS_C6719A091481,REQ_2507CEFD3F5B,16,21650.0,v0.1
INS_C6719A091481,REQ_971381117570,17,10510.0,v0.1
INS_C6719A091481,REQ_6FF955F2F6E4,18,1390.0,v0.1
INS_C6719A091481,REQ_E1F2D2043F53,19,30000.0,v0.1
INS_C6719A091481,REQ_53E1E50FFDDA,20,30000.0,v0.1
INS_C6719A091481,REQ_1CC44BABC882,21,18480.0,v0.1
INS_C6719A091481,REQ_3215B5151583,22,300.0,v0.1
INS_C6719A091481,REQ_3616794B865B,23,10750.0,v0.1
INS_C6719A091481,REQ_E9E29AF16E0F,24,7370.0,v0.1
INS_C6719A091481,REQ_C4BBA0EE78C2,25,2350.0,v0.1
INS_C6719A091481,REQ_1C63D5362EA4,26,4250.0,v0.1
INS_C6719A091481,REQ_AC80064221EA,27,13790.0,v0.1
INS_C6719A091481,REQ_1FCF87C6AAC9,28,7240.0,v0.1
INS_C6719A091481,REQ_01A90FBA2249,29,17450.0,v0.1
INS_C6719A091481,REQ_7CE7C56C3A4D,30,540.0,v0.1
INS_C6719A091481,REQ_31A3AF63C33A,31,820.0,v0.1
INS_C6719A091481,REQ_2F965B2DC1F4,32,1630.0,v0.1
INS_C6719A091481,REQ_B5C8E4C5A577,33,27780.0,v0.1
INS_C6719A091481,REQ_3C798AD3B279,34,13020.0,v0.1
INS_C6719A091481,REQ_65E2D4A32284,35,2100.0,v0.1
INS_C6719A091481,REQ_3FFF3AF0FA0C,36,1180.0,v0.1
INS_C6719A091481,REQ_80FE5F1EE582,37,1600.0,v0.1
INS_C6719A091481,REQ_65A4EE8042DF,38,1210.0,v0.1
INS_C6719A091481,REQ_688367AF0918,39,860.0,v0.1
INS_1603231241E7,REQ_0372EC4F7E4E,0,1240.0,v0.1
INS_1603231241E7,REQ_F641058F0F75,1,13030.0,v0.1
INS_1603231241E7,REQ_731ADE2CBFDA,2,30000.0,v0.1
INS_1603231241E7,REQ_1A1385922354,3,160.0,v0.1
INS_1603231241E7,REQ_BBF57B0458A6,4,1050.0,v0.1
INS_1603231241E7,REQ_1B425B2E096D,5,5770.0,v0.1
INS_1603231241E7,REQ_B884585FAAF2,6,920.0,v0.1
INS_1603231241E7,REQ_1C437C9C52BA,7,30000.0,v0.1
INS_1603231241E7,REQ_B815BDFE5C08,8,560.0,v0.1
INS_1603231241E7,REQ_5EC106A80691,9,29690.0,v0.1
INS_1603231241E7,REQ_35B960A56F84,10,4250.0,v0.1
INS_1603231241E7,REQ_CC08404C0997,11,21850.0,v0.1
INS_1603231241E7,REQ_A5FD3930E188,12,8480.0,v0.1
INS_1603231241E7,REQ_A8C157EE5BFA,13,6400.0,v0.1
INS_1603231241E7,REQ_82B216BD1BB1,14,5720.0,v0.1
INS_1603231241E7,REQ_6A036AC2559A,15,30000.0,v0.1
INS_1603231241E7,REQ_25AFCBF8A2CD,16,1710.0000000000002,v0.1
INS_1603231241E7,REQ_B6DFDCB288A8,17,7090.0,v0.1
INS_1603231241E7,REQ_763237809F23,18,110.00000000000001,v0.1
INS_1603231241E7,REQ_BF1D054EAD1D,19,8060.0,v0.1
INS_1603231241E7,REQ_8A78111E0CF8,20,220.0,v0.1
INS_1603231241E7,REQ_656E626A2FF3,21,250.0,v0.1
INS_1603231241E7,REQ_FA3711095829,22,1250.0,v0.1
INS_AEABD0B71E86,REQ_AA4AFAE13C6E,0,9800.0,v0.1
INS_AEABD0B71E86,REQ_788FAF911A5E,1,550.0,v0.1
INS_AEABD0B71E86,REQ_05AC31DD7CD8,2,9310.0,v0.1
INS_AEABD0B71E86,REQ_CECF7A168639,3,30000.0,v0.1
INS_AEABD0B71E86,REQ_B928B17119AE,4,6080.0,v0.1
INS_AEABD0B71E86,REQ_754815DAB900,5,30000.0,v0.1
INS_AEABD0B71E86,REQ_895E7DF735BD,6,14200.0,v0.1
INS_AEABD0B71E86,REQ_D7C981DEE0E7,7,7309.999999999999,v0.1
INS_AEABD0B71E86,REQ_43CCF80E4E99,8,30000.0,v0.1
INS_AEABD0B71E86,REQ_8F909F86C457,9,17800.0,v0.1
INS_AEABD0B71E86,REQ_89498E831993,10,30000.0,v0.1
INS_AEABD0B71E86,REQ_2A92DFD89864,11,17760.0,v0.1
INS_AEABD0B71E86,REQ_CB81322F5C84,12,6800.0,v0.1
INS_AEABD0B71E86,REQ_BC1B952684D8,13,30000.0,v0.1
INS_AEABD0B71E86,REQ_25F94CE4E455,14,30000.0,v0.1
INS_AEABD0B71E86,REQ_BA4765F3E68D,15,30000.0,v0.1
INS_AEABD0B71E86,REQ_4CC2DA46AECF,16,30000.0,v0.1
INS_AEABD0B71E86,REQ_A673DE68CE58,17,26980.0,v0.1
INS_AEABD0B71E86,REQ_0CC67604B2B7,18,24350.0,v0.1
INS_AEABD0B71E86,REQ_C21D9002E4B1,19,22540.0,v0.1
INS_AEABD0B71E86,REQ_75AB6204EF53,20,390.0,v0.1
INS_AEABD0B71E86,REQ_AF8CDDA4D5E0,21,30000.0,v0.1
INS_AEABD0B71E86,REQ_8BEBDFC315FC,22,15350.0,v0.1
INS_AEABD0B71E86,REQ_0C29D1C7632C,23,30000.0,v0.1
INS_23DB1D513254,REQ_725ACAF24939,0,30000.0,v0.1
INS_23DB1D513254,REQ_83460775ABB9,1,30000.0,v0.1
INS_23DB1D513254,REQ_C6B6CEDEAAEE,2,30000.0,v0.1
INS_23DB1D513254,REQ_46E51E8D1FD6,3,30000.0,v0.1
INS_23DB1D513254,REQ_F26378D02269,4,30000.0,v0.1
INS_23DB1D513254,REQ_BAD5094FC616,5,30000.0,v0.1
INS_23DB1D513254,REQ_3C110A7451AA,6,30000.0,v0.1
INS_23DB1D513254,REQ_A7B945D73A87,7,30000.0,v0.1
INS_BA103C2A56F1,REQ_7EFA0424D8BD,0,30000.0,v0.1
INS_BA103C2A56F1,REQ_02C805AEAEA1,1,30000.0,v0.1
INS_BA103C2A56F1,REQ_41BFA6731DC6,2,2100.0,v0.1
INS_BA103C2A56F1,REQ_81B64047C1E0,3,360.0,v0.1
INS_BA103C2A56F1,REQ_43D5E792E8CD,4,1360.0,v0.1
INS_BA103C2A56F1,REQ_53F489C00CDE,5,2920.0,v0.1
INS_BA103C2A56F1,REQ_6D20036A516F,6,30000.0,v0.1
INS_BA103C2A56F1,REQ_42309B6CD3C1,7,3150.0,v0.1
INS_BA103C2A56F1,REQ_A389342E1E42,8,600.0,v0.1
INS_BA103C2A56F1,REQ_8D487FB40E97,9,1840.0,v0.1
INS_BA103C2A56F1,REQ_A2CA2038C9A9,10,2800.0,v0.1
INS_BA103C2A56F1,REQ_C6E8EDB33BEF,11,8150.0,v0.1
INS_BA103C2A56F1,REQ_9FF3B61CBBD1,12,20660.0,v0.1
INS_BA103C2A56F1,REQ_DD62E7A5EEA1,13,5840.0,v0.1
INS_C81F2DF9BDC5,REQ_037C5789DFAD,0,1780.0,v0.1
INS_C81F2DF9BDC5,REQ_3FA4FBF6FFD8,1,1939.9999999999998,v0.1
INS_C81F2DF9BDC5,REQ_F5EEF0156560,2,410.0,v0.1
INS_C81F2DF9BDC5,REQ_FF3A4F60DBC1,3,29320.0,v0.1
INS_C81F2DF9BDC5,REQ_951114B8F62D,4,30000.0,v0.1
INS_C81F2DF9BDC5,REQ_65BFE57843CB,5,740.0,v0.1
INS_C81F2DF9BDC5,REQ_3013A1519436,6,1620.0,v0.1
INS_C81F2DF9BDC5,REQ_908D46061B13,7,1490.0,v0.1
INS_C81F2DF9BDC5,REQ_EFF8C63C395B,8,900.0,v0.1
INS_C81F2DF9BDC5,REQ_64C1BDEE5A9F,9,29630.0,v0.1
INS_C81F2DF9BDC5,REQ_E10520852CC0,10,6350.0,v0.1
INS_C81F2DF9BDC5,REQ_A3234DB1FC68,11,410.0,v0.1
INS_C81F2DF9BDC5,REQ_3D82B68CE94D,12,1190.0,v0.1
INS_C81F2DF9BDC5,REQ_36D6F40C0CC1,13,1050.0,v0.1
INS_C81F2DF9BDC5,REQ_E37AACE1C26E,14,30000.0,v0.1
INS_C81F2DF9BDC5,REQ_5D2396F348F9,15,2300.0,v0.1
INS_C81F2DF9BDC5,REQ_AE7F81461CD1,16,1580.0,v0.1
INS_C81F2DF9BDC5,REQ_5198F49B20C7,17,5460.0,v0.1
INS_C81F2DF9BDC5,REQ_1E82912163A2,18,2280.0,v0.1
INS_C81F2DF9BDC5,REQ_ACB73E463071,19,5560.0,v0.1
INS_C81F2DF9BDC5,REQ_82B6B3C3D714,20,30000.0,v0.1
INS_C81F2DF9BDC5,REQ_1516B5B055CD,21,700.0,v0.1
INS_C81F2DF9BDC5,REQ_EE4FDD9BED32,22,1939.9999999999998,v0.1
INS_C81F2DF9BDC5,REQ_9BEBE9D039F4,23,2370.0,v0.1
INS_C81F2DF9BDC5,REQ_A93B773F5CEF,24,1410.0,v0.1
INS_C81F2DF9BDC5,REQ_3F1483499A86,25,30000.0,v0.1
INS_C81F2DF9BDC5,REQ_2EB81B3C6FDB,26,3290.0,v0.1
INS_C81F2DF9BDC5,REQ_EA31CEF68DB7,27,30000.0,v0.1
INS_C81F2DF9BDC5,REQ_9BAFD1A43D35,28,30000.0,v0.1
INS_C81F2DF9BDC5,REQ_8BE9B795040A,29,25620.0,v0.1
INS_C81F2DF9BDC5,REQ_1C5835E7D51A,30,1140.0,v0.1
INS_C81F2DF9BDC5,REQ_3214F41E8166,31,7730.0,v0.1
INS_C81F2DF9BDC5,REQ_10F9F137725F,32,6900.0,v0.1
INS_C81F2DF9BDC5,REQ_7524D66E546D,33,12900.0,v0.1
INS_C81F2DF9BDC5,REQ_289A249AADB9,34,520.0,v0.1
INS_C81F2DF9BDC5,REQ_EB5DD5B0F581,35,22540.0,v0.1
INS_C81F2DF9BDC5,REQ_01443465430B,36,24790.0,v0.1
INS_C81F2DF9BDC5,REQ_96290086371B,37,10370.0,v0.1
INS_C81F2DF9BDC5,REQ_3C77F0C6D249,38,17210.0,v0.1
INS_C81F2DF9BDC5,REQ_9DCE276F6D66,39,27970.0,v0.1
INS_C81F2DF9BDC5,REQ_3139C16097FB,40,11830.0,v0.1
INS_C81F2DF9BDC5,REQ_538B131307AA,41,1480.0,v0.1
INS_C81F2DF9BDC5,REQ_061D6AE8E285,42,26910.0,v0.1
INS_C81F2DF9BDC5,REQ_07C608ABF3F0,43,27400.0,v0.1
INS_C81F2DF9BDC5,REQ_CC4F72F2DC6D,44,12210.0,v0.1
INS_71FCC3306845,REQ_ECEB0B1438B0,0,26630.0,v0.1
INS_71FCC3306845,REQ_0305DEE325F4,1,27480.0,v0.1
INS_71FCC3306845,REQ_A3B267051658,2,22480.0,v0.1
INS_71FCC3306845,REQ_44AC8A2E9FF7,3,19500.0,v0.1
INS_71FCC3306845,REQ_E74EE37E0E0B,4,13730.0,v0.1
INS_71FCC3306845,REQ_9EF709420473,5,21920.0,v0.1
INS_71FCC3306845,REQ_456881F0BC67,6,30000.0,v0.1
INS_71FCC3306845,REQ_058AB67159C6,7,30000.0,v0.1
INS_71FCC3306845,REQ_B7AFBFEAA524,8,25850.0,v0.1
INS_71FCC3306845,REQ_F7DCAD255861,9,28220.0,v0.1
INS_71FCC3306845,REQ_290207E6E90E,10,20590.0,v0.1
INS_71FCC3306845,REQ_7316E36FB9C5,11,12310.0,v0.1
INS_71FCC3306845,REQ_7601CFF91624,12,30000.0,v0.1
INS_71FCC3306845,REQ_5CB3314F49C3,13,30000.0,v0.1
INS_71FCC3306845,REQ_8495F52429CF,14,30000.0,v0.1
INS_71FCC3306845,REQ_F79786BE1AE9,15,30000.0,v0.1
INS_71FCC3306845,REQ_90A4E616152A,16,27730.0,v0.1
INS_71FCC3306845,REQ_1FBD7665CEF8,17,30000.0,v0.1
INS_71FCC3306845,REQ_EBCCFA1E6A7F,18,17640.0,v0.1
INS_71FCC3306845,REQ_D41663ABDA7E,19,18930.0,v0.1
INS_AD206AEEE1C6,REQ_2334A41215B8,0,8820.0,v0.1
INS_AD206AEEE1C6,REQ_AEF663439293,1,30000.0,v0.1
INS_AD206AEEE1C6,REQ_6C47DF158F5C,2,19390.0,v0.1
INS_AD206AEEE1C6,REQ_D2A2AD41B2B9,3,16560.0,v0.1
INS_AD206AEEE1C6,REQ_8AD54249E8FC,4,30000.0,v0.1
INS_AD206AEEE1C6,REQ_9432766FE77E,5,390.0,v0.1
INS_AD206AEEE1C6,REQ_3AF787624B0C,6,80.0,v0.1
INS_AD206AEEE1C6,REQ_F81A83450A93,7,13400.0,v0.1
INS_AD206AEEE1C6,REQ_C1EE4DCDCE89,8,4400.0,v0.1
INS_AD206AEEE1C6,REQ_54DE613BD43B,9,3679.9999999999995,v0.1
INS_AD206AEEE1C6,REQ_DFDB9594CFBD,10,3450.0,v0.1
INS_AD206AEEE1C6,REQ_E060E2F7596A,11,4730.0,v0.1
INS_AD206AEEE1C6,REQ_344798C77BD6,12,8160.0,v0.1
INS_AD206AEEE1C6,REQ_1712BDF98E57,13,9560.0,v0.1
INS_AD206AEEE1C6,REQ_4922DF3132ED,14,2590.0,v0.1
INS_AD206AEEE1C6,REQ_C69A184A4AAE,15,250.0,v0.1
INS_AD206AEEE1C6,REQ_ED39E3C44AB7,16,4000.0,v0.1
INS_AD206AEEE1C6,REQ_F4CF0D780E5E,17,30000.0,v0.1
INS_AD206AEEE1C6,REQ_FD3EFE62D3F6,18,1340.0,v0.1
INS_AD206AEEE1C6,REQ_6E1AC37237DA,19,80.0,v0.1
INS_AD206AEEE1C6,REQ_6B03D6F790F3,20,22050.0,v0.1
INS_AD206AEEE1C6,REQ_A8AAAA78F243,21,9620.0,v0.1
INS_AD206AEEE1C6,REQ_57ECE4BE5A6B,22,650.0,v0.1
INS_AD206AEEE1C6,REQ_4053336759A5,23,9390.0,v0.1
INS_AD206AEEE1C6,REQ_E1969A584824,24,880.0000000000001,v0.1
INS_AD206AEEE1C6,REQ_A845DC87CC71,25,3370.0,v0.1
INS_AD206AEEE1C6,REQ_D5CBA5BF76EF,26,29160.0,v0.1
INS_AD206AEEE1C6,REQ_CE86161EFC71,27,750.0,v0.1
INS_AD206AEEE1C6,REQ_86694804E4CA,28,9990.0,v0.1
INS_AD206AEEE1C6,REQ_B79DBFAA162B,29,2680.0,v0.1
INS_AD206AEEE1C6,REQ_AD47919F84F6,30,8700.0,v0.1
INS_AD206AEEE1C6,REQ_75371751DDB1,31,100.0,v0.1
INS_AD206AEEE1C6,REQ_B3539E5BEDAB,32,580.0,v0.1
INS_AD206AEEE1C6,REQ_CCA0427A96E4,33,300.0,v0.1
INS_AD206AEEE1C6,REQ_DA1F1D09811A,34,440.00000000000006,v0.1
INS_09AA635C15C5,REQ_6843798E5FEA,0,30000.0,v0.1
INS_09AA635C15C5,REQ_1712BDF98E57,1,9560.0,v0.1
INS_09AA635C15C5,REQ_9DF8877D8084,2,2820.0,v0.1
INS_09AA635C15C5,REQ_BAB458354888,3,5410.0,v0.1
INS_09AA635C15C5,REQ_E686AB51D113,4,30000.0,v0.1
INS_09AA635C15C5,REQ_4922DF3132ED,5,2590.0,v0.1
INS_09AA635C15C5,REQ_D017FD91A2D8,6,80.0,v0.1
INS_09AA635C15C5,REQ_E92A707D6E71,7,10250.0,v0.1
INS_09AA635C15C5,REQ_F609B6B1151D,8,110.0,v0.1
INS_6DBBB1A50B2B,REQ_3A14AA639842,0,30000.0,v0.1
INS_6DBBB1A50B2B,REQ_C86DE41EA334,1,29460.0,v0.1
INS_6DBBB1A50B2B,REQ_587E1EA10952,2,30000.0,v0.1
INS_6DBBB1A50B2B,REQ_74A931FA1079,3,18820.0,v0.1
INS_6DBBB1A50B2B,REQ_5128C36DC078,4,17060.0,v0.1
INS_6DBBB1A50B2B,REQ_E50524A96B19,5,20540.0,v0.1
INS_6DBBB1A50B2B,REQ_0B9FFD6545E3,6,18720.0,v0.1
INS_6DBBB1A50B2B,REQ_DED8AA21E0B6,7,29790.0,v0.1
INS_6DBBB1A50B2B,REQ_D11FE85E3355,8,30000.0,v0.1
INS_6DBBB1A50B2B,REQ_C86E98612EAD,9,30000.0,v0.1
INS_6DBBB1A50B2B,REQ_8B90D2883DEA,10,30000.0,v0.1
INS_6DBBB1A50B2B,REQ_C467DA777186,11,26070.0,v0.1
INS_6DBBB1A50B2B,REQ_2D6D358E8DCC,12,30000.0,v0.1
INS_6DBBB1A50B2B,REQ_BD3278D236A9,13,12460.0,v0.1
INS_6DBBB1A50B2B,REQ_337340C30D2E,14,13080.0,v0.1
INS_6DBBB1A50B2B,REQ_0391EBB527B6,15,30000.0,v0.1
INS_6DBBB1A50B2B,REQ_948820C577EE,16,30000.0,v0.1
INS_6DBBB1A50B2B,REQ_C6251C50FCA6,17,30000.0,v0.1
INS_6DBBB1A50B2B,REQ_2BEAC4526E54,18,30000.0,v0.1
INS_6DBBB1A50B2B,REQ_CFCB418FB1B4,19,30000.0,v0.1
INS_6DBBB1A50B2B,REQ_F6D705542F1C,20,13680.0,v0.1
INS_6DBBB1A50B2B,REQ_299A9F4AA5CE,21,30000.0,v0.1
INS_6DBBB1A50B2B,REQ_75F10E935EE1,22,30000.0,v0.1
INS_2F89403A640E,REQ_831004BF20C8,0,30000.0,v0.1
INS_2F89403A640E,REQ_E496415B1B86,1,30000.0,v0.1
INS_2F89403A640E,REQ_270CE80D0200,2,30000.0,v0.1
INS_2F89403A640E,REQ_673AF24C7824,3,3910.0,v0.1
INS_2F89403A640E,REQ_F00B40ED25F9,4,540.0,v0.1
INS_2F89403A640E,REQ_3564EEE387F4,5,30000.0,v0.1
INS_2F89403A640E,REQ_9E466BDB29AA,6,13770.0,v0.1
INS_2F89403A640E,REQ_5A5B505DA246,7,6780.0,v0.1
INS_2F89403A640E,REQ_542048EB8673,8,30000.0,v0.1
INS_2F89403A640E,REQ_7C1258031151,9,30000.0,v0.1
INS_2F89403A640E,REQ_0628212F0BF2,10,1500.0,v0.1
INS_2F89403A640E,REQ_BFF5741DE4AC,11,30000.0,v0.1
INS_2F89403A640E,REQ_0B7BC48BE518,12,15880.0,v0.1
INS_2F89403A640E,REQ_BA76AA02AF56,13,30000.0,v0.1
INS_2F89403A640E,REQ_B414B49D2CE4,14,30000.0,v0.1
INS_2F89403A640E,REQ_B3F3E7F7C821,15,300.0,v0.1
INS_2F89403A640E,REQ_25E9EEF0DCBC,16,300.0,v0.1
INS_2F89403A640E,REQ_3F9809086221,17,17640.0,v0.1
INS_2F89403A640E,REQ_FD3F483F433C,18,690.0,v0.1
INS_2F89403A640E,REQ_CE029EC3F9D3,19,8900.0,v0.1
INS_2F89403A640E,REQ_8A10FA156ACA,20,16580.0,v0.1
INS_2F89403A640E,REQ_4B613C134B9D,21,80.0,v0.1
INS_A5D1D534C873,REQ_959024D1CA05,0,30000.0,v0.1
INS_A5D1D534C873,REQ_D6FC86ABFC09,1,10900.0,v0.1
INS_A5D1D534C873,REQ_85F9351ABB24,2,1190.0,v0.1
INS_A5D1D534C873,REQ_42872AE032C4,3,30000.0,v0.1
INS_A5D1D534C873,REQ_0DE85B8D4F91,4,30000.0,v0.1
INS_A5D1D534C873,REQ_6968E667AC9A,5,30000.0,v0.1
INS_A5D1D534C873,REQ_BF291B5B70AA,6,3480.0,v0.1
INS_A5D1D534C873,REQ_6A2299D9F99C,7,30000.0,v0.1
INS_F9DAC7003CFF,REQ_627CC9626DBD,0,900.0,v0.1
INS_F9DAC7003CFF,REQ_77C0E16DF643,1,10890.0,v0.1
INS_F9DAC7003CFF,REQ_74DD74A84310,2,25130.0,v0.1
INS_F9DAC7003CFF,REQ_E4715C2F27E9,3,390.0,v0.1
INS_F9DAC7003CFF,REQ_CA25D937364E,4,11100.0,v0.1
INS_F9DAC7003CFF,REQ_DE9D1DC8364C,5,240.0,v0.1
INS_F9DAC7003CFF,REQ_DCB8B963C296,6,9370.0,v0.1
INS_F9DAC7003CFF,REQ_C9D3BD1DF456,7,14910.0,v0.1
INS_F9DAC7003CFF,REQ_B89380E12DFF,8,470.0,v0.1
INS_F9DAC7003CFF,REQ_8EEE07C05E40,9,22240.0,v0.1
INS_F9DAC7003CFF,REQ_0A09A3DD04DA,10,400.0,v0.1
INS_F9DAC7003CFF,REQ_07BC35B4C258,11,250.0,v0.1
INS_F9DAC7003CFF,REQ_A06299AB2FB0,12,10700.0,v0.1
INS_F9DAC7003CFF,REQ_6B13ED7A4E0F,13,16940.0,v0.1
INS_F9DAC7003CFF,REQ_255AD214CC0A,14,1500.0,v0.1
INS_F9DAC7003CFF,REQ_DD07DC3202F6,15,26730.0,v0.1
INS_E4481D595BF8,REQ_62471CDC1B44,0,13710.0,v0.1
INS_E4481D595BF8,REQ_45158392069D,1,200.0,v0.1
INS_E4481D595BF8,REQ_6DB05DB4B5CC,2,300.0,v0.1
INS_E4481D595BF8,REQ_A8AB07CFC859,3,850.0,v0.1
INS_E4481D595BF8,REQ_F961A381A16F,4,980.0000000000001,v0.1
INS_E4481D595BF8,REQ_20F99852A07D,5,3640.0,v0.1
INS_E4481D595BF8,REQ_B11BC4A88E6C,6,1750.0,v0.1
INS_E4481D595BF8,REQ_E9DA7E71A6EC,7,1100.0,v0.1
INS_E4481D595BF8,REQ_9A3F60AE3442,8,440.00000000000006,v0.1
INS_E4481D595BF8,REQ_3CC699CE8BA4,9,490.0,v0.1
INS_E4481D595BF8,REQ_B96B12AADC58,10,3990.0,v0.1
INS_892B9D205D8C,REQ_E02B6CC37F49,0,13310.0,v0.1
INS_892B9D205D8C,REQ_AA1BA9DB59A1,1,800.0,v0.1
INS_892B9D205D8C,REQ_CE6688EAAF11,2,30000.0,v0.1
INS_892B9D205D8C,REQ_43BCEA4CB100,3,30000.0,v0.1
INS_892B9D205D8C,REQ_88351F3B8D32,4,30000.0,v0.1
INS_892B9D205D8C,REQ_9854F22FFC9A,5,470.0,v0.1
INS_892B9D205D8C,REQ_F7E253D0A958,6,30000.0,v0.1
INS_892B9D205D8C,REQ_A2016CEB1B9A,7,11440.0,v0.1
INS_892B9D205D8C,REQ_148471AACFFA,8,6910.0,v0.1
INS_892B9D205D8C,REQ_9FE8B11E2C00,9,30000.0,v0.1
INS_892B9D205D8C,REQ_5DEC6F33BD84,10,30000.0,v0.1
INS_892B9D205D8C,REQ_A1522B97F8C2,11,30000.0,v0.1
INS_892B9D205D8C,REQ_67FDF48977B0,12,520.0,v0.1
INS_892B9D205D8C,REQ_DDB817B722A2,13,30000.0,v0.1
INS_892B9D205D8C,REQ_84A1FB6EB7A5,14,30000.0,v0.1
INS_892B9D205D8C,REQ_76B8F5282EED,15,14700.0,v0.1
INS_892B9D205D8C,REQ_7191A28F7BB3,16,930.0000000000001,v0.1
INS_892B9D205D8C,REQ_191A3E03E7DB,17,1800.0,v0.1
INS_892B9D205D8C,REQ_829A6AABFD5F,18,30000.0,v0.1
INS_892B9D205D8C,REQ_01C5EF112911,19,30000.0,v0.1
INS_892B9D205D8C,REQ_2939A5BDA18F,20,550.0,v0.1
INS_892B9D205D8C,REQ_7C82D856E4DF,21,1500.0,v0.1
INS_892B9D205D8C,REQ_9CBAB0D00B27,22,30000.0,v0.1
INS_892B9D205D8C,REQ_0AE5F4D28420,23,30000.0,v0.1
INS_892B9D205D8C,REQ_0F28E95A8C62,24,2050.0,v0.1
INS_892B9D205D8C,REQ_CBF27A2DAACD,25,800.0,v0.1
INS_892B9D205D8C,REQ_5185AB28B1C3,26,25080.0,v0.1
INS_DEFAF2C18FCB,REQ_34D0595D8B9B,0,8260.0,v0.1
INS_DEFAF2C18FCB,REQ_473DF23E29A0,1,930.0000000000001,v0.1
INS_DEFAF2C18FCB,REQ_5A5ABDF38F20,2,300.0,v0.1
INS_DEFAF2C18FCB,REQ_EF564539A0A4,3,1900.0,v0.1
INS_DEFAF2C18FCB,REQ_AE4F0E83B1D6,4,840.0,v0.1
INS_DEFAF2C18FCB,REQ_211D02A286FF,5,1500.0,v0.1
INS_DEFAF2C18FCB,REQ_A5270C992CCF,6,500.0,v0.1
INS_DEFAF2C18FCB,REQ_234088716DE5,7,2050.0,v0.1
INS_DEFAF2C18FCB,REQ_9A9469CF8FDB,8,2410.0,v0.1
INS_DEFAF2C18FCB,REQ_471900A51675,9,2890.0,v0.1
INS_DEFAF2C18FCB,REQ_B26C9EAC0F3B,10,450.0,v0.1
INS_DEFAF2C18FCB,REQ_B7A8372543EE,11,500.0,v0.1
INS_04A4C4E2B8BC,REQ_BE088E54F9C0,0,1130.0,v0.1
INS_04A4C4E2B8BC,REQ_C5E2B20BD2E0,1,2370.0,v0.1
INS_04A4C4E2B8BC,REQ_2098F41F1836,2,650.0,v0.1
INS_04A4C4E2B8BC,REQ_91EA61165B56,3,26400.0,v0.1
INS_04A4C4E2B8BC,REQ_0A2E8CD59019,4,30000.0,v0.1
INS_04A4C4E2B8BC,REQ_DEAD0B16A178,5,760.0,v0.1
INS_04A4C4E2B8BC,REQ_FFD37620657E,6,300.0,v0.1
INS_04A4C4E2B8BC,REQ_C7DD4B27A336,7,3770.0000000000005,v0.1
INS_04A4C4E2B8BC,REQ_02FF16D906FF,8,760.0,v0.1
INS_04A4C4E2B8BC,REQ_4A78CF12D72B,9,1060.0,v0.1
INS_7D8988C55F6F,REQ_57B29D2BA059,0,1910.0,v0.1
INS_7D8988C55F6F,REQ_9FA510135DFB,1,3540.0,v0.1
INS_7D8988C55F6F,REQ_DDD5873CC8E5,2,19470.0,v0.1
INS_7D8988C55F6F,REQ_9C08ABE17CF7,3,14000.0,v0.1
INS_7D8988C55F6F,REQ_D7D2232C7279,4,230.0,v0.1
INS_7D8988C55F6F,REQ_12037115D1CC,5,13700.0,v0.1
INS_7D8988C55F6F,REQ_D5FD9E9CBB25,6,900.0,v0.1
INS_7D8988C55F6F,REQ_A959EBE0FC7E,7,13790.0,v0.1
INS_7D8988C55F6F,REQ_6F05AD8D60CE,8,1150.0,v0.1
INS_7D8988C55F6F,REQ_4945DE5F5338,9,150.0,v0.1
INS_7D8988C55F6F,REQ_974EB1476603,10,390.0,v0.1
INS_7D8988C55F6F,REQ_7C4D9241979C,11,800.0,v0.1
INS_D7E7C493C2D0,REQ_C5E04ACEB99B,0,700.0,v0.1
INS_D7E7C493C2D0,REQ_F84C023431EC,1,1939.9999999999998,v0.1
INS_D7E7C493C2D0,REQ_B01F5F2C3835,2,30000.0,v0.1
INS_D7E7C493C2D0,REQ_8246BF987974,3,11590.0,v0.1
INS_D7E7C493C2D0,REQ_3C89B1A36E12,4,250.0,v0.1
INS_D7E7C493C2D0,REQ_BC5DF0FBB62D,5,4300.0,v0.1
INS_D7E7C493C2D0,REQ_92A3469E27FF,6,600.0,v0.1
INS_D7E7C493C2D0,REQ_E2BC9469E6DE,7,3180.0,v0.1
INS_D7E7C493C2D0,REQ_1012281BAD3D,8,410.0,v0.1
INS_D7E7C493C2D0,REQ_6217669E8A63,9,650.0,v0.1
INS_D7E7C493C2D0,REQ_AF0BCB67791C,10,9660.0,v0.1
INS_D7E7C493C2D0,REQ_EF8C6B81A9CF,11,830.0000000000001,v0.1
INS_D7E7C493C2D0,REQ_75EADA4E37DE,12,260.0,v0.1
INS_D7E7C493C2D0,REQ_A2465D6547AE,13,6440.0,v0.1
INS_D7E7C493C2D0,REQ_9EE239F274C4,14,720.0,v0.1
INS_D7E7C493C2D0,REQ_4B1A8ACE2EAA,15,3000.0,v0.1
INS_D7E7C493C2D0,REQ_8053591824B2,16,900.0,v0.1
INS_D7E7C493C2D0,REQ_2B7907A21734,17,1440.0,v0.1
INS_D7E7C493C2D0,REQ_5A838AD85ABB,18,760.0,v0.1
INS_D7E7C493C2D0,REQ_7B4FCA8A13A8,19,450.0,v0.1
INS_D7E7C493C2D0,REQ_C79E4275DA62,20,1950.0,v0.1
INS_D7E7C493C2D0,REQ_9D2A3EA9F0EF,21,950.0,v0.1
INS_D7E7C493C2D0,REQ_BB71A744DFCA,22,5900.0,v0.1
INS_D7E7C493C2D0,REQ_29B94859E85F,23,11740.0,v0.1
INS_D7E7C493C2D0,REQ_40AA1BD9B0FF,24,409.99999999999994,v0.1
INS_D7E7C493C2D0,REQ_6877C8BCC899,25,160.0,v0.1
INS_D7E7C493C2D0,REQ_2CBF414DE122,26,1500.0,v0.1
INS_D7E7C493C2D0,REQ_DF988604FE18,27,760.0,v0.1
INS_D7E7C493C2D0,REQ_9E9AAC0F0579,28,250.0,v0.1
INS_D7E7C493C2D0,REQ_B58A3E731908,29,350.0,v0.1
INS_D7E7C493C2D0,REQ_B9D82CEE954C,30,4700.0,v0.1
INS_D7E7C493C2D0,REQ_0FBA37E5915C,31,520.0,v0.1
INS_D7E7C493C2D0,REQ_84E8C63CB158,32,3075.0,v0.1
INS_F3347F2891E9,REQ_DF4709F741E9,0,20390.0,v0.1
INS_F3347F2891E9,REQ_FD774F9E998C,1,30000.0,v0.1
INS_F3347F2891E9,REQ_D36873AC4FA3,2,9690.0,v0.1
INS_F3347F2891E9,REQ_C8D2D776306B,3,480.0,v0.1
INS_F3347F2891E9,REQ_A1F27467A8D2,4,10830.0,v0.1
INS_F3347F2891E9,REQ_D06620737C2B,5,1230.0,v0.1
INS_F3347F2891E9,REQ_B72A5FD3C865,6,2880.0,v0.1
INS_F3347F2891E9,REQ_4F801F8FFBC3,7,3130.0,v0.1
INS_F3347F2891E9,REQ_0F98B3F29A56,8,4200.0,v0.1
INS_F3347F2891E9,REQ_B6831374D856,9,30000.0,v0.1
INS_F3347F2891E9,REQ_5299D1622502,10,12810.0,v0.1
INS_F3347F2891E9,REQ_8694747D0481,11,19350.0,v0.1
INS_F3347F2891E9,REQ_538B131307AA,12,1480.0,v0.1
INS_F3347F2891E9,REQ_A93B773F5CEF,13,1410.0,v0.1
INS_F3347F2891E9,REQ_3013A1519436,14,1620.0,v0.1
INS_2A7B4B5ECEFB,REQ_CDBF7DF2F89E,0,820.0,v0.1
INS_2A7B4B5ECEFB,REQ_8D92F7691A9B,1,1820.0,v0.1
INS_2A7B4B5ECEFB,REQ_EE649E025EAA,2,14720.0,v0.1
INS_2A7B4B5ECEFB,REQ_D4932DD5368D,3,2280.0,v0.1
INS_2A7B4B5ECEFB,REQ_BBEB36681D44,4,18100.0,v0.1
INS_2A7B4B5ECEFB,REQ_7A49E1A67C1C,5,1030.0,v0.1
INS_2A7B4B5ECEFB,REQ_AC7516980CDC,6,1120.0,v0.1
INS_2A7B4B5ECEFB,REQ_6F675E39834E,7,30000.0,v0.1
INS_2A7B4B5ECEFB,REQ_8AD2AA38B1DF,8,30000.0,v0.1
INS_2A7B4B5ECEFB,REQ_6182F7249B9A,9,530.0,v0.1
INS_2A7B4B5ECEFB,REQ_A922C60B56A4,10,30000.0,v0.1
INS_2A7B4B5ECEFB,REQ_A36E5FE90E7D,11,680.0,v0.1
INS_C85C2AF72A0F,REQ_3C110A7451AA,0,30000.0,v0.1
INS_C85C2AF72A0F,REQ_C6B6CEDEAAEE,1,30000.0,v0.1
INS_C85C2AF72A0F,REQ_46E51E8D1FD6,2,30000.0,v0.1
INS_C85C2AF72A0F,REQ_F26378D02269,3,30000.0,v0.1
INS_C85C2AF72A0F,REQ_A7B945D73A87,4,30000.0,v0.1
INS_C85C2AF72A0F,REQ_BAD5094FC616,5,30000.0,v0.1
INS_C85C2AF72A0F,REQ_725ACAF24939,6,30000.0,v0.1
INS_C85C2AF72A0F,REQ_83460775ABB9,7,30000.0,v0.1
INS_47F78974452F,REQ_4E75BBEE8237,0,20600.0,v0.1
INS_47F78974452F,REQ_7AE4AF4998E9,1,1550.0,v0.1
INS_47F78974452F,REQ_7D35EFB9F6C7,2,290.0,v0.1
INS_47F78974452F,REQ_068FFE08B7B7,3,330.0,v0.1
INS_47F78974452F,REQ_1762C3BE8938,4,15140.0,v0.1
INS_47F78974452F,REQ_622EACD1A62E,5,3500.0,v0.1
INS_47F78974452F,REQ_DACF937878F7,6,14690.0,v0.1
INS_47F78974452F,REQ_DFB5E4EBADC0,7,210.0,v0.1
INS_47F78974452F,REQ_CFA6A24D2EC1,8,2720.0,v0.1
INS_47F78974452F,REQ_028817365445,9,960.0,v0.1
INS_47F78974452F,REQ_34A29CEB8DC1,10,1710.0,v0.1
INS_47F78974452F,REQ_7B852D3197DC,11,6150.0,v0.1
INS_47F78974452F,REQ_398FA7BA3261,12,160.0,v0.1
INS_47F78974452F,REQ_D53EC29832E9,13,10090.0,v0.1
INS_47F78974452F,REQ_76A298FCDE4A,14,330.0,v0.1
INS_47F78974452F,REQ_3A0C977CE0A5,15,1860.0000000000002,v0.1
INS_47F78974452F,REQ_5B502E961F67,16,3890.0,v0.1
INS_47F78974452F,REQ_813B8BA8AFD2,17,30000.0,v0.1
INS_47F78974452F,REQ_79D023AE4CD2,18,160.0,v0.1
INS_47F78974452F,REQ_092E54FF87B8,19,2390.0,v0.1
INS_47F78974452F,REQ_21E51BCCF60C,20,7650.0,v0.1
INS_47F78974452F,REQ_34996B70E7F4,21,4550.0,v0.1
INS_47F78974452F,REQ_648074D4B45D,22,5380.0,v0.1
INS_47F78974452F,REQ_FA8F91601F21,23,740.0,v0.1
INS_47F78974452F,REQ_8F3422200705,24,19460.0,v0.1
INS_47F78974452F,REQ_3C1B28185BAA,25,3740.0,v0.1
INS_47F78974452F,REQ_A3B55CC64558,26,150.0,v0.1
INS_47F78974452F,REQ_0CA835511D70,27,13060.0,v0.1
INS_47F78974452F,REQ_97F5C3AE2253,28,670.0,v0.1
INS_47F78974452F,REQ_267C8994F02B,29,100.0,v0.1
INS_47F78974452F,REQ_6F62E1B7E3F9,30,30000.0,v0.1
INS_47F78974452F,REQ_63F96710DA1F,31,16970.0,v0.1
INS_47F78974452F,REQ_278338904C61,32,90.0,v0.1
INS_47F78974452F,REQ_A76C88C4E246,33,5280.0,v0.1
INS_47F78974452F,REQ_D3969CCFB3E6,34,800.0,v0.1
INS_47F78974452F,REQ_6C0651204526,35,1000.0,v0.1
INS_47F78974452F,REQ_01E70A1EF5AF,36,8320.0,v0.1
INS_47F78974452F,REQ_8D459DB542CD,37,150.0,v0.1
INS_47F78974452F,REQ_AAFD08F3E4FD,38,730.0,v0.1
INS_47F78974452F,REQ_E6B8CBD7FD1B,39,30000.0,v0.1
INS_47F78974452F,REQ_B6A8C2DC9502,40,100.0,v0.1
INS_47F78974452F,REQ_0ED94F45D2DB,41,11370.0,v0.1
INS_47F78974452F,REQ_F3ED5CBED83D,42,180.0,v0.1
INS_47F78974452F,REQ_29A6C3A81EC2,43,240.0,v0.1
INS_47F78974452F,REQ_500C738CBE71,44,3790.0,v0.1
INS_523FD583D7F6,REQ_5BC7FFD07233,0,1630.0,v0.1
INS_523FD583D7F6,REQ_080F08E403AC,1,5390.0,v0.1
INS_523FD583D7F6,REQ_BB61EEDD08FD,2,1930.0,v0.1
INS_523FD583D7F6,REQ_4AF93C3AF881,3,6720.0,v0.1
INS_523FD583D7F6,REQ_C700A1016DD6,4,260.0,v0.1
INS_523FD583D7F6,REQ_79A83A643673,5,1030.0,v0.1
INS_523FD583D7F6,REQ_D1A298714683,6,450.0,v0.1
INS_523FD583D7F6,REQ_93E6823741A3,7,30000.0,v0.1
INS_523FD583D7F6,REQ_4DE6E85822E9,8,570.0,v0.1
INS_523FD583D7F6,REQ_63524ABB9A2C,9,1100.0,v0.1
INS_523FD583D7F6,REQ_6A25FEF481EB,10,1850.0,v0.1
INS_523FD583D7F6,REQ_DD3CBA6465DD,11,530.0,v0.1
INS_523FD583D7F6,REQ_1B352B0A8ACB,12,250.0,v0.1
INS_523FD583D7F6,REQ_EB8B06CF887F,13,170.0,v0.1
INS_523FD583D7F6,REQ_5FA0047829B7,14,30000.0,v0.1
INS_523FD583D7F6,REQ_A274B54E41F1,15,6650.0,v0.1
INS_523FD583D7F6,REQ_89C9DCD6E48F,16,950.0,v0.1
INS_523FD583D7F6,REQ_12B0D8F7B061,17,1720.0,v0.1
INS_523FD583D7F6,REQ_774A34083C30,18,80.0,v0.1
INS_523FD583D7F6,REQ_10FC1A056172,19,5840.0,v0.1
INS_523FD583D7F6,REQ_B6855C4329C7,20,550.0,v0.1
INS_523FD583D7F6,REQ_9767582154D0,21,4970.0,v0.1
INS_523FD583D7F6,REQ_BB84D4A6A618,22,150.0,v0.1
INS_523FD583D7F6,REQ_444015F48CF6,23,1440.0,v0.1
INS_523FD583D7F6,REQ_33B10F701CDF,24,4700.0,v0.1
INS_523FD583D7F6,REQ_AFD6F90CDBDC,25,700.0,v0.1
INS_523FD583D7F6,REQ_CFB862F16221,26,500.0,v0.1
INS_523FD583D7F6,REQ_B0852CDFF6A3,27,6360.0,v0.1
INS_523FD583D7F6,REQ_043D20068C42,28,1330.0,v0.1
INS_A495D2836839,REQ_68726E8DE18D,0,29370.0,v0.1
INS_A495D2836839,REQ_184EA327ED07,1,3840.0,v0.1
INS_A495D2836839,REQ_82646173084F,2,10010.0,v0.1
INS_A495D2836839,REQ_A19DED5675AC,3,19330.0,v0.1
INS_A495D2836839,REQ_2EEC5049312D,4,30000.0,v0.1
INS_A495D2836839,REQ_C244BA8E5602,5,30000.0,v0.1
INS_A495D2836839,REQ_AC865A8B2DAF,6,3690.0,v0.1
INS_A495D2836839,REQ_728DDDB512E2,7,15390.0,v0.1
INS_A495D2836839,REQ_34D7C205E72D,8,320.0,v0.1
INS_A495D2836839,REQ_5338B4DF7F26,9,6300.0,v0.1
INS_A495D2836839,REQ_330ACE1EE88D,10,30000.0,v0.1
INS_A495D2836839,REQ_176F1661EE8F,11,9050.0,v0.1
INS_91924EE3F70A,REQ_858297E2BB5A,0,1810.0,v0.1
INS_91924EE3F70A,REQ_8768AE4609FF,1,280.0,v0.1
INS_91924EE3F70A,REQ_153EF02BF03C,2,9530.0,v0.1
INS_91924EE3F70A,REQ_E86D5C42F2B1,3,6100.0,v0.1
INS_91924EE3F70A,REQ_BB22CEA56608,4,500.0,v0.1
INS_91924EE3F70A,REQ_6719A6D54561,5,30000.0,v0.1
INS_91924EE3F70A,REQ_24AFF1E43186,6,4970.0,v0.1
INS_91924EE3F70A,REQ_FD832D6CC4D3,7,1370.0,v0.1
INS_91924EE3F70A,REQ_1C208B5F06A3,8,14760.0,v0.1
INS_91924EE3F70A,REQ_76B0CCD4A93E,9,300.0,v0.1
INS_91924EE3F70A,REQ_C5FA5DE356E7,10,6880.0,v0.1
INS_91924EE3F70A,REQ_A2E878752202,11,459.99999999999994,v0.1
INS_91924EE3F70A,REQ_21C6E187A6DB,12,30000.0,v0.1
INS_91924EE3F70A,REQ_8B0C91543D33,13,470.0,v0.1
INS_91924EE3F70A,REQ_5F1B6242C3DD,14,2150.0,v0.1
INS_91924EE3F70A,REQ_E9DBA593E84C,15,80.0,v0.1
INS_91924EE3F70A,REQ_308604A81733,16,2110.0,v0.1
INS_91924EE3F70A,REQ_724D5CE7DDE9,17,3070.0,v0.1
INS_91924EE3F70A,REQ_36A2A7D850B4,18,1880.0,v0.1
INS_91924EE3F70A,REQ_E63DE75C94BD,19,250.0,v0.1
INS_91924EE3F70A,REQ_DC9DDB7F7F69,20,3560.0,v0.1
INS_91924EE3F70A,REQ_1215583FA507,21,170.0,v0.1
INS_91924EE3F70A,REQ_DA894BF28478,22,13540.0,v0.1
INS_5784DFD05838,REQ_167FFEF885D9,0,1570.0,v0.1
INS_5784DFD05838,REQ_21BB76636979,1,960.0,v0.1
INS_5784DFD05838,REQ_B13FC14F5319,2,780.0,v0.1
INS_5784DFD05838,REQ_A0F514675810,3,1350.0,v0.1
INS_5784DFD05838,REQ_D67AA08BF3A1,4,2020.0,v0.1
INS_5784DFD05838,REQ_D2495CEFC969,5,3470.0,v0.1
INS_5784DFD05838,REQ_290BF6142F8A,6,200.0,v0.1
INS_5784DFD05838,REQ_52D1906C9279,7,3440.0,v0.1
INS_5784DFD05838,REQ_1835BC14A0F6,8,770.0,v0.1
INS_5784DFD05838,REQ_920A7E5F3D9B,9,2230.0,v0.1
INS_5784DFD05838,REQ_A4A8FF331AF9,10,4830.0,v0.1
INS_5784DFD05838,REQ_1F5D56214BCC,11,800.0,v0.1
INS_5784DFD05838,REQ_6101AA18AD1F,12,9110.0,v0.1
INS_02E3B1AE6D60,REQ_408CCCFB7DE2,0,2260.0,v0.1
INS_02E3B1AE6D60,REQ_165AC7AB9EB4,1,13970.0,v0.1
INS_02E3B1AE6D60,REQ_BFA0BC58437C,2,2160.0,v0.1
INS_02E3B1AE6D60,REQ_BE27CA8446BA,3,2920.0,v0.1
INS_02E3B1AE6D60,REQ_764C2E6E7C8A,4,4425.0,v0.1
INS_02E3B1AE6D60,REQ_77B185F6D1CE,5,1150.0,v0.1
INS_02E3B1AE6D60,REQ_9F6B7F211B17,6,15090.0,v0.1
INS_02E3B1AE6D60,REQ_8A2A4090EB2B,7,580.0,v0.1
INS_02E3B1AE6D60,REQ_56CAD80E236F,8,5610.0,v0.1
INS_02E3B1AE6D60,REQ_C476B11AC575,9,5750.0,v0.1
INS_02E3B1AE6D60,REQ_2884264AC576,10,17420.0,v0.1
INS_02E3B1AE6D60,REQ_ADB087E14A9B,11,520.0,v0.1
INS_02E3B1AE6D60,REQ_FA6C2BC8BA76,12,30000.0,v0.1
INS_02E3B1AE6D60,REQ_A12B1AF5190E,13,13330.0,v0.1
INS_02E3B1AE6D60,REQ_B5660623F366,14,1600.0,v0.1
INS_64C2C8B5889D,REQ_5416C540F972,0,10900.0,v0.1
INS_64C2C8B5889D,REQ_F786F82514E9,1,1470.0,v0.1
INS_64C2C8B5889D,REQ_DE018F0B7AE1,2,8710.0,v0.1
INS_64C2C8B5889D,REQ_6CBC8527AEA1,3,600.0,v0.1
INS_64C2C8B5889D,REQ_CF273B1F5056,4,1260.0,v0.1
INS_64C2C8B5889D,REQ_52A2A08C1116,5,30000.0,v0.1
INS_64C2C8B5889D,REQ_B1DB21792CAD,6,2410.0,v0.1
INS_64C2C8B5889D,REQ_9E9D960180D4,7,30000.0,v0.1
INS_64C2C8B5889D,REQ_BA23BB0BD6B3,8,11110.0,v0.1
INS_64C2C8B5889D,REQ_2BC00D194305,9,200.0,v0.1
INS_64C2C8B5889D,REQ_25D077CAC72E,10,30000.0,v0.1
INS_64C2C8B5889D,REQ_A8F61C44EA3E,11,11330.0,v0.1
INS_64C2C8B5889D,REQ_E03F4E5DABB8,12,860.0,v0.1
INS_64C2C8B5889D,REQ_DCA1BBDE538A,13,550.0,v0.1
INS_64C2C8B5889D,REQ_ED8CD4ABEFBD,14,30000.0,v0.1
INS_64C2C8B5889D,REQ_3D7A208600B1,15,550.0,v0.1
INS_64C2C8B5889D,REQ_FFE428014ADC,16,1670.0,v0.1
INS_64C2C8B5889D,REQ_52C6608D13D3,17,1500.0,v0.1
INS_64C2C8B5889D,REQ_23B9E7B2B0FD,18,300.0,v0.1
INS_64C2C8B5889D,REQ_6642167E54CF,19,810.0,v0.1
INS_EA632ADA7FA8,REQ_87C17B287A44,0,12820.0,v0.1
INS_EA632ADA7FA8,REQ_769391012066,1,30210.000000000004,v0.1
INS_EA632ADA7FA8,REQ_295F829B00FA,2,790.0,v0.1
INS_EA632ADA7FA8,REQ_63EDFDB54457,3,200.0,v0.1
INS_EA632ADA7FA8,REQ_8CDD07E84BC6,4,150.0,v0.1
INS_EA632ADA7FA8,REQ_34D846BC68A5,5,2860.0,v0.1
INS_EA632ADA7FA8,REQ_D3023792BEA8,6,550.0,v0.1
INS_EA632ADA7FA8,REQ_EB2D2EC71D5E,7,30000.0,v0.1
INS_EA632ADA7FA8,REQ_CF056DD5A71C,8,8730.0,v0.1
INS_EA632ADA7FA8,REQ_DB801AC65D14,9,2850.0,v0.1
INS_EA632ADA7FA8,REQ_40A0A8AF9503,10,5520.0,v0.1
INS_EA632ADA7FA8,REQ_C57895E82572,11,30000.0,v0.1
INS_EA632ADA7FA8,REQ_185A559B8B27,12,9780.0,v0.1
INS_EA632ADA7FA8,REQ_C5AAA18610AB,13,400.0,v0.1
INS_EA632ADA7FA8,REQ_922FA44C076A,14,500.0,v0.1
INS_EA632ADA7FA8,REQ_776E7E5A3E89,15,510.0,v0.1
INS_832D1414D7EF,REQ_ADB9B86005CA,0,30000.0,v0.1
INS_832D1414D7EF,REQ_2A6A8365D475,1,2790.0,v0.1
INS_832D1414D7EF,REQ_EA2533BFBB3A,2,30000.0,v0.1
INS_832D1414D7EF,REQ_79539DCCD0BC,3,19140.0,v0.1
INS_832D1414D7EF,REQ_CA78BA838027,4,500.0,v0.1
INS_832D1414D7EF,REQ_892879E4704E,5,630.0,v0.1
INS_832D1414D7EF,REQ_1276E50222BA,6,700.0,v0.1
INS_832D1414D7EF,REQ_1C4390A52F31,7,30000.0,v0.1
INS_832D1414D7EF,REQ_46078759A872,8,19350.0,v0.1
INS_832D1414D7EF,REQ_FDBE7FE2A030,9,16070.0,v0.1
INS_832D1414D7EF,REQ_10A9E3A15696,10,30000.0,v0.1
INS_832D1414D7EF,REQ_A801A797D3D3,11,1150.0,v0.1
INS_832D1414D7EF,REQ_FB25FE300702,12,2150.0,v0.1
INS_832D1414D7EF,REQ_86C600E4795A,13,30000.0,v0.1
INS_832D1414D7EF,REQ_D4039B19F64A,14,2650.0,v0.1
INS_832D1414D7EF,REQ_4A6968A7B4B4,15,1030.0,v0.1
INS_832D1414D7EF,REQ_B5F25B74DACF,16,19190.0,v0.1
INS_832D1414D7EF,REQ_5BD00395B899,17,30000.0,v0.1
INS_832D1414D7EF,REQ_FC53C24203D2,18,2560.0,v0.1
INS_832D1414D7EF,REQ_6971112E3344,19,600.0,v0.1
INS_832D1414D7EF,REQ_618D8D9D7218,20,1110.0,v0.1
INS_832D1414D7EF,REQ_BC25618B89E3,21,30000.0,v0.1
INS_832D1414D7EF,REQ_A16F53DA9BD2,22,30000.0,v0.1
INS_832D1414D7EF,REQ_E3F32541CAB8,23,580.0,v0.1
INS_832D1414D7EF,REQ_DFE88CC21383,24,800.0,v0.1
INS_832D1414D7EF,REQ_37F7EB3DFB07,25,30000.0,v0.1
INS_832D1414D7EF,REQ_BADA8DE13865,26,20670.0,v0.1
INS_832D1414D7EF,REQ_C3E446FA0E07,27,30000.0,v0.1
INS_832D1414D7EF,REQ_68A05259AB87,28,30000.0,v0.1
INS_832D1414D7EF,REQ_051CE8E3986E,29,30000.0,v0.1
INS_8903360114CE,REQ_E45AC991A9CC,0,30000.0,v0.1
INS_8903360114CE,REQ_E738AC80FD84,1,6270.0,v0.1
INS_8903360114CE,REQ_9C3C46242629,2,11250.0,v0.1
INS_8903360114CE,REQ_B8A82A32F893,3,5460.0,v0.1
INS_8903360114CE,REQ_B9501DB74B80,4,9940.0,v0.1
INS_8903360114CE,REQ_6B3FC9BA9A7E,5,150.0,v0.1
INS_8903360114CE,REQ_846F52E3A619,6,459.99999999999994,v0.1
INS_8903360114CE,REQ_9D22CE7E3594,7,4110.0,v0.1
INS_8903360114CE,REQ_0048346BFE2B,8,8250.0,v0.1
INS_8903360114CE,REQ_9190985271CD,9,30000.0,v0.1
INS_25415971A951,REQ_CE8A0CCE4DC1,0,2450.0,v0.1
INS_25415971A951,REQ_CD07D56EC0E6,1,409.99999999999994,v0.1
INS_25415971A951,REQ_A36D09D55EFB,2,19490.0,v0.1
INS_25415971A951,REQ_D48290F383BF,3,7740.0,v0.1
INS_25415971A951,REQ_2924986E5DEF,4,16580.0,v0.1
INS_25415971A951,REQ_7C611786B6B1,5,4690.0,v0.1
INS_25415971A951,REQ_C46FF9F83EB2,6,409.99999999999994,v0.1
INS_25415971A951,REQ_EA4BCA0AD60D,7,17900.0,v0.1
INS_25415971A951,REQ_7FA0EE482D5E,8,260.0,v0.1
INS_25415971A951,REQ_86FFC0D70D53,9,1530.0,v0.1
INS_25415971A951,REQ_A70DEEFBED52,10,4400.0,v0.1
INS_25415971A951,REQ_418380863D03,11,610.0,v0.1
INS_4E21F4C64319,REQ_F84437936FA1,0,640.0,v0.1
INS_4E21F4C64319,REQ_730AB1D60263,1,810.0,v0.1
INS_4E21F4C64319,REQ_775398FB7412,2,200.0,v0.1
INS_4E21F4C64319,REQ_0E346EC944E8,3,30000.0,v0.1
INS_4E21F4C64319,REQ_C4233E70C73D,4,30000.0,v0.1
INS_4E21F4C64319,REQ_D3146DE0C77B,5,120.0,v0.1
INS_4E21F4C64319,REQ_95F830229E50,6,26930.0,v0.1
INS_4E21F4C64319,REQ_C68D7503DA6D,7,17860.0,v0.1
INS_4E21F4C64319,REQ_E14D1660F185,8,30000.0,v0.1
INS_4E21F4C64319,REQ_5A94D9ED3BC0,9,6620.0,v0.1
INS_4E21F4C64319,REQ_7150FF9687EA,10,2360.0,v0.1
INS_4E21F4C64319,REQ_97CB87315B1C,11,12710.0,v0.1
INS_4E21F4C64319,REQ_83B5963527E7,12,360.0,v0.1
INS_4E21F4C64319,REQ_B06D13956F96,13,5440.0,v0.1
INS_4E21F4C64319,REQ_1DE60F95D8FB,14,9080.0,v0.1
INS_4E21F4C64319,REQ_49B9DE5375B3,15,1750.0,v0.1
INS_4E21F4C64319,REQ_B65475F372D6,16,10200.0,v0.1
INS_4E21F4C64319,REQ_80FED73E4805,17,1450.0,v0.1
INS_4E21F4C64319,REQ_BA55A7349212,18,1650.0,v0.1
INS_177C2FC5FA41,REQ_8A7FA70289D1,0,11850.0,v0.1
INS_177C2FC5FA41,REQ_66D14450D01C,1,550.0,v0.1
INS_177C2FC5FA41,REQ_D964563C8282,2,30000.0,v0.1
INS_177C2FC5FA41,REQ_6A60DB1DEDA6,3,30000.0,v0.1
INS_177C2FC5FA41,REQ_5A20B74F1CC6,4,11980.0,v0.1
INS_177C2FC5FA41,REQ_4039044FDC5E,5,10270.0,v0.1
INS_177C2FC5FA41,REQ_DA6F60815A2E,6,25080.0,v0.1
INS_177C2FC5FA41,REQ_5742808346BB,7,3920.0,v0.1
INS_177C2FC5FA41,REQ_5A9A9F68104B,8,30000.0,v0.1
INS_177C2FC5FA41,REQ_384A09579A17,9,15270.0,v0.1
INS_177C2FC5FA41,REQ_08E9E45903F2,10,4430.0,v0.1
INS_177C2FC5FA41,REQ_DA632DFC38D5,11,5400.0,v0.1
INS_177C2FC5FA41,REQ_1F9111FFA4E6,12,10770.0,v0.1
INS_177C2FC5FA41,REQ_D670BD2D0CAA,13,4090.0,v0.1
INS_177C2FC5FA41,REQ_4371F407B87B,14,25150.0,v0.1
INS_A712C5659EE1,REQ_B0384C308513,0,7800.0,v0.1
INS_A712C5659EE1,REQ_4FF9A82F1E2D,1,409.99999999999994,v0.1
INS_A712C5659EE1,REQ_312D9C63D0E0,2,1060.0,v0.1
INS_A712C5659EE1,REQ_016F191EF3EB,3,23950.0,v0.1
INS_A712C5659EE1,REQ_2320C474B88F,4,30000.0,v0.1
INS_A712C5659EE1,REQ_95EF0D729B51,5,7250.0,v0.1
INS_A712C5659EE1,REQ_969DD40745D2,6,8840.0,v0.1
INS_A712C5659EE1,REQ_41DA467FA6BD,7,500.0,v0.1
INS_A712C5659EE1,REQ_B4B45BE9AE0E,8,919.9999999999999,v0.1
INS_A712C5659EE1,REQ_81F017923849,9,560.0,v0.1
INS_A712C5659EE1,REQ_2AEC55AAF780,10,880.0,v0.1
INS_A712C5659EE1,REQ_448FAC8A46B4,11,30000.0,v0.1
INS_A712C5659EE1,REQ_8715F4B63889,12,30000.0,v0.1
INS_A712C5659EE1,REQ_95CDB6A1DEC5,13,30000.0,v0.1
INS_A712C5659EE1,REQ_81B83C42F326,14,1270.0,v0.1
INS_A712C5659EE1,REQ_CC67F1804610,15,1600.0,v0.1
INS_A712C5659EE1,REQ_3018215447D7,16,680.0,v0.1
INS_A712C5659EE1,REQ_37247793D955,17,20710.0,v0.1
INS_A712C5659EE1,REQ_6CAD0FF9972F,18,19950.0,v0.1
INS_A712C5659EE1,REQ_DDD5F486F9EA,19,25970.0,v0.1
INS_A712C5659EE1,REQ_98F9B05BE909,20,30000.0,v0.1
INS_A712C5659EE1,REQ_5D20CE7DEA46,21,850.0,v0.1
INS_A712C5659EE1,REQ_F249503D9D23,22,790.0,v0.1
INS_481F0B766DEC,REQ_A8332F5BE86A,0,17640.0,v0.1
INS_481F0B766DEC,REQ_AEE9DE7C9E54,1,13840.0,v0.1
INS_481F0B766DEC,REQ_5E7E3BD4C3AD,2,14880.0,v0.1
INS_481F0B766DEC,REQ_CFF3760F4BFF,3,350.0,v0.1
INS_481F0B766DEC,REQ_516B9587126B,4,30000.0,v0.1
INS_481F0B766DEC,REQ_DEFCF33777E9,5,30000.0,v0.1
INS_481F0B766DEC,REQ_5FA72031A4C9,6,30000.0,v0.1
INS_481F0B766DEC,REQ_A914F5F4559A,7,2260.0,v0.1
INS_481F0B766DEC,REQ_544DEF5FEC1C,8,23000.0,v0.1
INS_9FB6A82E32E0,REQ_1F51D94D297B,0,30000.0,v0.1
INS_9FB6A82E32E0,REQ_1783B6E2DD4D,1,13920.0,v0.1
INS_9FB6A82E32E0,REQ_A1D42BE926AF,2,680.0,v0.1
INS_9FB6A82E32E0,REQ_E1EF25F5F4B2,3,11180.0,v0.1
INS_9FB6A82E32E0,REQ_4BC63D0A46B4,4,800.0,v0.1
INS_9FB6A82E32E0,REQ_C5AAA18610AB,5,400.0,v0.1
INS_9FB6A82E32E0,REQ_7588BB6B1F57,6,8720.0,v0.1
INS_9FB6A82E32E0,REQ_C6087EC05AE6,7,27530.0,v0.1
INS_9FB6A82E32E0,REQ_F9978F15ABAA,8,580.0,v0.1
INS_9FB6A82E32E0,REQ_85ACDA1BA3C6,9,4050.0,v0.1
INS_9FB6A82E32E0,REQ_B67A5A40DE6A,10,15670.0,v0.1
INS_9FB6A82E32E0,REQ_9CDE143EBAEA,11,6030.0,v0.1
INS_9FB6A82E32E0,REQ_8CDD07E84BC6,12,150.0,v0.1
INS_9FB6A82E32E0,REQ_DEFC60F5D1C4,13,1800.0,v0.1
INS_9FB6A82E32E0,REQ_05FFCC07D97B,14,200.0,v0.1
INS_9FB6A82E32E0,REQ_6B60441FF210,15,130.0,v0.1
INS_9FB6A82E32E0,REQ_A34A8CEDC219,16,290.0,v0.1
INS_9FB6A82E32E0,REQ_88078A9079D9,17,1200.0,v0.1
INS_9FB6A82E32E0,REQ_21703F2A3521,18,20110.0,v0.1
INS_9FB6A82E32E0,REQ_830A729F981E,19,10450.0,v0.1
INS_9FB6A82E32E0,REQ_9166A11F3D2F,20,7470.0,v0.1
INS_9FB6A82E32E0,REQ_D57D4E50FAE1,21,7870.0,v0.1
INS_9FB6A82E32E0,REQ_D1078C07F0FD,22,8510.0,v0.1
INS_9FB6A82E32E0,REQ_019C0E85ACD6,23,16940.0,v0.1
INS_9FB6A82E32E0,REQ_651408F6C2E9,24,710.0,v0.1
INS_9FB6A82E32E0,REQ_82B632A51B34,25,8140.000000000001,v0.1
INS_9FB6A82E32E0,REQ_85B0A31E490E,26,15470.0,v0.1
INS_9FB6A82E32E0,REQ_07164037D1FF,27,26720.0,v0.1
INS_9FB6A82E32E0,REQ_900BBD7B15EE,28,310.0,v0.1
INS_9FB6A82E32E0,REQ_B27FF6D3A1D9,29,30000.0,v0.1
INS_9FB6A82E32E0,REQ_15EA4B57ED8C,30,21480.0,v0.1
INS_9FB6A82E32E0,REQ_1725B1C159B6,31,250.0,v0.1
INS_9FB6A82E32E0,REQ_142B67656247,32,6240.0,v0.1
INS_9FB6A82E32E0,REQ_D55FD77AD237,33,8029.999999999999,v0.1
INS_9FB6A82E32E0,REQ_C090F100B2D0,34,30000.0,v0.1
INS_9FB6A82E32E0,REQ_B2208B3B1682,35,450.0,v0.1
INS_9FB6A82E32E0,REQ_916FF4C0819C,36,5520.0,v0.1
INS_9FB6A82E32E0,REQ_6F9AAE10657F,37,15519.999999999998,v0.1
INS_9FB6A82E32E0,REQ_EA62CAAC7A54,38,160.0,v0.1
INS_9FB6A82E32E0,REQ_34D846BC68A5,39,2860.0,v0.1
INS_9FB6A82E32E0,REQ_0411382CD555,40,30000.0,v0.1
INS_9FB6A82E32E0,REQ_922FA44C076A,41,500.0,v0.1
INS_9FB6A82E32E0,REQ_5671CF58E5F3,42,2820.0,v0.1
INS_9FB6A82E32E0,REQ_11A4A1C31F2A,43,1750.0,v0.1
INS_9FB6A82E32E0,REQ_52AA1810A90D,44,430.0,v0.1
INS_9FB6A82E32E0,REQ_1D4A155E29DB,45,1910.0,v0.1
INS_9FB6A82E32E0,REQ_964862D4B341,46,15900.0,v0.1
INS_9FB6A82E32E0,REQ_43A9727BE3FB,47,19510.0,v0.1
INS_9FB6A82E32E0,REQ_00E476E7C7E3,48,600.0,v0.1
INS_9FB6A82E32E0,REQ_659E8CD37170,49,7630.0,v0.1
INS_9FB6A82E32E0,REQ_F0CAE79920E2,50,12210.0,v0.1
INS_9FB6A82E32E0,REQ_E046B02943C4,51,3220.0,v0.1
INS_9FB6A82E32E0,REQ_19933F975CB7,52,19990.0,v0.1
INS_9FB6A82E32E0,REQ_B38FEA968306,53,509.99999999999994,v0.1
INS_9FB6A82E32E0,REQ_3413E659E340,54,300.0,v0.1
INS_9FB6A82E32E0,REQ_2EB8E4563957,55,1250.0,v0.1
INS_9FB6A82E32E0,REQ_EB2D2EC71D5E,56,30000.0,v0.1
INS_9FB6A82E32E0,REQ_4734A8BD9393,57,12710.0,v0.1
INS_9FB6A82E32E0,REQ_777C0BFFD4CB,58,26500.0,v0.1
INS_9FB6A82E32E0,REQ_A560C2CA7F82,59,1350.0,v0.1
INS_22F82BC151BB,REQ_6B10C0834DA2,0,25540.0,v0.1
INS_22F82BC151BB,REQ_3FE792652E6B,1,2520.0,v0.1
INS_22F82BC151BB,REQ_1578CF0B6CB1,2,10970.0,v0.1
INS_22F82BC151BB,REQ_BE41B1D56AE1,3,950.0,v0.1
INS_22F82BC151BB,REQ_C59976F4939E,4,11840.0,v0.1
INS_22F82BC151BB,REQ_21BC85096482,5,26500.0,v0.1
INS_22F82BC151BB,REQ_7D3B1220DEE8,6,3250.0,v0.1
INS_22F82BC151BB,REQ_8CA36F8C5ADB,7,680.0,v0.1
INS_22F82BC151BB,REQ_E44CB1EF41DA,8,1350.0,v0.1
INS_22F82BC151BB,REQ_A602D32D935A,9,22680.0,v0.1
INS_22F82BC151BB,REQ_A2C77421F985,10,14280.0,v0.1
INS_22F82BC151BB,REQ_162AE602DB3A,11,890.0,v0.1
INS_22F82BC151BB,REQ_FDE6FF7F66FD,12,23620.0,v0.1
INS_22F82BC151BB,REQ_1A13858FE453,13,540.0,v0.1
INS_3A218D8CBEFA,REQ_F1E45C025589,0,30000.0,v0.1
INS_3A218D8CBEFA,REQ_94955031E8D5,1,1839.9999999999998,v0.1
INS_3A218D8CBEFA,REQ_F7A4642F95D9,2,14220.0,v0.1
INS_3A218D8CBEFA,REQ_9B9AAC7200B8,3,300.0,v0.1
INS_3A218D8CBEFA,REQ_3FD30DF9AF37,4,1420.0,v0.1
INS_3A218D8CBEFA,REQ_B85CA3CD8E7D,5,2490.0,v0.1
INS_3A218D8CBEFA,REQ_B479697DD27A,6,15319.999999999998,v0.1
INS_3A218D8CBEFA,REQ_DCC768237989,7,500.0,v0.1
INS_3A218D8CBEFA,REQ_E43E47514FEF,8,2080.0,v0.1
INS_3A218D8CBEFA,REQ_6C2B9FD83513,9,2800.0,v0.1
INS_3A218D8CBEFA,REQ_E13EE1E17223,10,1030.0,v0.1
INS_3A218D8CBEFA,REQ_916082562626,11,680.0,v0.1
INS_3A218D8CBEFA,REQ_0F604B40117C,12,28400.0,v0.1
INS_3A218D8CBEFA,REQ_CD40FB5E1149,13,1570.0,v0.1
INS_3A218D8CBEFA,REQ_32F4E1BF72E3,14,680.0,v0.1
INS_3A218D8CBEFA,REQ_6A7363134BF3,15,2600.0,v0.1
INS_3A218D8CBEFA,REQ_1EA4A772B6B6,16,350.0,v0.1
INS_3A218D8CBEFA,REQ_681727E27C44,17,30000.0,v0.1
INS_3A218D8CBEFA,REQ_C226F74171A8,18,600.0,v0.1
INS_3A218D8CBEFA,REQ_1C78FB9DBA4D,19,720.0,v0.1
INS_3A218D8CBEFA,REQ_558D61252F12,20,30000.0,v0.1
INS_3A218D8CBEFA,REQ_30DB7809F4DB,21,30000.0,v0.1
INS_3A218D8CBEFA,REQ_426FC716A38E,22,3740.0,v0.1
INS_3A218D8CBEFA,REQ_7EC4ECD3DB7E,23,200.0,v0.1
INS_3A218D8CBEFA,REQ_A76F3C47F862,24,30000.0,v0.1
INS_3A218D8CBEFA,REQ_19069F2192A6,25,1050.0,v0.1
INS_3A218D8CBEFA,REQ_708796D16C62,26,30000.0,v0.1
INS_3A218D8CBEFA,REQ_800E6D461988,27,30000.0,v0.1
INS_3A218D8CBEFA,REQ_F8356410EE1F,28,19410.0,v0.1
INS_3A218D8CBEFA,REQ_B06068EED07C,29,450.0,v0.1
INS_4B555BA006A2,REQ_9E6A6A603324,0,14480.0,v0.1
INS_4B555BA006A2,REQ_BEB9D01BA9C9,1,20660.0,v0.1
INS_4B555BA006A2,REQ_BF8630911444,2,2190.0,v0.1
INS_4B555BA006A2,REQ_6E074BDB7BD0,3,31090.0,v0.1
INS_4B555BA006A2,REQ_8C5A7B697C28,4,30000.0,v0.1
INS_4B555BA006A2,REQ_D0673C6E1093,5,17080.0,v0.1
INS_4B555BA006A2,REQ_82646173084F,6,10010.0,v0.1
INS_4B555BA006A2,REQ_DD58CFB6E458,7,30000.0,v0.1
INS_4B555BA006A2,REQ_AB462094A7EC,8,30000.0,v0.1
INS_4B555BA006A2,REQ_6934CD811E73,9,30000.0,v0.1
INS_4B555BA006A2,REQ_E7F700D0A9D8,10,1130.0,v0.1
INS_4B555BA006A2,REQ_A03D66F00923,11,9460.0,v0.1
INS_4B555BA006A2,REQ_41632751CE21,12,459.99999999999994,v0.1
INS_4B555BA006A2,REQ_5C4348974988,13,6730.0,v0.1
INS_4B555BA006A2,REQ_B285B7CCD2E1,14,470.0,v0.1
INS_4B555BA006A2,REQ_CED004DDAD45,15,3020.0,v0.1
INS_4B555BA006A2,REQ_330ACE1EE88D,16,30000.0,v0.1
INS_4B555BA006A2,REQ_F49596B45041,17,380.0,v0.1
INS_4B555BA006A2,REQ_48C5942ECA06,18,400.0,v0.1
INS_4B555BA006A2,REQ_165A58C8CBB0,19,7150.0,v0.1
INS_4B555BA006A2,REQ_9ECB45A99EDF,20,30000.0,v0.1
INS_4B555BA006A2,REQ_16297D10EFF7,21,30000.0,v0.1
INS_4B555BA006A2,REQ_59FF5B2D4BCA,22,1320.0,v0.1
INS_4B555BA006A2,REQ_E53FD2528DEA,23,24560.0,v0.1
INS_B2D50F06D468,REQ_2F0310AE8F2B,0,22900.0,v0.1
INS_B2D50F06D468,REQ_880BC0ED6BA8,1,30000.0,v0.1
INS_B2D50F06D468,REQ_BB40FFB05E44,2,950.0,v0.1
INS_B2D50F06D468,REQ_D51279C77921,3,20670.0,v0.1
INS_B2D50F06D468,REQ_3D725004B4A6,4,30000.0,v0.1
INS_B2D50F06D468,REQ_82F6720C0B6F,5,10780.0,v0.1
INS_B2D50F06D468,REQ_49799CC12586,6,17030.0,v0.1
INS_B2D50F06D468,REQ_C4FB83C0CD95,7,880.0,v0.1
INS_B2D50F06D468,REQ_004CF960777F,8,1300.0,v0.1
INS_B2D50F06D468,REQ_FA5D1CBDAA38,9,30000.0,v0.1
INS_B2D50F06D468,REQ_07794900B507,10,7440.0,v0.1
INS_B2D50F06D468,REQ_DEF6A8E57655,11,3210.0,v0.1
INS_B2D50F06D468,REQ_C77E1817DD13,12,16590.0,v0.1
INS_B2D50F06D468,REQ_2DE63836EEF0,13,10890.0,v0.1
INS_B2D50F06D468,REQ_816164E623E5,14,330.0,v0.1
INS_B2D50F06D468,REQ_7CA5E00208F1,15,20875.0,v0.1
INS_B2D50F06D468,REQ_AD5846C62BED,16,30000.0,v0.1
INS_B2D50F06D468,REQ_354DA022C969,17,3160.0,v0.1
INS_B2D50F06D468,REQ_D6EDC88A0A2D,18,470.0,v0.1
INS_B2D50F06D468,REQ_998844DD49F9,19,6310.0,v0.1
INS_B2D50F06D468,REQ_9318C7F3CCFF,20,830.0,v0.1
INS_B2D50F06D468,REQ_B0FA11F00329,21,11400.0,v0.1
INS_B2D50F06D468,REQ_A6C7795077DA,22,3279.9999999999995,v0.1
INS_B2D50F06D468,REQ_EDB91E573C0E,23,4060.0,v0.1
INS_B2D50F06D468,REQ_64EC2D014A59,24,2570.0,v0.1
INS_B2D50F06D468,REQ_457E4B6D4515,25,11910.0,v0.1
INS_B2D50F06D468,REQ_7D2E3352DFF6,26,4240.0,v0.1
INS_B2D50F06D468,REQ_A637BB6EF5D9,27,18980.0,v0.1
INS_B2D50F06D468,REQ_541452F63BB7,28,1420.0,v0.1
INS_B2D50F06D468,REQ_9584C08AD877,29,919.9999999999999,v0.1
INS_B2D50F06D468,REQ_EEC0B9AC9B16,30,30080.0,v0.1
INS_B2D50F06D468,REQ_2FC469D91F03,31,520.0,v0.1
INS_B2D50F06D468,REQ_A1F26F7AE05C,32,1050.0,v0.1
INS_B2D50F06D468,REQ_ED0D510420B0,33,30000.0,v0.1
INS_B2D50F06D468,REQ_596EA9602130,34,1020.0,v0.1
INS_B2D50F06D468,REQ_CA362E057B89,35,10675.0,v0.1
INS_B2D50F06D468,REQ_D9AD3E52CC9E,36,13080.0,v0.1
INS_B2D50F06D468,REQ_CD42A97D86D0,37,840.0,v0.1
INS_B2D50F06D468,REQ_4E226E46BD15,38,6420.0,v0.1
INS_B2D50F06D468,REQ_0C485074C03B,39,20020.0,v0.1
INS_B2D50F06D468,REQ_DC9FB92E5794,40,30000.0,v0.1
INS_B2D50F06D468,REQ_17055E0B1402,41,24830.0,v0.1
INS_B2D50F06D468,REQ_10AE1C006508,42,950.0,v0.1
INS_A31BED16DDF4,REQ_9FE8B11E2C00,0,30000.0,v0.1
INS_A31BED16DDF4,REQ_394E24062C7F,1,30000.0,v0.1
INS_A31BED16DDF4,REQ_CC5A547B6557,2,23360.0,v0.1
INS_A31BED16DDF4,REQ_C7AE263E845F,3,26350.0,v0.1
INS_A31BED16DDF4,REQ_65FBE0283CAF,4,30000.0,v0.1
INS_A31BED16DDF4,REQ_C532521B97BC,5,30000.0,v0.1
INS_A31BED16DDF4,REQ_C2224BAB0D20,6,900.0,v0.1
INS_A31BED16DDF4,REQ_CBF27A2DAACD,7,800.0,v0.1
INS_A31BED16DDF4,REQ_88351F3B8D32,8,30000.0,v0.1
INS_BADBADEAF32B,REQ_22AD1D8EE062,0,2650.0,v0.1
INS_BADBADEAF32B,REQ_1B0289B8EB55,1,250.0,v0.1
INS_BADBADEAF32B,REQ_B89A851BAF38,2,370.0,v0.1
INS_BADBADEAF32B,REQ_C32D95491AD2,3,850.0,v0.1
INS_BADBADEAF32B,REQ_C52E5503BF54,4,12790.0,v0.1
INS_BADBADEAF32B,REQ_E4F17E165827,5,2960.0,v0.1
INS_BADBADEAF32B,REQ_0D97909DBC31,6,10360.0,v0.1
INS_BADBADEAF32B,REQ_7068B8D0932F,7,16780.0,v0.1
INS_BADBADEAF32B,REQ_981CF96177D0,8,13850.0,v0.1
INS_BADBADEAF32B,REQ_6FFC68CA95B2,9,7730.0,v0.1
INS_BADBADEAF32B,REQ_ACED13BEEFE0,10,1750.0,v0.1
INS_BADBADEAF32B,REQ_05EAA5C1ECC0,11,550.0,v0.1
INS_BADBADEAF32B,REQ_1B1DFDDC3FD6,12,2870.0,v0.1
INS_BADBADEAF32B,REQ_A265D2573C43,13,300.0,v0.1
INS_BADBADEAF32B,REQ_437F55158611,14,10440.0,v0.1
INS_BADBADEAF32B,REQ_C9D683A096E8,15,5000.0,v0.1
INS_BADBADEAF32B,REQ_1F0AA02A0D18,16,530.0,v0.1
INS_BADBADEAF32B,REQ_32B3ABEBBCCE,17,16430.0,v0.1
INS_BADBADEAF32B,REQ_9ECF0AD867E7,18,600.0,v0.1
INS_BADBADEAF32B,REQ_5B8045121F62,19,600.0,v0.1
INS_BADBADEAF32B,REQ_DB98512CE6C5,20,250.0,v0.1
INS_43CC0DF59893,REQ_29E15538D435,0,630.0,v0.1
INS_43CC0DF59893,REQ_022DFE0D461B,1,21250.0,v0.1
INS_43CC0DF59893,REQ_26A5C447AA6D,2,27520.0,v0.1
INS_43CC0DF59893,REQ_4444D2432E4F,3,10550.0,v0.1
INS_43CC0DF59893,REQ_5275D987396B,4,1080.0,v0.1
INS_43CC0DF59893,REQ_80FE5F1EE582,5,1600.0,v0.1
INS_43CC0DF59893,REQ_802C0CD8424A,6,30000.0,v0.1
INS_43CC0DF59893,REQ_A6E7F18FCC36,7,2980.0,v0.1
INS_43CC0DF59893,REQ_9ACC36522A1D,8,30000.0,v0.1
INS_43CC0DF59893,REQ_085910E970BB,9,9200.0,v0.1
INS_43CC0DF59893,REQ_500CFDC86693,10,30000.0,v0.1
INS_43CC0DF59893,REQ_D0297ED43C1C,11,12300.0,v0.1
INS_43CC0DF59893,REQ_971381117570,12,10510.0,v0.1
INS_43CC0DF59893,REQ_048D327BC52E,13,500.0,v0.1
INS_43CC0DF59893,REQ_E30BD256A1DD,14,3270.0,v0.1
INS_43CC0DF59893,REQ_E3DD3D755776,15,2200.0,v0.1
INS_43CC0DF59893,REQ_891E3FF7D3C8,16,3050.0,v0.1
INS_43CC0DF59893,REQ_8F6C7A311221,17,1200.0,v0.1
INS_43CC0DF59893,REQ_510378BE6CDD,18,790.0,v0.1
INS_43CC0DF59893,REQ_653CC1DF9AE2,19,23230.0,v0.1
INS_43CC0DF59893,REQ_5EEE0A814B0D,20,440.00000000000006,v0.1
INS_43CC0DF59893,REQ_3F9936FE22B3,21,509.99999999999994,v0.1
INS_96D1B097F4FD,REQ_69E2156FD9BD,0,30000.0,v0.1
INS_96D1B097F4FD,REQ_D0C5374CC744,1,1260.0,v0.1
INS_96D1B097F4FD,REQ_9BFE0AC5300A,2,270.0,v0.1
INS_96D1B097F4FD,REQ_77FB7ED3BA07,3,240.0,v0.1
INS_96D1B097F4FD,REQ_3B5886884DFB,4,17850.0,v0.1
INS_96D1B097F4FD,REQ_4BC833C64FBE,5,1800.0,v0.1
INS_96D1B097F4FD,REQ_033E41654F64,6,30000.0,v0.1
INS_96D1B097F4FD,REQ_E78D61667F5D,7,1480.0,v0.1
INS_96D1B097F4FD,REQ_464C7001A9F4,8,30000.0,v0.1
INS_96D1B097F4FD,REQ_12638AE76F16,9,550.0,v0.1
INS_96D1B097F4FD,REQ_FA3CE204AD6E,10,1050.0,v0.1
INS_96D1B097F4FD,REQ_97B1FE758BF0,11,570.0,v0.1
INS_96D1B097F4FD,REQ_3BB99183FE74,12,30000.0,v0.1
INS_96D1B097F4FD,REQ_27912AAA1EBA,13,3360.0,v0.1
INS_96D1B097F4FD,REQ_0B0DDF11FA32,14,250.0,v0.1
INS_96D1B097F4FD,REQ_670439A34328,15,30000.0,v0.1
INS_96D1B097F4FD,REQ_99A0F2D1B17D,16,300.0,v0.1
INS_96D1B097F4FD,REQ_24E163C10E99,17,1650.0,v0.1
INS_96D1B097F4FD,REQ_88463CE54A9C,18,24000.0,v0.1
INS_96D1B097F4FD,REQ_765837F891D5,19,30000.0,v0.1
INS_96D1B097F4FD,REQ_60D44B6C0E2F,20,1490.0,v0.1
INS_96D1B097F4FD,REQ_04ADF813A36D,21,30000.0,v0.1
INS_96D1B097F4FD,REQ_A2FDBC2B9E39,22,1100.0,v0.1
INS_96D1B097F4FD,REQ_6E93B105A140,23,7630.0,v0.1
INS_96D1B097F4FD,REQ_89149D105D18,24,3060.0,v0.1
INS_96D1B097F4FD,REQ_5CDD92272871,25,1240.0,v0.1
INS_96D1B097F4FD,REQ_ED396F115481,26,350.0,v0.1
INS_96D1B097F4FD,REQ_152C644317E7,27,6580.0,v0.1
INS_96D1B097F4FD,REQ_974A58B637C2,28,3680.0,v0.1
INS_96D1B097F4FD,REQ_CE6FCAACAB3F,29,30000.0,v0.1
INS_45D0FF05A313,REQ_B75FC85E790C,0,30000.0,v0.1
INS_45D0FF05A313,REQ_773068D7947B,1,30000.0,v0.1
INS_45D0FF05A313,REQ_5A8EB402DD36,2,1060.0,v0.1
INS_45D0FF05A313,REQ_9EA1B31AD619,3,6270.0,v0.1
INS_45D0FF05A313,REQ_F7047D3E3FDA,4,30000.0,v0.1
INS_45D0FF05A313,REQ_748FC4A40031,5,830.0,v0.1
INS_45D0FF05A313,REQ_599DB655D05D,6,9460.0,v0.1
INS_45D0FF05A313,REQ_2A72E41546D7,7,690.0,v0.1
INS_45D0FF05A313,REQ_4317DAE87407,8,900.0,v0.1
INS_45D0FF05A313,REQ_52C6608D13D3,9,1500.0,v0.1
INS_45D0FF05A313,REQ_714FB9019218,10,700.0,v0.1
INS_45D0FF05A313,REQ_A221E70169D5,11,2370.0,v0.1
INS_45D0FF05A313,REQ_52F02353004E,12,310.0,v0.1
INS_45D0FF05A313,REQ_0EAA8A6A19B0,13,110.0,v0.1
INS_45D0FF05A313,REQ_C4D633BD6B83,14,30000.0,v0.1
INS_45D0FF05A313,REQ_079808508C3D,15,680.0,v0.1
INS_45D0FF05A313,REQ_F4CC0B17AF2E,16,1850.0,v0.1
INS_45D0FF05A313,REQ_889B84B41575,17,1660.0000000000002,v0.1
INS_45D0FF05A313,REQ_4A574D652587,18,30000.0,v0.1
INS_45D0FF05A313,REQ_1E6E39FD7418,19,21860.0,v0.1
INS_45D0FF05A313,REQ_1E070D148353,20,80.0,v0.1
INS_45D0FF05A313,REQ_5A1A486608A6,21,3780.0,v0.1
INS_189DE44E64D8,REQ_0CB3B66E45CD,0,8860.0,v0.1
INS_189DE44E64D8,REQ_966CA34CFEC7,1,3970.0,v0.1
INS_189DE44E64D8,REQ_82E8150238B9,2,7760.0,v0.1
INS_189DE44E64D8,REQ_E03D234E33EB,3,2540.0,v0.1
INS_189DE44E64D8,REQ_35721FBF7932,4,16920.0,v0.1
INS_189DE44E64D8,REQ_8AA601393664,5,660.0,v0.1
INS_189DE44E64D8,REQ_6EB29B309DEA,6,1350.0,v0.1
INS_189DE44E64D8,REQ_A63279357873,7,2930.0,v0.1
INS_189DE44E64D8,REQ_530FA216C36B,8,1290.0,v0.1
INS_189DE44E64D8,REQ_3B64E14BDFE4,9,1350.0,v0.1
INS_189DE44E64D8,REQ_14FDBAB1C92E,10,850.0,v0.1
INS_189DE44E64D8,REQ_BA954C6E00E4,11,1000.0,v0.1
INS_189DE44E64D8,REQ_B556DBA29CCB,12,1450.0,v0.1
INS_189DE44E64D8,REQ_05542A5FF46E,13,250.0,v0.1
INS_189DE44E64D8,REQ_B4E4E47E4C9B,14,3600.0,v0.1
INS_189DE44E64D8,REQ_5F2BE19BBAD0,15,19300.0,v0.1
INS_189DE44E64D8,REQ_80D47D3C5E83,16,30000.0,v0.1
INS_189DE44E64D8,REQ_A6DDCE542077,17,980.0000000000001,v0.1
INS_189DE44E64D8,REQ_F9670B8E7574,18,660.0,v0.1
INS_189DE44E64D8,REQ_331B55D498DE,19,2480.0,v0.1
INS_189DE44E64D8,REQ_EF2CD8536702,20,1130.0,v0.1
INS_ADD1629F0174,REQ_093DE1C5A6F6,0,400.0,v0.1
INS_ADD1629F0174,REQ_73CBC764EEEC,1,690.0,v0.1
INS_ADD1629F0174,REQ_FB84760B64D3,2,340.0,v0.1
INS_ADD1629F0174,REQ_0E435C0BBA71,3,3310.0,v0.1
INS_ADD1629F0174,REQ_D1B3F0F87A74,4,1600.0,v0.1
INS_ADD1629F0174,REQ_92278E5E9F25,5,30000.0,v0.1
INS_ADD1629F0174,REQ_D66D00B10306,6,1420.0,v0.1
INS_ADD1629F0174,REQ_CA1E70B602C2,7,450.0,v0.1
INS_ADD1629F0174,REQ_25FF2DCD4212,8,6630.0,v0.1
INS_ADD1629F0174,REQ_3B48B2DF5E9A,9,270.0,v0.1
INS_ADD1629F0174,REQ_B6FB132FB9A8,10,1230.0,v0.1
INS_ADD1629F0174,REQ_2CFE80A39192,11,250.0,v0.1
INS_A7600950D089,REQ_4743DF9B0E9A,0,490.00000000000006,v0.1
INS_A7600950D089,REQ_6D75EB5F69CD,1,160.0,v0.1
INS_A7600950D089,REQ_0BDCE6503DD8,2,320.0,v0.1
INS_A7600950D089,REQ_1BDCD5025FD2,3,15120.0,v0.1
INS_A7600950D089,REQ_8F5978B3DBAC,4,440.0,v0.1
INS_A7600950D089,REQ_132FEBC7A1F3,5,30000.0,v0.1
INS_A7600950D089,REQ_C6835C36FAC1,6,3890.0,v0.1
INS_A7600950D089,REQ_F6BF983281C9,7,25270.0,v0.1
INS_A7600950D089,REQ_A76F3C47F862,8,30000.0,v0.1
INS_A7600950D089,REQ_326EB1D6D750,9,30000.0,v0.1
INS_A7600950D089,REQ_77E9AC30BA28,10,220.00000000000003,v0.1
INS_A7600950D089,REQ_F8356410EE1F,11,19410.0,v0.1
INS_A7600950D089,REQ_EADD745EA60C,12,2500.0,v0.1
INS_A7600950D089,REQ_CD40FB5E1149,13,1570.0,v0.1
INS_A7600950D089,REQ_257459CB6AC5,14,2720.0,v0.1
INS_A7600950D089,REQ_D8F6576E421A,15,1350.0,v0.1
INS_A7600950D089,REQ_8D9439FAB18B,16,430.0,v0.1
INS_8D4E6D9F4596,REQ_B362F372C048,0,610.0,v0.1
INS_8D4E6D9F4596,REQ_35184FFE3755,1,600.0,v0.1
INS_8D4E6D9F4596,REQ_1C78FB9DBA4D,2,720.0,v0.1
INS_8D4E6D9F4596,REQ_3404ADAE8CF6,3,30000.0,v0.1
INS_8D4E6D9F4596,REQ_0F604B40117C,4,28400.0,v0.1
INS_8D4E6D9F4596,REQ_257459CB6AC5,5,2720.0,v0.1
INS_8D4E6D9F4596,REQ_6C2B9FD83513,6,2800.0,v0.1
INS_8D4E6D9F4596,REQ_A50CB3F6D578,7,30000.0,v0.1
INS_8D4E6D9F4596,REQ_9C511A59AE7E,8,30000.0,v0.1
INS_8D4E6D9F4596,REQ_7A1268B0ECD2,9,6350.0,v0.1
INS_8D4E6D9F4596,REQ_10A461501791,10,250.0,v0.1
INS_8D4E6D9F4596,REQ_F5480E8E9460,11,480.0,v0.1
INS_8D4E6D9F4596,REQ_0A0F85CC4B54,12,30000.0,v0.1
INS_8D4E6D9F4596,REQ_DCC768237989,13,500.0,v0.1
INS_8D4E6D9F4596,REQ_CD40FB5E1149,14,1570.0,v0.1
INS_8D4E6D9F4596,REQ_F833DAAC70E1,15,11300.0,v0.1
INS_8D4E6D9F4596,REQ_5300FF45CEAC,16,750.0,v0.1
INS_8D4E6D9F4596,REQ_75CB7D6B6390,17,30000.0,v0.1
INS_8D4E6D9F4596,REQ_3550710A6407,18,14800.0,v0.1
INS_8D4E6D9F4596,REQ_2D7234950E98,19,650.0,v0.1
INS_8D4E6D9F4596,REQ_3EA7E2F8E59A,20,30000.0,v0.1
INS_8D4E6D9F4596,REQ_CA8D8D5DD7A5,21,430.0,v0.1
INS_8D4E6D9F4596,REQ_F8356410EE1F,22,19410.0,v0.1
INS_8D4E6D9F4596,REQ_0A419D7CEFEB,23,850.0,v0.1
INS_8D4E6D9F4596,REQ_E43E47514FEF,24,2080.0,v0.1
INS_8D4E6D9F4596,REQ_0D8B22F33D36,25,950.0,v0.1
INS_8D4E6D9F4596,REQ_6C071646BA66,26,2850.0,v0.1
INS_8D4E6D9F4596,REQ_B06068EED07C,27,450.0,v0.1
INS_8D4E6D9F4596,REQ_3E9ABFD78B97,28,2640.0,v0.1
INS_8C5B51038D1B,REQ_85C9392CCA6F,0,3480.0,v0.1
INS_8C5B51038D1B,REQ_6BA0788AAAB5,1,700.0,v0.1
INS_8C5B51038D1B,REQ_380705438DDA,2,600.0,v0.1
INS_8C5B51038D1B,REQ_2D0A8CF5FAF9,3,650.0,v0.1
INS_8C5B51038D1B,REQ_56F66FAFC326,4,800.0,v0.1
INS_8C5B51038D1B,REQ_AB947473BF80,5,450.0,v0.1
INS_8C5B51038D1B,REQ_DD1AC960FA3E,6,1970.0,v0.1
INS_8C5B51038D1B,REQ_BB71A744DFCA,7,5900.0,v0.1
INS_8C5B51038D1B,REQ_FEDF0F02D964,8,800.0,v0.1
INS_8C5B51038D1B,REQ_A986005DC5DD,9,30000.0,v0.1
INS_8C5B51038D1B,REQ_380B989CB8A3,10,150.0,v0.1
INS_8C5B51038D1B,REQ_F9FFB4A76E36,11,2680.0,v0.1
INS_8C5B51038D1B,REQ_777DE58467BF,12,600.0,v0.1
INS_8C5B51038D1B,REQ_9F9287F89BEE,13,3140.0,v0.1
INS_8C5B51038D1B,REQ_1E4039853471,14,490.0,v0.1
INS_8C5B51038D1B,REQ_941FF4112A2E,15,2530.0,v0.1
INS_8C5B51038D1B,REQ_5BF86F90634D,16,13125.0,v0.1
INS_8C5B51038D1B,REQ_1BE35CE21CC5,17,230.0,v0.1
INS_8C5B51038D1B,REQ_035CE1D073FC,18,1080.0,v0.1
INS_8C5B51038D1B,REQ_4EBCFC1873E5,19,2900.0,v0.1
INS_8C5B51038D1B,REQ_AE134A6E6CE8,20,1550.0,v0.1
INS_16DDD8CEF0FB,REQ_6ED590EFB6C0,0,2200.0,v0.1
INS_16DDD8CEF0FB,REQ_C524132ED151,1,2650.0,v0.1
INS_16DDD8CEF0FB,REQ_84CC34226AAD,2,1670.0,v0.1
INS_16DDD8CEF0FB,REQ_CAE74D7889B3,3,4670.0,v0.1
INS_16DDD8CEF0FB,REQ_9A79EDFC7080,4,670.0,v0.1
INS_16DDD8CEF0FB,REQ_F2C541357394,5,1400.0,v0.1
INS_16DDD8CEF0FB,REQ_03BB2416CC91,6,5670.0,v0.1
INS_16DDD8CEF0FB,REQ_CC67105A6877,7,30000.0,v0.1
INS_16DDD8CEF0FB,REQ_7E4272E8EE67,8,550.0,v0.1
INS_16DDD8CEF0FB,REQ_478A047D3376,9,810.0,v0.1
INS_16DDD8CEF0FB,REQ_2296FD1181AC,10,700.0,v0.1
INS_16DDD8CEF0FB,REQ_C68F3CE9310D,11,30000.0,v0.1
INS_16DDD8CEF0FB,REQ_0ACB712D3C2C,12,30000.0,v0.1
INS_16DDD8CEF0FB,REQ_40C266D75202,13,600.0,v0.1
INS_16DDD8CEF0FB,REQ_2D7D280D6627,14,30000.0,v0.1
INS_16DDD8CEF0FB,REQ_3E328BC78D65,15,20680.0,v0.1
INS_16DDD8CEF0FB,REQ_7DB46DABE8FE,16,500.0,v0.1
INS_2AF2D44E5BF7,REQ_0CC67604B2B7,0,24350.0,v0.1
INS_2AF2D44E5BF7,REQ_D7C981DEE0E7,1,7309.999999999999,v0.1
INS_2AF2D44E5BF7,REQ_25F94CE4E455,2,30000.0,v0.1
INS_2AF2D44E5BF7,REQ_9137C155DD72,3,13460.0,v0.1
INS_2AF2D44E5BF7,REQ_2A92DFD89864,4,17760.0,v0.1
INS_2AF2D44E5BF7,REQ_895E7DF735BD,5,14200.0,v0.1
INS_2AF2D44E5BF7,REQ_CB81322F5C84,6,6800.0,v0.1
INS_2AF2D44E5BF7,REQ_4CC2DA46AECF,7,30000.0,v0.1
INS_2AF2D44E5BF7,REQ_CECF7A168639,8,30000.0,v0.1
INS_2AF2D44E5BF7,REQ_89498E831993,9,30000.0,v0.1
INS_2AF2D44E5BF7,REQ_C21D9002E4B1,10,22540.0,v0.1
INS_2AF2D44E5BF7,REQ_919DD27012C6,11,30000.0,v0.1
INS_2AF2D44E5BF7,REQ_788FAF911A5E,12,550.0,v0.1
INS_2AF2D44E5BF7,REQ_AA4AFAE13C6E,13,9800.0,v0.1
INS_2AF2D44E5BF7,REQ_BA4765F3E68D,14,30000.0,v0.1
INS_2AF2D44E5BF7,REQ_48C9BCADCABD,15,30000.0,v0.1
INS_2AF2D44E5BF7,REQ_43CCF80E4E99,16,30000.0,v0.1
INS_2AF2D44E5BF7,REQ_754815DAB900,17,30000.0,v0.1
INS_2AF2D44E5BF7,REQ_B884FFFCE234,18,30000.0,v0.1
INS_2AF2D44E5BF7,REQ_B928B17119AE,19,6080.0,v0.1
INS_2AF2D44E5BF7,REQ_A673DE68CE58,20,26980.0,v0.1
INS_2AF2D44E5BF7,REQ_05AC31DD7CD8,21,9310.0,v0.1
INS_2AF2D44E5BF7,REQ_BC1B952684D8,22,30000.0,v0.1
INS_2AF2D44E5BF7,REQ_AF8CDDA4D5E0,23,30000.0,v0.1
INS_2AF2D44E5BF7,REQ_8BEBDFC315FC,24,15350.0,v0.1
INS_2AF2D44E5BF7,REQ_6C087EA6F86F,25,30000.0,v0.1
INS_2AF2D44E5BF7,REQ_0C29D1C7632C,26,30000.0,v0.1
INS_2AF2D44E5BF7,REQ_75AB6204EF53,27,390.0,v0.1
INS_2AF2D44E5BF7,REQ_8F909F86C457,28,17800.0,v0.1
INS_2AF2D44E5BF7,REQ_16000AC93CBF,29,17000.0,v0.1
INS_1A194EB4A028,REQ_3C2C5F1A2265,0,950.0,v0.1
INS_1A194EB4A028,REQ_6CD8AE65B5BC,1,2030.0,v0.1
INS_1A194EB4A028,REQ_4371F407B87B,2,25150.0,v0.1
INS_1A194EB4A028,REQ_39276FD15E22,3,1450.0,v0.1
INS_1A194EB4A028,REQ_902EA59ADF2F,4,11420.0,v0.1
INS_1A194EB4A028,REQ_5F28BA2DC869,5,190.0,v0.1
INS_1A194EB4A028,REQ_62E15A5D4E10,6,23800.0,v0.1
INS_1A194EB4A028,REQ_5A9A9F68104B,7,30000.0,v0.1
INS_1A194EB4A028,REQ_4F1BE0394EA1,8,760.0,v0.1
INS_1A194EB4A028,REQ_27A1E54B11A6,9,6280.0,v0.1
INS_1A194EB4A028,REQ_206EA3FABFA2,10,11600.0,v0.1
INS_1A194EB4A028,REQ_3BA6E66783BA,11,30000.0,v0.1
INS_1A194EB4A028,REQ_D9560C35A024,12,2380.0,v0.1
INS_1A194EB4A028,REQ_DD19EDBFB0C1,13,4970.0,v0.1
INS_E96908BFFFAC,REQ_7190037AC579,0,13070.0,v0.1
INS_E96908BFFFAC,REQ_634F76A26148,1,1320.0,v0.1
INS_E96908BFFFAC,REQ_A93FA9CC3542,2,5360.0,v0.1
INS_E96908BFFFAC,REQ_5C7D2298B4D1,3,320.0,v0.1
INS_E96908BFFFAC,REQ_7C4B15441730,4,1500.0,v0.1
INS_E96908BFFFAC,REQ_808FC0BD1535,5,4430.0,v0.1
INS_E96908BFFFAC,REQ_53F489C00CDE,6,2920.0,v0.1
INS_E96908BFFFAC,REQ_F4A5532F36CC,7,30000.0,v0.1
INS_E96908BFFFAC,REQ_8BF4090A3416,8,800.0,v0.1
INS_E96908BFFFAC,REQ_D7535F9401CC,9,1870.0,v0.1
INS_E96908BFFFAC,REQ_A81113AE39FF,10,19520.0,v0.1
INS_E96908BFFFAC,REQ_E9C7131433D5,11,27440.0,v0.1
INS_E96908BFFFAC,REQ_F29DAD285DF6,12,3329.9999999999995,v0.1
INS_E96908BFFFAC,REQ_16FF855C8871,13,760.0,v0.1
INS_E96908BFFFAC,REQ_EA2FAC5F6427,14,25640.0,v0.1
INS_E96908BFFFAC,REQ_4B6EA53DE19C,15,1250.0,v0.1
INS_E96908BFFFAC,REQ_A4940E226A00,16,1760.0,v0.1
INS_E96908BFFFAC,REQ_7F5F8F00B267,17,1520.0,v0.1
INS_E96908BFFFAC,REQ_CE12D4B32687,18,17690.0,v0.1
INS_E96908BFFFAC,REQ_0069BA60F8CE,19,6480.0,v0.1
INS_E96908BFFFAC,REQ_E77724C3CD58,20,170.0,v0.1
INS_E96908BFFFAC,REQ_32EE723E5550,21,2350.0,v0.1
INS_E96908BFFFAC,REQ_8D487FB40E97,22,1840.0,v0.1
INS_10FC63DBE1AF,REQ_BCA400C3C70C,0,3150.0,v0.1
INS_10FC63DBE1AF,REQ_42D6BED46BB5,1,1990.0,v0.1
INS_10FC63DBE1AF,REQ_6E9D165F1D9C,2,1570.0,v0.1
INS_10FC63DBE1AF,REQ_A5A6BCA7419B,3,700.0,v0.1
INS_10FC63DBE1AF,REQ_7A2D7FCBDAD3,4,1700.0,v0.1
INS_10FC63DBE1AF,REQ_57ED52F96485,5,6390.0,v0.1
INS_10FC63DBE1AF,REQ_8B13F8C173C0,6,2070.0,v0.1
INS_10FC63DBE1AF,REQ_6A0A3F7C5156,7,9160.0,v0.1
INS_10FC63DBE1AF,REQ_D59440709459,8,9670.0,v0.1
INS_10FC63DBE1AF,REQ_BA954C6E00E4,9,1000.0,v0.1
INS_814E61E6B22E,REQ_62174F85C67D,0,350.0,v0.1
INS_814E61E6B22E,REQ_8828AC56FF3F,1,28020.0,v0.1
INS_814E61E6B22E,REQ_FBC5038D6BED,2,810.0,v0.1
INS_814E61E6B22E,REQ_8CA36F8C5ADB,3,680.0,v0.1
INS_814E61E6B22E,REQ_20D0B21DFC7F,4,9430.0,v0.1
INS_814E61E6B22E,REQ_D3B45DDD4161,5,17250.0,v0.1
INS_814E61E6B22E,REQ_502DB592CC2C,6,430.0,v0.1
INS_814E61E6B22E,REQ_779A5BE2F6AC,7,11230.0,v0.1
INS_814E61E6B22E,REQ_73CD425CD2BE,8,1110.0,v0.1
INS_814E61E6B22E,REQ_4380899E18AE,9,300.0,v0.1
INS_814E61E6B22E,REQ_8E11CB927896,10,170.0,v0.1
INS_814E61E6B22E,REQ_CA61DAADD421,11,2870.0,v0.1
INS_814E61E6B22E,REQ_EF88868B7969,12,19200.0,v0.1
INS_E80BBEAD8C4C,REQ_3933CF760B7A,0,900.0,v0.1
INS_E80BBEAD8C4C,REQ_87ED6CBC963C,1,30000.0,v0.1
INS_E80BBEAD8C4C,REQ_8C44FEABBD4B,2,6110.0,v0.1
INS_E80BBEAD8C4C,REQ_AC5BA126695F,3,740.0,v0.1
INS_E80BBEAD8C4C,REQ_32627DA53A4B,4,26700.0,v0.1
INS_E80BBEAD8C4C,REQ_8A12BCBCEB0A,5,500.0,v0.1
INS_E80BBEAD8C4C,REQ_13B608D0D41E,6,210.0,v0.1
INS_E80BBEAD8C4C,REQ_C051947B7BD2,7,2500.0,v0.1
INS_E80BBEAD8C4C,REQ_59466EF8A148,8,850.0,v0.1
INS_E80BBEAD8C4C,REQ_3A0869572F47,9,30000.0,v0.1
INS_E80BBEAD8C4C,REQ_6826F597E26C,10,900.0,v0.1
INS_E80BBEAD8C4C,REQ_0C70C80A9D13,11,6020.0,v0.1
INS_E80BBEAD8C4C,REQ_BEC15B59C375,12,23000.0,v0.1
INS_E80BBEAD8C4C,REQ_937B991DFB7E,13,229.99999999999997,v0.1
INS_E80BBEAD8C4C,REQ_00989F6633E0,14,9110.0,v0.1
INS_E80BBEAD8C4C,REQ_1A87A66C5D77,15,250.0,v0.1
INS_F01524EE77A5,REQ_EDCDD411CC74,0,30000.0,v0.1
INS_F01524EE77A5,REQ_1FF03DAE2839,1,30000.0,v0.1
INS_F01524EE77A5,REQ_BBCB6F5C41EE,2,27060.0,v0.1
INS_F01524EE77A5,REQ_546A19D960B0,3,30000.0,v0.1
INS_F01524EE77A5,REQ_05284FE85B1C,4,25360.0,v0.1
INS_F01524EE77A5,REQ_57FD9283ECDD,5,13890.0,v0.1
INS_F01524EE77A5,REQ_FDD057568520,6,30000.0,v0.1
INS_F01524EE77A5,REQ_CBE58178588E,7,10570.0,v0.1
INS_F01524EE77A5,REQ_8D6E1C7C1E4E,8,30000.0,v0.1
INS_F01524EE77A5,REQ_A7BC46973A10,9,15700.0,v0.1
INS_F01524EE77A5,REQ_811D4A5B9CC3,10,30000.0,v0.1
INS_F01524EE77A5,REQ_8F717200F89D,11,11430.0,v0.1
INS_F01524EE77A5,REQ_5397DF010582,12,30000.0,v0.1
INS_F01524EE77A5,REQ_3EEBB86092EC,13,30000.0,v0.1
INS_F01524EE77A5,REQ_D83381E9970B,14,30000.0,v0.1
INS_6BE9831B75F6,REQ_A471F0332C91,0,1850.0,v0.1
INS_6BE9831B75F6,REQ_AA52033B8B3B,1,7970.0,v0.1
INS_6BE9831B75F6,REQ_B30F695D4D1E,2,750.0,v0.1
INS_6BE9831B75F6,REQ_337F78C800DF,3,1480.0,v0.1
INS_6BE9831B75F6,REQ_1E3246470DA9,4,30000.0,v0.1
INS_6BE9831B75F6,REQ_F0B78E56864B,5,28430.0,v0.1
INS_6BE9831B75F6,REQ_8DE1ACE7EE05,6,9850.0,v0.1
INS_6BE9831B75F6,REQ_A4BD5BC517FD,7,1420.0,v0.1
INS_6BE9831B75F6,REQ_F8F6D2391532,8,12400.0,v0.1
INS_6BE9831B75F6,REQ_10463910EFC9,9,2430.0,v0.1
INS_6BE9831B75F6,REQ_7FA2CF6B1673,10,17570.0,v0.1
INS_6BE9831B75F6,REQ_220DF6FE60F0,11,2400.0,v0.1
INS_6BE9831B75F6,REQ_29D09A9E5260,12,2100.0,v0.1
INS_98CC275A1BE9,REQ_6616DA7B8B85,0,30000.0,v0.1
INS_98CC275A1BE9,REQ_07BE782C1DCC,1,330.0,v0.1
INS_98CC275A1BE9,REQ_70DFC9EC7671,2,30000.0,v0.1
INS_98CC275A1BE9,REQ_50A099A1937B,3,30000.0,v0.1
INS_98CC275A1BE9,REQ_39A99B3597CE,4,1100.0,v0.1
INS_98CC275A1BE9,REQ_D3E07FCAFC27,5,2980.0,v0.1
INS_98CC275A1BE9,REQ_6826F597E26C,6,900.0,v0.1
INS_98CC275A1BE9,REQ_99A6021106C6,7,650.0,v0.1
INS_98CC275A1BE9,REQ_9ADC288F9D3C,8,980.0,v0.1
INS_98CC275A1BE9,REQ_039DB66AC89C,9,1460.0,v0.1
INS_98CC275A1BE9,REQ_0718E995E41A,10,490.00000000000006,v0.1
INS_98CC275A1BE9,REQ_7E7EAFC7ED21,11,1030.0,v0.1
INS_98CC275A1BE9,REQ_A6E9E45C2F2C,12,6859.999999999999,v0.1
INS_98CC275A1BE9,REQ_7B769263F9D6,13,30000.0,v0.1
INS_98CC275A1BE9,REQ_B9ED6957183D,14,9280.0,v0.1
INS_98CC275A1BE9,REQ_EE34A54B38B4,15,869.9999999999999,v0.1
INS_98CC275A1BE9,REQ_6633C6E5162B,16,7670.0,v0.1
INS_98CC275A1BE9,REQ_13B608D0D41E,17,210.0,v0.1
INS_98CC275A1BE9,REQ_E85DBB87291F,18,1080.0,v0.1
INS_98CC275A1BE9,REQ_2591FC37F8D3,19,2680.0,v0.1
INS_98CC275A1BE9,REQ_AFDECDCB471C,20,409.99999999999994,v0.1
INS_98CC275A1BE9,REQ_0329B11D7EAE,21,620.0,v0.1
INS_98CC275A1BE9,REQ_00989F6633E0,22,9110.0,v0.1
INS_98CC275A1BE9,REQ_9C59ECC99046,23,950.0,v0.1
INS_98CC275A1BE9,REQ_DCCB4F019305,24,30000.0,v0.1
INS_98CC275A1BE9,REQ_7D1F6B9BB9E2,25,6000.0,v0.1
INS_98CC275A1BE9,REQ_8806A8FB2D85,26,2150.0,v0.1
INS_98CC275A1BE9,REQ_E65C35F1938E,27,950.0,v0.1
INS_98CC275A1BE9,REQ_741440E265F1,28,750.0,v0.1
INS_98CC275A1BE9,REQ_E5A93EE7ED9C,29,3320.0000000000005,v0.1
INS_98CC275A1BE9,REQ_1C2971C73F91,30,24390.0,v0.1
INS_98CC275A1BE9,REQ_3933CF760B7A,31,900.0,v0.1
INS_98CC275A1BE9,REQ_8BFE670D4B1A,32,900.0,v0.1
INS_98CC275A1BE9,REQ_10DE20D456A6,33,320.0,v0.1
INS_98CC275A1BE9,REQ_7ADE5A8C888D,34,530.0,v0.1
INS_98CC275A1BE9,REQ_96BB31770F57,35,15260.0,v0.1
INS_98CC275A1BE9,REQ_CCB5EEDD0174,36,7950.0,v0.1
INS_98CC275A1BE9,REQ_50E92935E3B5,37,650.0,v0.1
INS_98CC275A1BE9,REQ_311ADD5D9532,38,430.0,v0.1
INS_98CC275A1BE9,REQ_BC9AEC6C7E73,39,869.9999999999999,v0.1
INS_98CC275A1BE9,REQ_9049BAE09ACF,40,9200.0,v0.1
INS_98CC275A1BE9,REQ_BC08AAF124D3,41,550.0,v0.1
INS_98CC275A1BE9,REQ_82ED46491A81,42,30000.0,v0.1
INS_98CC275A1BE9,REQ_2E3613D9EC6D,43,250.0,v0.1
INS_98CC275A1BE9,REQ_A6422A451DB1,44,30000.0,v0.1
INS_98CC275A1BE9,REQ_81E907A08CB4,45,1100.0,v0.1
INS_98CC275A1BE9,REQ_BCC425254335,46,30000.0,v0.1
INS_98CC275A1BE9,REQ_3DDDE0F597B1,47,18280.0,v0.1
INS_98CC275A1BE9,REQ_52E88E063CF5,48,12320.0,v0.1
INS_98CC275A1BE9,REQ_A4B530725CD6,49,25490.0,v0.1
INS_98CC275A1BE9,REQ_87ED6CBC963C,50,30000.0,v0.1
INS_98CC275A1BE9,REQ_2EE2ED617C8A,51,13300.0,v0.1
INS_98CC275A1BE9,REQ_BB12F044CCE0,52,1230.0,v0.1
INS_98CC275A1BE9,REQ_EECF0FCDEE5B,53,1500.0,v0.1
INS_98CC275A1BE9,REQ_5BBC248EBC21,54,15470.0,v0.1
INS_98CC275A1BE9,REQ_1C320BCF9F19,55,100.0,v0.1
INS_98CC275A1BE9,REQ_04A75EF23F57,56,6050.0,v0.1
INS_F202A5263149,REQ_AD3CDE708C45,0,6975.0,v0.1
INS_F202A5263149,REQ_0B54D66AFC5D,1,20550.0,v0.1
INS_F202A5263149,REQ_12FC333BF2F0,2,20820.0,v0.1
INS_F202A5263149,REQ_E07B3BFA71F8,3,560.0,v0.1
INS_F202A5263149,REQ_EF2241A2C5E4,4,210.0,v0.1
INS_F202A5263149,REQ_78C05F9E9D17,5,10230.0,v0.1
INS_F202A5263149,REQ_36EF78C1C05E,6,300.0,v0.1
INS_F202A5263149,REQ_867C7EB79D0B,7,1000.0,v0.1
INS_F202A5263149,REQ_B4FE0584BCB7,8,30000.0,v0.1
INS_F202A5263149,REQ_40726269F621,9,10130.0,v0.1
INS_F202A5263149,REQ_522F90AD1B81,10,510.0,v0.1
INS_F202A5263149,REQ_4D914D227AF1,11,600.0,v0.1
INS_C161CCEBFD46,REQ_AF7583168DBF,0,23870.0,v0.1
INS_C161CCEBFD46,REQ_693545922AA3,1,1400.0,v0.1
INS_C161CCEBFD46,REQ_7AE4AF4998E9,2,1550.0,v0.1
INS_C161CCEBFD46,REQ_F120BDA3DAC4,3,1280.0,v0.1
INS_C161CCEBFD46,REQ_7434F9FB06C7,4,630.0,v0.1
INS_C161CCEBFD46,REQ_2DE4065A9605,5,4510.0,v0.1
INS_C161CCEBFD46,REQ_D2E663D95771,6,10100.0,v0.1
INS_C161CCEBFD46,REQ_6F62E1B7E3F9,7,30000.0,v0.1
INS_C161CCEBFD46,REQ_565E2383B2BC,8,22330.0,v0.1
INS_C161CCEBFD46,REQ_97F5C3AE2253,9,670.0,v0.1
INS_C161CCEBFD46,REQ_2BEE838E8F39,10,5970.0,v0.1
INS_90E79476843B,REQ_98CE1B4565BB,0,2300.0,v0.1
INS_90E79476843B,REQ_53B48A18AC1A,1,24430.0,v0.1
INS_90E79476843B,REQ_68CC5161FC94,2,670.0,v0.1
INS_90E79476843B,REQ_69907E4110E6,3,13800.0,v0.1
INS_90E79476843B,REQ_2EE8DD3E44CC,4,12720.0,v0.1
INS_90E79476843B,REQ_071569E9C6EE,5,500.0,v0.1
INS_90E79476843B,REQ_6EC658F5D595,6,4500.0,v0.1
INS_90E79476843B,REQ_1AF495868F9D,7,2660.0,v0.1
INS_90E79476843B,REQ_A9F1B61216F7,8,30000.0,v0.1
INS_90E79476843B,REQ_22C89477CB12,9,840.0,v0.1
INS_90E79476843B,REQ_8A2A4090EB2B,10,580.0,v0.1
INS_90E79476843B,REQ_25BE227B9ACA,11,5210.0,v0.1
INS_9B85C551272E,REQ_C65CF1065882,0,950.0,v0.1
INS_9B85C551272E,REQ_A0540CDA396A,1,30000.0,v0.1
INS_9B85C551272E,REQ_7563C15C8DBB,2,22320.0,v0.1
INS_9B85C551272E,REQ_0938FD678692,3,1900.0,v0.1
INS_9B85C551272E,REQ_4123B98D4D9C,4,800.0,v0.1
INS_9B85C551272E,REQ_F1D4F84DBBAE,5,1760.0000000000002,v0.1
INS_9B85C551272E,REQ_816A39630F67,6,19840.0,v0.1
INS_9B85C551272E,REQ_32EEFFC4B2A6,7,390.0,v0.1
INS_9B85C551272E,REQ_9AC09D9C02CC,8,1280.0,v0.1
INS_9B85C551272E,REQ_4856BFDA18A7,9,28500.0,v0.1
INS_9B85C551272E,REQ_3DE0D65BD1C1,10,30000.0,v0.1
INS_9B85C551272E,REQ_2D467B736A22,11,30000.0,v0.1
INS_9B85C551272E,REQ_52DC6142D6E7,12,19150.0,v0.1
INS_9B85C551272E,REQ_AC0DDAD35B3C,13,400.0,v0.1
INS_9B85C551272E,REQ_4173C3E240D9,14,15330.0,v0.1
INS_9B85C551272E,REQ_20A7E6918E31,15,12600.0,v0.1
INS_9B85C551272E,REQ_7A3DF7AF6A09,16,30000.0,v0.1
INS_9B85C551272E,REQ_022D8822B745,17,23040.0,v0.1
INS_9B85C551272E,REQ_AE7CC8B2100A,18,30000.0,v0.1
INS_9B85C551272E,REQ_CE0F64731116,19,440.0,v0.1
INS_9B85C551272E,REQ_7896D0BACB80,20,30000.0,v0.1
INS_9B85C551272E,REQ_7ABA9DD9083D,21,210.0,v0.1
INS_9B85C551272E,REQ_8402CF25BA3F,22,25560.0,v0.1
INS_9B85C551272E,REQ_9FDB97C8E276,23,30000.0,v0.1
INS_9B85C551272E,REQ_779F626A1723,24,1200.0,v0.1
INS_9B85C551272E,REQ_1D599856099B,25,30000.0,v0.1
INS_9B85C551272E,REQ_1C35E1C9A44C,26,13340.0,v0.1
INS_9B85C551272E,REQ_FED70DA8A987,27,1960.0000000000002,v0.1
INS_9B85C551272E,REQ_B40D23A4030F,28,3290.0,v0.1
INS_138F2D6FCF3F,REQ_2C179BC72BA8,0,22690.0,v0.1
INS_138F2D6FCF3F,REQ_98F9B05BE909,1,30000.0,v0.1
INS_138F2D6FCF3F,REQ_C71F7D974E5B,2,27480.0,v0.1
INS_138F2D6FCF3F,REQ_8E3D4F0D5363,3,10830.0,v0.1
INS_138F2D6FCF3F,REQ_78D10E8C4807,4,5060.0,v0.1
INS_138F2D6FCF3F,REQ_3018215447D7,5,680.0,v0.1
INS_138F2D6FCF3F,REQ_2AEC55AAF780,6,880.0,v0.1
INS_138F2D6FCF3F,REQ_AC9172A4F424,7,8750.0,v0.1
INS_5A3BEDBCA605,REQ_8A089B6C8C9F,0,4280.0,v0.1
INS_5A3BEDBCA605,REQ_A1FF141A1BAA,1,7880.0,v0.1
INS_5A3BEDBCA605,REQ_1ABF5EAA6EE0,2,10150.0,v0.1
INS_5A3BEDBCA605,REQ_588F4845325E,3,1880.0,v0.1
INS_5A3BEDBCA605,REQ_A81247C6A99B,4,3970.0000000000005,v0.1
INS_5A3BEDBCA605,REQ_E311471C8094,5,13340.0,v0.1
INS_5A3BEDBCA605,REQ_9E3C9B870A43,6,1610.0000000000002,v0.1
INS_5A3BEDBCA605,REQ_71055D2DCAB6,7,2020.0,v0.1
INS_5A3BEDBCA605,REQ_940C4F644F21,8,80.0,v0.1
INS_5A3BEDBCA605,REQ_FDB285482F8B,9,650.0,v0.1
INS_5A3BEDBCA605,REQ_9E1055AD9332,10,3570.0,v0.1
INS_5A3BEDBCA605,REQ_06E868733DAF,11,1490.0,v0.1
INS_89C33F354148,REQ_C51172E4090F,0,600.0,v0.1
INS_89C33F354148,REQ_CB0039D99065,1,30000.0,v0.1
INS_89C33F354148,REQ_17D74044A198,2,1800.0,v0.1
INS_89C33F354148,REQ_9730023004AE,3,29200.0,v0.1
INS_89C33F354148,REQ_2F8CBB1C9FAD,4,200.0,v0.1
INS_89C33F354148,REQ_A1781DCB85F6,5,960.0,v0.1
INS_89C33F354148,REQ_6762C0A07231,6,640.0,v0.1
INS_89C33F354148,REQ_17D4DE9BE3BA,7,409.99999999999994,v0.1
INS_89C33F354148,REQ_B1A9D09AFE67,8,30000.0,v0.1
INS_89C33F354148,REQ_74E8A36BAFCB,9,15700.0,v0.1
INS_89C33F354148,REQ_B547DBDD06B6,10,1900.0,v0.1
INS_1FF842F3874D,REQ_A1AD7B4E66F6,0,30000.0,v0.1
INS_1FF842F3874D,REQ_031A651A7125,1,22580.0,v0.1
INS_1FF842F3874D,REQ_54DDBBCDA87F,2,2070.0,v0.1
INS_1FF842F3874D,REQ_5DEC6F33BD84,3,30000.0,v0.1
INS_1FF842F3874D,REQ_CBF27A2DAACD,4,800.0,v0.1
INS_1FF842F3874D,REQ_DDB817B722A2,5,30000.0,v0.1
INS_1FF842F3874D,REQ_88351F3B8D32,6,30000.0,v0.1
INS_1FF842F3874D,REQ_D53D2A8D9117,7,30000.0,v0.1
INS_1FF842F3874D,REQ_61AAF1A16775,8,30000.0,v0.1
INS_1FF842F3874D,REQ_9854F22FFC9A,9,470.0,v0.1
INS_1FF842F3874D,REQ_43BCEA4CB100,10,30000.0,v0.1
INS_1FF842F3874D,REQ_4B0BA39F6C34,11,13050.0,v0.1
INS_1FF842F3874D,REQ_9CBAB0D00B27,12,30000.0,v0.1
INS_1FF842F3874D,REQ_AC8C79DC23AC,13,30000.0,v0.1
INS_1FF842F3874D,REQ_84A1FB6EB7A5,14,30000.0,v0.1
INS_1FF842F3874D,REQ_7E0DB3DC29AA,15,30000.0,v0.1
INS_1FF842F3874D,REQ_169C951EBFE8,16,18280.0,v0.1
INS_1FF842F3874D,REQ_A1522B97F8C2,17,30000.0,v0.1
INS_1FF842F3874D,REQ_A8A796745767,18,2340.0,v0.1
INS_1FF842F3874D,REQ_62DA61D5395B,19,1850.0,v0.1
INS_1FF842F3874D,REQ_17FD3064533F,20,30000.0,v0.1
INS_1FF842F3874D,REQ_F6D219960707,21,1440.0,v0.1
INS_1FF842F3874D,REQ_76B8F5282EED,22,14700.0,v0.1
INS_1FF842F3874D,REQ_9FE8B11E2C00,23,30000.0,v0.1
INS_1FF842F3874D,REQ_2736D83C786A,24,30000.0,v0.1
INS_1FF842F3874D,REQ_072D5D427A73,25,16440.0,v0.1
INS_1FF842F3874D,REQ_148471AACFFA,26,6910.0,v0.1
INS_1FF842F3874D,REQ_33E1A6788418,27,30000.0,v0.1
INS_1FF842F3874D,REQ_92FD5EFD22D3,28,30000.0,v0.1
INS_1FF842F3874D,REQ_A2016CEB1B9A,29,11440.0,v0.1
INS_1F3FCEA04D6E,REQ_4657619F4FBB,0,1750.0,v0.1
INS_1F3FCEA04D6E,REQ_1DF7C2CE7237,1,3290.0,v0.1
INS_1F3FCEA04D6E,REQ_405CFCDCB5AE,2,9910.0,v0.1
INS_1F3FCEA04D6E,REQ_B43EB942908B,3,2150.0,v0.1
INS_1F3FCEA04D6E,REQ_D8B6A64B9ADC,4,790.0,v0.1
INS_1F3FCEA04D6E,REQ_AF1D1F7F842B,5,1240.0,v0.1
INS_1F3FCEA04D6E,REQ_018963321C9A,6,240.0,v0.1
INS_1F3FCEA04D6E,REQ_F4B06B7D9474,7,1160.0,v0.1
INS_1F3FCEA04D6E,REQ_C1A831D980CD,8,11800.0,v0.1
INS_1F3FCEA04D6E,REQ_9FC6490B402D,9,790.0,v0.1
INS_1F3FCEA04D6E,REQ_AF7408C8164D,10,350.0,v0.1
INS_1F3FCEA04D6E,REQ_626A3353BEBA,11,3110.0,v0.1
INS_1F3FCEA04D6E,REQ_38D55C44B005,12,1989.9999999999998,v0.1
INS_1F3FCEA04D6E,REQ_2156E18E882A,13,3170.0,v0.1
INS_1F3FCEA04D6E,REQ_F4A23484DEFC,14,3440.0,v0.1
INS_1F3FCEA04D6E,REQ_D648703B8051,15,430.0,v0.1
INS_1F3FCEA04D6E,REQ_227EEF3FEA27,16,1050.0,v0.1
INS_1F3FCEA04D6E,REQ_3B3B7829A5FE,17,1170.0,v0.1
INS_1F3FCEA04D6E,REQ_92AC2CB57F93,18,2800.0,v0.1
INS_1F3FCEA04D6E,REQ_9A8F56D2C33B,19,450.0,v0.1
INS_1F3FCEA04D6E,REQ_4FA3372B01C3,20,1260.0,v0.1
INS_1F3FCEA04D6E,REQ_6787FA31942D,21,190.0,v0.1
INS_1F3FCEA04D6E,REQ_8503A824E4BC,22,2810.0,v0.1
INS_1F3FCEA04D6E,REQ_937866F34B8F,23,30650.0,v0.1
INS_1F3FCEA04D6E,REQ_31E479481FC2,24,500.0,v0.1
INS_1F3FCEA04D6E,REQ_87E8B029B5D0,25,500.0,v0.1
INS_1F3FCEA04D6E,REQ_667F1CCD0E24,26,2040.0,v0.1
INS_1F3FCEA04D6E,REQ_8FE0761F4237,27,13760.0,v0.1
INS_1F3FCEA04D6E,REQ_6686B73FEA0E,28,1390.0,v0.1
INS_0EB165041BCE,REQ_FD371A6D2F1E,0,29370.0,v0.1
INS_0EB165041BCE,REQ_7D1F31C596EF,1,28070.0,v0.1
INS_0EB165041BCE,REQ_2D08D6C69763,2,30000.0,v0.1
INS_0EB165041BCE,REQ_54438CA895D0,3,200.0,v0.1
INS_0EB165041BCE,REQ_DD17D460083B,4,30000.0,v0.1
INS_0EB165041BCE,REQ_11C0A6BD3E3C,5,22210.0,v0.1
INS_0EB165041BCE,REQ_92272EA82130,6,6330.0,v0.1
INS_0EB165041BCE,REQ_30759B79BCF9,7,470.0,v0.1
INS_0EB165041BCE,REQ_FECBDB78BBEC,8,3400.0,v0.1
INS_0EB165041BCE,REQ_77FC90F024B5,9,30000.0,v0.1
INS_C5810082E902,REQ_BFCA276DBFD1,0,2140.0,v0.1
INS_C5810082E902,REQ_56D95C672954,1,2000.0,v0.1
INS_C5810082E902,REQ_352626272F61,2,2670.0,v0.1
INS_C5810082E902,REQ_0107C0344B87,3,350.0,v0.1
INS_C5810082E902,REQ_92DD339A628D,4,9220.0,v0.1
INS_C5810082E902,REQ_6818E65F262D,5,190.0,v0.1
INS_C5810082E902,REQ_E0265E87ED1E,6,210.0,v0.1
INS_C5810082E902,REQ_ACF65DFBB97B,7,4640.0,v0.1
INS_C5810082E902,REQ_F7A3FD938422,8,1600.0,v0.1
INS_C5810082E902,REQ_188913806B33,9,30000.0,v0.1
INS_C5810082E902,REQ_6EB6E305E595,10,800.0,v0.1
INS_C5810082E902,REQ_A386446A1485,11,1670.0,v0.1
INS_9FCDCBC7BFF9,REQ_191A3E03E7DB,0,1800.0,v0.1
INS_9FCDCBC7BFF9,REQ_E711ACB22092,1,30000.0,v0.1
INS_9FCDCBC7BFF9,REQ_61AAF1A16775,2,30000.0,v0.1
INS_9FCDCBC7BFF9,REQ_4B0BA39F6C34,3,13050.0,v0.1
INS_9FCDCBC7BFF9,REQ_54DDBBCDA87F,4,2070.0,v0.1
INS_9FCDCBC7BFF9,REQ_3EA4A01242E3,5,25200.0,v0.1
INS_9FCDCBC7BFF9,REQ_17FD3064533F,6,30000.0,v0.1
INS_9FCDCBC7BFF9,REQ_80EAB69FD5ED,7,1360.0,v0.1
INS_9FCDCBC7BFF9,REQ_CE6688EAAF11,8,30000.0,v0.1
INS_9FCDCBC7BFF9,REQ_C532521B97BC,9,30000.0,v0.1
INS_9FCDCBC7BFF9,REQ_2939A5BDA18F,10,550.0,v0.1
INS_9FCDCBC7BFF9,REQ_62DA61D5395B,11,1850.0,v0.1
INS_9FCDCBC7BFF9,REQ_EF4A623B7DD8,12,30000.0,v0.1
INS_9FCDCBC7BFF9,REQ_5C3C34C9A6CA,13,2100.0,v0.1
INS_9FCDCBC7BFF9,REQ_031A651A7125,14,22580.0,v0.1
INS_9FCDCBC7BFF9,REQ_C2224BAB0D20,15,900.0,v0.1
INS_9FCDCBC7BFF9,REQ_9CBAB0D00B27,16,30000.0,v0.1
INS_9FCDCBC7BFF9,REQ_AC8C79DC23AC,17,30000.0,v0.1
INS_9FCDCBC7BFF9,REQ_01C5EF112911,18,30000.0,v0.1
INS_9FCDCBC7BFF9,REQ_1B8136D83B23,19,30000.0,v0.1
INS_9FCDCBC7BFF9,REQ_61FA8FE9D26B,20,30000.0,v0.1
INS_9FCDCBC7BFF9,REQ_84A1FB6EB7A5,21,30000.0,v0.1
INS_9FCDCBC7BFF9,REQ_E38CF4B73015,22,30000.0,v0.1
INS_9FCDCBC7BFF9,REQ_7E0DB3DC29AA,23,30000.0,v0.1
INS_9FCDCBC7BFF9,REQ_394E24062C7F,24,30000.0,v0.1
INS_9FCDCBC7BFF9,REQ_5DDDFAE007CE,25,30000.0,v0.1
INS_9FCDCBC7BFF9,REQ_88351F3B8D32,26,30000.0,v0.1
INS_FB677F141B47,REQ_F8F21F488EF5,0,30000.0,v0.1
INS_FB677F141B47,REQ_DFC08757532D,1,30000.0,v0.1
INS_FB677F141B47,REQ_9D6A42C49944,2,30000.0,v0.1
INS_FB677F141B47,REQ_B83A4276CF2A,3,18880.0,v0.1
INS_FB677F141B47,REQ_75E8DBABF35F,4,740.0,v0.1
INS_FB677F141B47,REQ_33CBC8C349B1,5,8830.0,v0.1
INS_FB677F141B47,REQ_175DDC3B46DA,6,500.0,v0.1
INS_FB677F141B47,REQ_019E750AD829,7,15630.0,v0.1
INS_FB677F141B47,REQ_126DCB3FF6AD,8,17950.0,v0.1
INS_E8A0C501B1D0,REQ_BF7BF22A1DC9,0,10800.0,v0.1
INS_E8A0C501B1D0,REQ_372EE3EEEF34,1,1000.0,v0.1
INS_E8A0C501B1D0,REQ_C2FE8CF19728,2,7810.0,v0.1
INS_E8A0C501B1D0,REQ_E9B8A48FDDDE,3,23990.0,v0.1
INS_E8A0C501B1D0,REQ_131360057664,4,6350.0,v0.1
INS_E8A0C501B1D0,REQ_35FBD7D61C2F,5,600.0,v0.1
INS_E8A0C501B1D0,REQ_ECB721C3E597,6,670.0,v0.1
INS_E8A0C501B1D0,REQ_A1A087EE1608,7,1910.0000000000002,v0.1
INS_E8A0C501B1D0,REQ_842EB539BDE2,8,7900.0,v0.1
INS_7C294567B8A5,REQ_E1711384022E,0,3110.0,v0.1
INS_7C294567B8A5,REQ_FBEECB9A6F32,1,1230.0,v0.1
INS_7C294567B8A5,REQ_42AAEEA6DD8C,2,30000.0,v0.1
INS_7C294567B8A5,REQ_FDF24275777A,3,9000.0,v0.1
INS_7C294567B8A5,REQ_8F06BFB6BE9D,4,22820.0,v0.1
INS_7C294567B8A5,REQ_C20D4A7DF0D4,5,30000.0,v0.1
INS_7C294567B8A5,REQ_8C1AF4B8A2BB,6,28350.0,v0.1
INS_7C294567B8A5,REQ_304C2F4A9D3E,7,1680.0,v0.1
INS_7C294567B8A5,REQ_30262EAF6179,8,850.0,v0.1
INS_7C294567B8A5,REQ_E71B4C72984D,9,30990.0,v0.1
INS_7C294567B8A5,REQ_9155AC901C5C,10,28510.0,v0.1
INS_2D1D3664A99B,REQ_CC3FBA2FE25C,0,3430.0,v0.1
INS_2D1D3664A99B,REQ_53E23D626FDA,1,1660.0000000000002,v0.1
INS_2D1D3664A99B,REQ_0D67E8F7F27C,2,2810.0,v0.1
INS_2D1D3664A99B,REQ_F32D5923DF63,3,700.0,v0.1
INS_2D1D3664A99B,REQ_0439C4510B33,4,3200.0,v0.1
INS_2D1D3664A99B,REQ_0DEB2BAA1490,5,30000.0,v0.1
INS_2D1D3664A99B,REQ_8BEEA6475E71,6,330.0,v0.1
INS_2D1D3664A99B,REQ_A2495342764C,7,1700.0,v0.1
INS_2D1D3664A99B,REQ_AE05564B8B16,8,750.0,v0.1
INS_2D1D3664A99B,REQ_1C7424DD535B,9,1450.0,v0.1
INS_2D1D3664A99B,REQ_D32A777D2F4C,10,30000.0,v0.1
INS_2D1D3664A99B,REQ_3F6174AD753A,11,8680.0,v0.1
INS_2D1D3664A99B,REQ_920B97CD15BE,12,2200.0,v0.1
INS_2D1D3664A99B,REQ_D0A34ED0103A,13,500.0,v0.1
INS_2D1D3664A99B,REQ_CB8B8B0AA151,14,11850.0,v0.1
INS_D658E42FBE1B,REQ_D1B919E5E93E,0,6100.0,v0.1
INS_D658E42FBE1B,REQ_8BB649EB5715,1,26810.0,v0.1
INS_D658E42FBE1B,REQ_044E45908140,2,1260.0,v0.1
INS_D658E42FBE1B,REQ_F892051E10FB,3,29280.0,v0.1
INS_D658E42FBE1B,REQ_B214E873F20C,4,27740.0,v0.1
INS_D658E42FBE1B,REQ_95F8F0115AB9,5,210.0,v0.1
INS_D658E42FBE1B,REQ_4AA72E7DD344,6,21210.0,v0.1
INS_D658E42FBE1B,REQ_D1C7BE9DE965,7,30000.0,v0.1
INS_D658E42FBE1B,REQ_9E0879195F6E,8,409.99999999999994,v0.1
INS_D658E42FBE1B,REQ_CDE0C5CF525D,9,1170.0,v0.1
INS_28E9887FA734,REQ_EFC9B89969F0,0,30000.0,v0.1
INS_28E9887FA734,REQ_B0FA11F00329,1,11400.0,v0.1
INS_28E9887FA734,REQ_2C29B3195DEE,2,13460.0,v0.1
INS_28E9887FA734,REQ_7CA5E00208F1,3,20875.0,v0.1
INS_28E9887FA734,REQ_0B7BF173A53F,4,30000.0,v0.1
INS_28E9887FA734,REQ_25132B563F8A,5,22700.0,v0.1
INS_28E9887FA734,REQ_6D49C2576D08,6,500.0,v0.1
INS_28E9887FA734,REQ_F844FCCD4909,7,650.0,v0.1
INS_28E9887FA734,REQ_CF57EB72A081,8,540.0,v0.1
INS_28E9887FA734,REQ_EEC0B9AC9B16,9,30080.0,v0.1
INS_28E9887FA734,REQ_3B39CBDD9232,10,10610.0,v0.1
INS_28E9887FA734,REQ_0433ADD71B03,11,30000.0,v0.1
INS_28E9887FA734,REQ_7D312978FEB5,12,1800.0,v0.1
INS_28E9887FA734,REQ_C4FB83C0CD95,13,880.0,v0.1
INS_5AC3BE60A144,REQ_75ED274D909D,0,3329.9999999999995,v0.1
INS_5AC3BE60A144,REQ_2A99B08B655F,1,19900.0,v0.1
INS_5AC3BE60A144,REQ_94002A6A6A5E,2,710.0,v0.1
INS_5AC3BE60A144,REQ_FAEE796CD2DD,3,2390.0,v0.1
INS_5AC3BE60A144,REQ_33C78EF09DDC,4,180.0,v0.1
INS_5AC3BE60A144,REQ_B88D24431A3B,5,570.0,v0.1
INS_5AC3BE60A144,REQ_B0AD78E92BD7,6,590.0,v0.1
INS_5AC3BE60A144,REQ_7036130DB177,7,1600.0,v0.1
INS_5AC3BE60A144,REQ_FCE7B031DA98,8,1210.0,v0.1
INS_5AC3BE60A144,REQ_721A3BAAF13A,9,22830.0,v0.1
INS_5AC3BE60A144,REQ_BBA42595D171,10,450.0,v0.1
INS_5AC3BE60A144,REQ_A8B3AEBA9B37,11,240.0,v0.1
INS_DACCC21B5A44,REQ_94530EDC1579,0,3600.0,v0.1
INS_DACCC21B5A44,REQ_56F0D2E58964,1,1690.0,v0.1
INS_DACCC21B5A44,REQ_3168DE636FD0,2,25500.0,v0.1
INS_DACCC21B5A44,REQ_0D93DDAA6874,3,10050.0,v0.1
INS_DACCC21B5A44,REQ_3A0EAE16218A,4,5330.0,v0.1
INS_DACCC21B5A44,REQ_1822E21DD462,5,400.0,v0.1
INS_DACCC21B5A44,REQ_E2431A3E2733,6,1250.0,v0.1
INS_DACCC21B5A44,REQ_2CCDF194B4DF,7,140.0,v0.1
INS_21AAC60B1917,REQ_9E466BDB29AA,0,13770.0,v0.1
INS_21AAC60B1917,REQ_8DF44DEB8ADD,1,10890.0,v0.1
INS_21AAC60B1917,REQ_6AE422F7C09B,2,420.0,v0.1
INS_21AAC60B1917,REQ_4B613C134B9D,3,80.0,v0.1
INS_21AAC60B1917,REQ_8C6D534284A4,4,19300.0,v0.1
INS_21AAC60B1917,REQ_29BBBE80CF6A,5,7750.0,v0.1
INS_21AAC60B1917,REQ_4CB2C4EB6902,6,600.0,v0.1
INS_21AAC60B1917,REQ_941D0A08513E,7,30000.0,v0.1
INS_21AAC60B1917,REQ_7FCE5AC70402,8,30000.0,v0.1
INS_A860109922C5,REQ_B58A3FA98648,0,740.0,v0.1
INS_A860109922C5,REQ_423BD2C326C3,1,6110.0,v0.1
INS_A860109922C5,REQ_2D7A2CC1069A,2,7600.0,v0.1
INS_A860109922C5,REQ_023A9B296507,3,3110.0,v0.1
INS_A860109922C5,REQ_0F5C2CFA903B,4,910.0,v0.1
INS_A860109922C5,REQ_647E1A691DEE,5,990.0,v0.1
INS_A860109922C5,REQ_211AF99517E6,6,6750.0,v0.1
INS_A860109922C5,REQ_0031EAF36E68,7,880.0000000000001,v0.1
INS_A860109922C5,REQ_26B20794846E,8,700.0,v0.1
INS_A860109922C5,REQ_DC4C184AC7B9,9,17740.0,v0.1
INS_A860109922C5,REQ_9D8035B8CAFA,10,12400.0,v0.1
INS_A860109922C5,REQ_E98225DF9CB2,11,11450.0,v0.1
INS_A860109922C5,REQ_1CD0AEB96ABB,12,250.0,v0.1
INS_A860109922C5,REQ_EC735DEE3C25,13,11020.0,v0.1
INS_A860109922C5,REQ_0DBE7D5E84D5,14,1200.0,v0.1
INS_A860109922C5,REQ_EC17E3B44FE5,15,10310.0,v0.1
INS_A860109922C5,REQ_27827B447297,16,12620.0,v0.1
INS_A860109922C5,REQ_9A97F98D8B5F,17,1939.9999999999998,v0.1
INS_A860109922C5,REQ_F79D1A234305,18,800.0,v0.1
INS_A860109922C5,REQ_73FEF92C2C65,19,1380.0,v0.1
INS_A860109922C5,REQ_29C13C50F2E8,20,2650.0,v0.1
INS_A860109922C5,REQ_5726615C6FA0,21,1190.0,v0.1
INS_A860109922C5,REQ_1ACEB1ED52AC,22,6230.0,v0.1
INS_A860109922C5,REQ_60343256CFE1,23,1300.0,v0.1
INS_A860109922C5,REQ_181277DEDB26,24,10570.0,v0.1
INS_A860109922C5,REQ_B7EF69C5B230,25,16010.000000000002,v0.1
INS_A860109922C5,REQ_01AB1C53E2C5,26,5200.0,v0.1
INS_A860109922C5,REQ_951B497FDBC6,27,3700.0,v0.1
INS_E55402B259C8,REQ_76F56669E5DE,0,100.0,v0.1
INS_E55402B259C8,REQ_836F4CCBF694,1,650.0,v0.1
INS_E55402B259C8,REQ_CE370C3D5C0F,2,650.0,v0.1
INS_E55402B259C8,REQ_39BEE024CA06,3,12670.0,v0.1
INS_E55402B259C8,REQ_A908C5E01850,4,450.0,v0.1
INS_E55402B259C8,REQ_1009E32B05C4,5,3490.0,v0.1
INS_E55402B259C8,REQ_7ACA61B92264,6,30000.0,v0.1
INS_E55402B259C8,REQ_5F124E8F28AA,7,2000.0,v0.1
INS_E55402B259C8,REQ_3925F4DD08D0,8,350.0,v0.1
INS_E55402B259C8,REQ_6A7D2965453F,9,320.0,v0.1
INS_E55402B259C8,REQ_3500BCD0B043,10,1450.0,v0.1
INS_E55402B259C8,REQ_7C79481DC62A,11,640.0,v0.1
INS_E55402B259C8,REQ_80CBE4814F94,12,1019.9999999999999,v0.1
INS_E55402B259C8,REQ_DBE813722366,13,1030.0,v0.1
INS_E55402B259C8,REQ_873122EC4AAD,14,5840.0,v0.1
INS_E55402B259C8,REQ_4F3AE303FA7E,15,12500.0,v0.1
INS_E55402B259C8,REQ_75DB7FAE0B7A,16,1220.0,v0.1
INS_E55402B259C8,REQ_76A2DEF927DF,17,29580.0,v0.1
INS_E55402B259C8,REQ_16B5B77CD70B,18,800.0,v0.1
INS_E55402B259C8,REQ_0A2D40EC1532,19,13650.0,v0.1
INS_E55402B259C8,REQ_02D8ADAB835C,20,30000.0,v0.1
INS_E55402B259C8,REQ_5DDF9DC24BB8,21,4670.0,v0.1
INS_E55402B259C8,REQ_3CFBF1D6195C,22,350.0,v0.1
INS_E55402B259C8,REQ_AF68296A4379,23,270.0,v0.1
INS_E55402B259C8,REQ_15385C081DFA,24,30000.0,v0.1
INS_E55402B259C8,REQ_C86BCCF82810,25,1480.0,v0.1
INS_E55402B259C8,REQ_A9D9A7D9304A,26,30000.0,v0.1
INS_AE1B4954BAC0,REQ_7C48FD339D28,0,1280.0,v0.1
INS_AE1B4954BAC0,REQ_2E316CFF0D1B,1,30000.0,v0.1
INS_AE1B4954BAC0,REQ_AB491208947E,2,19640.0,v0.1
INS_AE1B4954BAC0,REQ_E77939A69FB6,3,900.0,v0.1
INS_AE1B4954BAC0,REQ_6672E91816F9,4,480.0,v0.1
INS_AE1B4954BAC0,REQ_BC986BA49DC5,5,3270.0000000000005,v0.1
INS_AE1B4954BAC0,REQ_3CD5AE32C2B3,6,6150.0,v0.1
INS_AE1B4954BAC0,REQ_3224915F7F85,7,2550.0,v0.1
INS_AE1B4954BAC0,REQ_5902FE44C8CF,8,7130.0,v0.1
INS_AE1B4954BAC0,REQ_B6FBECE15B8A,9,300.0,v0.1
INS_AE1B4954BAC0,REQ_156D7C57E3BD,10,1000.0,v0.1
INS_AE1B4954BAC0,REQ_BD4BF1C20B18,11,100.0,v0.1
INS_AE1B4954BAC0,REQ_E03BD5B8975A,12,280.0,v0.1
INS_AE1B4954BAC0,REQ_100991061402,13,130.0,v0.1
INS_AE1B4954BAC0,REQ_ACF65DFBB97B,14,4640.0,v0.1
INS_AE1B4954BAC0,REQ_63A63052AE6B,15,850.0,v0.1
INS_AE1B4954BAC0,REQ_F8A972D8BD70,16,3350.0,v0.1
INS_AE1B4954BAC0,REQ_22D261A9F773,17,24050.0,v0.1
INS_AE1B4954BAC0,REQ_206FAFA57FBB,18,2260.0,v0.1
INS_AE1B4954BAC0,REQ_9548C1369C46,19,2600.0,v0.1
INS_AE1B4954BAC0,REQ_D4021B1C9604,20,930.0000000000001,v0.1
INS_AE1B4954BAC0,REQ_BBF5082AD190,21,14140.0,v0.1
INS_AE1B4954BAC0,REQ_FDDD8626A5F3,22,960.0,v0.1
INS_AE1B4954BAC0,REQ_F791E0F401EA,23,819.9999999999999,v0.1
INS_AE1B4954BAC0,REQ_1A70DA8FE291,24,430.0,v0.1
INS_AE1B4954BAC0,REQ_EE1259C27CFB,25,2800.0,v0.1
INS_AE1B4954BAC0,REQ_DFE358E6A67B,26,22550.0,v0.1
INS_AE1B4954BAC0,REQ_40AFA4EDABFA,27,860.0,v0.1
INS_AE1B4954BAC0,REQ_8273E2E332BB,28,30000.0,v0.1
INS_AE1B4954BAC0,REQ_42592BAEE504,29,1150.0,v0.1
INS_AE1B4954BAC0,REQ_37BF6A690E7F,30,490.00000000000006,v0.1
INS_AE1B4954BAC0,REQ_CF594C0DE3F3,31,520.0,v0.1
INS_AE1B4954BAC0,REQ_4460C45019E0,32,12060.0,v0.1
INS_AE1B4954BAC0,REQ_A23632729378,33,4890.0,v0.1
INS_AE1B4954BAC0,REQ_0608DAB9CB74,34,22880.0,v0.1
INS_AE1B4954BAC0,REQ_86FC443C953B,35,4280.0,v0.1
INS_AE1B4954BAC0,REQ_CF7E8E3982E9,36,30000.0,v0.1
INS_AE1B4954BAC0,REQ_C82EA029DE3C,37,25950.0,v0.1
INS_AE1B4954BAC0,REQ_9934214038F9,38,3110.0,v0.1
INS_AE1B4954BAC0,REQ_F5518AB0F222,39,750.0,v0.1
INS_AE1B4954BAC0,REQ_E946454BE96A,40,8380.0,v0.1
INS_AE1B4954BAC0,REQ_D55C8D03BA3A,41,9820.0,v0.1
INS_AE1B4954BAC0,REQ_EFB94B676B58,42,16580.0,v0.1
INS_AE1B4954BAC0,REQ_A24E5C3A80F2,43,9900.0,v0.1
INS_AE1B4954BAC0,REQ_C4F508E8A66E,44,26089.999999999996,v0.1
INS_AE1B4954BAC0,REQ_07A752F2ACBB,45,3720.0,v0.1
INS_AE1B4954BAC0,REQ_77B529A36E9E,46,20190.0,v0.1
INS_AE1B4954BAC0,REQ_E43316FB7A52,47,4250.0,v0.1
INS_AE1B4954BAC0,REQ_E19CEF824B18,48,20670.0,v0.1
INS_688F3EB42065,REQ_7BA730B72B4F,0,30000.0,v0.1
INS_688F3EB42065,REQ_A63C6850422E,1,11490.0,v0.1
INS_688F3EB42065,REQ_C5717EA48175,2,1750.0,v0.1
INS_688F3EB42065,REQ_19682809A7C9,3,10120.0,v0.1
INS_688F3EB42065,REQ_6CE12D188D52,4,1040.0,v0.1
INS_688F3EB42065,REQ_C534D73F07E0,5,430.0,v0.1
INS_688F3EB42065,REQ_91440FA0D7E0,6,1220.0,v0.1
INS_688F3EB42065,REQ_C22C9D8A1160,7,3050.0,v0.1
INS_688F3EB42065,REQ_1EB840063AE6,8,380.0,v0.1
INS_688F3EB42065,REQ_1242F092F9E8,9,15400.0,v0.1
INS_688F3EB42065,REQ_127EF96C5730,10,1450.0,v0.1
INS_688F3EB42065,REQ_6CC30A8E7B98,11,5810.0,v0.1
INS_688F3EB42065,REQ_1D5BEE9890EA,12,900.0,v0.1
INS_688F3EB42065,REQ_3E8646DCABCA,13,6240.0,v0.1
INS_70B176EF1FF0,REQ_4A79A0D68B7D,0,4520.0,v0.1
INS_70B176EF1FF0,REQ_A3B053404F04,1,17860.0,v0.1
INS_70B176EF1FF0,REQ_DE5176E0A626,2,10970.0,v0.1
INS_70B176EF1FF0,REQ_5C46BC0A8866,3,12030.0,v0.1
INS_70B176EF1FF0,REQ_CEE00FA64EC1,4,240.0,v0.1
INS_70B176EF1FF0,REQ_CC59B3D828F7,5,2350.0,v0.1
INS_70B176EF1FF0,REQ_2A9E043EAA78,6,22220.0,v0.1
INS_70B176EF1FF0,REQ_63A1B38AC060,7,20710.0,v0.1
INS_70B176EF1FF0,REQ_A59CAED06FA5,8,10310.0,v0.1
INS_70B176EF1FF0,REQ_05E617231F4B,9,500.0,v0.1
INS_70B176EF1FF0,REQ_EE042A13C890,10,30000.0,v0.1
INS_70B176EF1FF0,REQ_4CA6A627147C,11,1610.0,v0.1
INS_70B176EF1FF0,REQ_6D283F253006,12,5250.0,v0.1
INS_4B200F56427E,REQ_6AFE66F5B936,0,8790.0,v0.1
INS_4B200F56427E,REQ_3422EACB64FC,1,700.0,v0.1
INS_4B200F56427E,REQ_2741E3BC401F,2,15640.0,v0.1
INS_4B200F56427E,REQ_6B10C0834DA2,3,25540.0,v0.1
INS_4B200F56427E,REQ_61E81E44A393,4,330.0,v0.1
INS_4B200F56427E,REQ_2D3D3D86C1EE,5,450.0,v0.1
INS_4B200F56427E,REQ_80D36FD0EDD2,6,530.0,v0.1
INS_4B200F56427E,REQ_779A5BE2F6AC,7,11230.0,v0.1
INS_4B200F56427E,REQ_B119C749CDC7,8,7970.0,v0.1
INS_4B200F56427E,REQ_A4DD7FB9A53D,9,720.0,v0.1
INS_4B200F56427E,REQ_C8D46885311A,10,15070.0,v0.1
INS_4B200F56427E,REQ_BE125481E9D7,11,12570.0,v0.1
INS_4B200F56427E,REQ_8828AC56FF3F,12,28020.0,v0.1
INS_4B200F56427E,REQ_AC2E7A0EAC7B,13,780.0,v0.1
INS_4B200F56427E,REQ_6F54C4C6EA6B,14,1600.0,v0.1
INS_4B200F56427E,REQ_E9D5418C39E1,15,2920.0,v0.1
INS_4B200F56427E,REQ_A3A65C66FDD6,16,2050.0,v0.1
INS_4B200F56427E,REQ_2EFF40D546FE,17,17240.0,v0.1
INS_4B200F56427E,REQ_8283EBACCE37,18,21920.0,v0.1
INS_4B200F56427E,REQ_DE37D63DBB90,19,650.0,v0.1
INS_4B200F56427E,REQ_E894CD22D871,20,390.0,v0.1
INS_4B200F56427E,REQ_F98C1FEBEC39,21,25940.0,v0.1
INS_4B200F56427E,REQ_D1C0B39AF4CC,22,9410.0,v0.1
INS_4B200F56427E,REQ_0681C589299A,23,3620.0000000000005,v0.1
INS_4B200F56427E,REQ_EE33E26A5E12,24,15170.0,v0.1
INS_4B200F56427E,REQ_293DD9C42372,25,1640.0,v0.1
INS_4B200F56427E,REQ_162AE602DB3A,26,890.0,v0.1
INS_4B200F56427E,REQ_BDBC0EC319A6,27,650.0,v0.1
INS_4B200F56427E,REQ_037DD8E43937,28,2000.0,v0.1
INS_4B200F56427E,REQ_B3F0F9243848,29,530.0,v0.1
INS_751A6F4ABB01,REQ_F4342AD7F70D,0,6300.0,v0.1
INS_751A6F4ABB01,REQ_8563A00605DD,1,9660.0,v0.1
INS_751A6F4ABB01,REQ_6B1BF084FD80,2,29160.0,v0.1
INS_751A6F4ABB01,REQ_A84F801C492C,3,1250.0,v0.1
INS_751A6F4ABB01,REQ_77A790C4EE5D,4,420.0,v0.1
INS_751A6F4ABB01,REQ_D220DE32FFF4,5,650.0,v0.1
INS_751A6F4ABB01,REQ_8151FBFF7B2E,6,15500.0,v0.1
INS_751A6F4ABB01,REQ_94275F9662A2,7,1870.0,v0.1
INS_751A6F4ABB01,REQ_EB7BDD03B9C5,8,1200.0,v0.1
INS_751A6F4ABB01,REQ_BA70C6EEB63D,9,3800.0,v0.1
INS_751A6F4ABB01,REQ_CDB34DDCB2FB,10,22870.0,v0.1
INS_751A6F4ABB01,REQ_2B0CF9AE6E27,11,30000.0,v0.1
INS_751A6F4ABB01,REQ_33DEAF0E3355,12,2550.0,v0.1
INS_751A6F4ABB01,REQ_831FFC27B6B2,13,30000.0,v0.1
INS_751A6F4ABB01,REQ_B5BD31A6528E,14,1200.0,v0.1
INS_751A6F4ABB01,REQ_DBBC62D4DC19,15,110.0,v0.1
INS_751A6F4ABB01,REQ_F6C76CDBF6FF,16,24150.0,v0.1
INS_751A6F4ABB01,REQ_470F8E0B8C83,17,100.0,v0.1
INS_751A6F4ABB01,REQ_F02762B0513E,18,19400.0,v0.1
INS_751A6F4ABB01,REQ_E30BD6A5C6CA,19,14800.0,v0.1
INS_751A6F4ABB01,REQ_09C6EE095614,20,30000.0,v0.1
INS_751A6F4ABB01,REQ_5110838A982A,21,27510.0,v0.1
INS_751A6F4ABB01,REQ_6D750B6F9B4A,22,6970.0,v0.1
INS_751A6F4ABB01,REQ_520D8AD67519,23,80.0,v0.1
INS_751A6F4ABB01,REQ_93EE2BE9A4F7,24,4300.0,v0.1
INS_751A6F4ABB01,REQ_3CD439148462,25,13640.0,v0.1
INS_4CFD5C50D7D3,REQ_B002EB99BBAD,0,1230.0,v0.1
INS_4CFD5C50D7D3,REQ_3CAE272E496E,1,30000.0,v0.1
INS_4CFD5C50D7D3,REQ_4D21BE1C43E8,2,30000.0,v0.1
INS_4CFD5C50D7D3,REQ_724D482C8811,3,760.0,v0.1
INS_4CFD5C50D7D3,REQ_30D2E10C503C,4,830.0,v0.1
INS_4CFD5C50D7D3,REQ_39CEB29D7D1F,5,330.0,v0.1
INS_4CFD5C50D7D3,REQ_BC5F12978C3E,6,30000.0,v0.1
INS_4CFD5C50D7D3,REQ_EB5AD490941D,7,400.0,v0.1
INS_4CFD5C50D7D3,REQ_EA1CBA0BCFBF,8,30000.0,v0.1
INS_4CFD5C50D7D3,REQ_C206BCFB5210,9,30000.0,v0.1
INS_4CFD5C50D7D3,REQ_32D098F2C685,10,3700.0,v0.1
INS_4CFD5C50D7D3,REQ_53F895841C13,11,710.0,v0.1
INS_4CFD5C50D7D3,REQ_07BAC3F3E29B,12,10480.0,v0.1
INS_4CFD5C50D7D3,REQ_F6BA413F4334,13,910.0,v0.1
INS_4CFD5C50D7D3,REQ_7EE25FD01096,14,4500.0,v0.1
INS_4CFD5C50D7D3,REQ_C08CF7889EDC,15,2400.0,v0.1
INS_4CFD5C50D7D3,REQ_847FE82EA7DF,16,30000.0,v0.1
INS_4CFD5C50D7D3,REQ_BDD6F93F9E94,17,850.0,v0.1
INS_4CFD5C50D7D3,REQ_9650D01382D0,18,30000.0,v0.1
INS_4CFD5C50D7D3,REQ_3690D7D128AA,19,30000.0,v0.1
INS_4CFD5C50D7D3,REQ_0073A975AE7C,20,840.0,v0.1
INS_4CFD5C50D7D3,REQ_8CE35BB21458,21,240.0,v0.1
INS_4CFD5C50D7D3,REQ_717F43471F68,22,23775.0,v0.1
INS_4CFD5C50D7D3,REQ_496668EFFEC4,23,8940.0,v0.1
INS_4CFD5C50D7D3,REQ_06AB3427B157,24,660.0,v0.1
INS_4CFD5C50D7D3,REQ_9BCB889B3B7B,25,5340.0,v0.1
INS_4CFD5C50D7D3,REQ_79461E9BD998,26,11830.0,v0.1
INS_4CFD5C50D7D3,REQ_4606ED87A835,27,1110.0,v0.1
INS_4CFD5C50D7D3,REQ_D05C792E9162,28,21780.0,v0.1
INS_4CFD5C50D7D3,REQ_3D4C7F6CB3BB,29,1350.0,v0.1
INS_4CFD5C50D7D3,REQ_0EA00B4D2AC0,30,17600.0,v0.1
INS_4CFD5C50D7D3,REQ_3D7CB60BF613,31,1050.0,v0.1
INS_4CFD5C50D7D3,REQ_564A600D997C,32,950.0,v0.1
INS_4CFD5C50D7D3,REQ_96D25564980C,33,5330.0,v0.1
INS_4CFD5C50D7D3,REQ_7F44F81315C9,34,1050.0,v0.1
INS_4CFD5C50D7D3,REQ_D0B86E2A901A,35,2250.0,v0.1
INS_4CFD5C50D7D3,REQ_798F5049BD59,36,360.0,v0.1
INS_4CFD5C50D7D3,REQ_10066B432E57,37,11500.0,v0.1
INS_4CFD5C50D7D3,REQ_0EAE7D255CD3,38,450.0,v0.1
INS_4CFD5C50D7D3,REQ_E62ECCC14446,39,13490.0,v0.1
INS_4CFD5C50D7D3,REQ_AE0219A13B47,40,1120.0,v0.1
INS_4CFD5C50D7D3,REQ_AFF5DBE6478D,41,8050.000000000001,v0.1
INS_4CFD5C50D7D3,REQ_9A3BE6F0F5B2,42,30000.0,v0.1
INS_4CFD5C50D7D3,REQ_9A04F434BEBC,43,350.0,v0.1
INS_4CFD5C50D7D3,REQ_BB3520B61CF6,44,2400.0,v0.1
INS_4CFD5C50D7D3,REQ_641E6B8F8809,45,30000.0,v0.1
INS_4CFD5C50D7D3,REQ_DD1ADB0C9FC3,46,30000.0,v0.1
INS_4CFD5C50D7D3,REQ_57CC5E51EC0E,47,6870.0,v0.1
INS_4CFD5C50D7D3,REQ_46CA9405A8F9,48,500.0,v0.1
INS_4CFD5C50D7D3,REQ_5BF6AA0493D2,49,2050.0,v0.1
INS_4CFD5C50D7D3,REQ_3A837C24D04B,50,750.0,v0.1
INS_4CFD5C50D7D3,REQ_AD32DF424141,51,12010.0,v0.1
INS_4CFD5C50D7D3,REQ_2C6F7A0952E5,52,1130.0,v0.1
INS_4CFD5C50D7D3,REQ_9720091D1AC6,53,30000.0,v0.1
INS_4CFD5C50D7D3,REQ_A707B317F644,54,3260.0,v0.1
INS_4CFD5C50D7D3,REQ_814D8F2A05BD,55,4110.0,v0.1
INS_4CFD5C50D7D3,REQ_2CDBC4DB0329,56,5190.0,v0.1
INS_A773C90D3820,REQ_AB33E031B664,0,1250.0,v0.1
INS_A773C90D3820,REQ_E300214DB8D9,1,2940.0,v0.1
INS_A773C90D3820,REQ_33887F7C4E08,2,2000.0,v0.1
INS_A773C90D3820,REQ_0A52B9910B6B,3,30000.0,v0.1
INS_A773C90D3820,REQ_56C0A106158B,4,8650.0,v0.1
INS_A773C90D3820,REQ_10870896F8EC,5,1280.0,v0.1
INS_A773C90D3820,REQ_28E7798F452C,6,260.0,v0.1
INS_A773C90D3820,REQ_AF0A89AB0582,7,8039.999999999999,v0.1
INS_A773C90D3820,REQ_46D7D89AC298,8,1410.0,v0.1
INS_A773C90D3820,REQ_8BBDEE079994,9,30000.0,v0.1
INS_A773C90D3820,REQ_2FCFE4BFA3D9,10,720.0,v0.1
INS_499E6B901ED5,REQ_BC3AE572C21A,0,30000.0,v0.1
INS_499E6B901ED5,REQ_A683694C8366,1,30000.0,v0.1
INS_499E6B901ED5,REQ_B65209DD6FB1,2,30000.0,v0.1
INS_499E6B901ED5,REQ_24B4F438D94F,3,30000.0,v0.1
INS_499E6B901ED5,REQ_B2B151895B58,4,30000.0,v0.1
INS_499E6B901ED5,REQ_A095E3AC1D21,5,30000.0,v0.1
INS_499E6B901ED5,REQ_18D05FE184DB,6,30000.0,v0.1
INS_499E6B901ED5,REQ_3D137029DB76,7,30000.0,v0.1
INS_20C6B220B9CD,REQ_A7BC46973A10,0,15700.0,v0.1
INS_20C6B220B9CD,REQ_8D6E1C7C1E4E,1,30000.0,v0.1
INS_20C6B220B9CD,REQ_EDCDD411CC74,2,30000.0,v0.1
INS_20C6B220B9CD,REQ_3EEBB86092EC,3,30000.0,v0.1
INS_20C6B220B9CD,REQ_1FF03DAE2839,4,30000.0,v0.1
INS_20C6B220B9CD,REQ_546A19D960B0,5,30000.0,v0.1
INS_20C6B220B9CD,REQ_7CF9F5A90A05,6,14280.0,v0.1
INS_20C6B220B9CD,REQ_BBCB6F5C41EE,7,27060.0,v0.1
INS_20C6B220B9CD,REQ_5397DF010582,8,30000.0,v0.1
INS_20C6B220B9CD,REQ_811D4A5B9CC3,9,30000.0,v0.1
INS_20C6B220B9CD,REQ_8F717200F89D,10,11430.0,v0.1
INS_20C6B220B9CD,REQ_D83381E9970B,11,30000.0,v0.1
INS_20C6B220B9CD,REQ_D6A702805405,12,13950.0,v0.1
INS_20C6B220B9CD,REQ_57FD9283ECDD,13,13890.0,v0.1
INS_20C6B220B9CD,REQ_C40ABD233FAB,14,30000.0,v0.1
INS_20C6B220B9CD,REQ_05284FE85B1C,15,25360.0,v0.1
INS_20C6B220B9CD,REQ_CBE58178588E,16,10570.0,v0.1
INS_20C6B220B9CD,REQ_FDD057568520,17,30000.0,v0.1
INS_90974B25F4A5,REQ_9E9D960180D4,0,30000.0,v0.1
INS_90974B25F4A5,REQ_773068D7947B,1,30000.0,v0.1
INS_90974B25F4A5,REQ_F4CC0B17AF2E,2,1850.0,v0.1
INS_90974B25F4A5,REQ_2D547E26BFC3,3,910.0,v0.1
INS_90974B25F4A5,REQ_CA1E1B07F1AC,4,250.0,v0.1
INS_90974B25F4A5,REQ_5B0DA1881337,5,2130.0,v0.1
INS_90974B25F4A5,REQ_C33D27B52AC4,6,1210.0,v0.1
INS_90974B25F4A5,REQ_C13977DC5374,7,660.0,v0.1
INS_90974B25F4A5,REQ_E740E0747FF0,8,2740.0,v0.1
INS_90974B25F4A5,REQ_8E9B1C963B4C,9,30000.0,v0.1
INS_90974B25F4A5,REQ_DCA1BBDE538A,10,550.0,v0.1
INS_90974B25F4A5,REQ_143C424264AF,11,90.0,v0.1
INS_90974B25F4A5,REQ_48A68F6F9737,12,28630.0,v0.1
INS_90974B25F4A5,REQ_4317DAE87407,13,900.0,v0.1
INS_90974B25F4A5,REQ_60065A8956AC,14,100.0,v0.1
INS_90974B25F4A5,REQ_25D077CAC72E,15,30000.0,v0.1
INS_90974B25F4A5,REQ_7C5B315437FD,16,30000.0,v0.1
INS_90974B25F4A5,REQ_3F68460A91D4,17,30000.0,v0.1
INS_90974B25F4A5,REQ_7EE4CD1EE281,18,30000.0,v0.1
INS_90974B25F4A5,REQ_C2989DBF746F,19,2230.0,v0.1
INS_90974B25F4A5,REQ_8249328CC559,20,4800.0,v0.1
INS_90974B25F4A5,REQ_2F0170C26DF0,21,12700.0,v0.1
INS_90974B25F4A5,REQ_CB6D1A3F54BB,22,1020.0,v0.1
INS_90974B25F4A5,REQ_261F9469E7DB,23,30000.0,v0.1
INS_90974B25F4A5,REQ_2277F6C7E65E,24,15200.0,v0.1
INS_90974B25F4A5,REQ_059A073CCF36,25,1050.0,v0.1
INS_90974B25F4A5,REQ_4B99E390D918,26,2100.0,v0.1
INS_90974B25F4A5,REQ_B264D7056172,27,1070.0,v0.1
INS_9E20A0F9BBEF,REQ_89E70BA885C3,0,1850.0,v0.1
INS_9E20A0F9BBEF,REQ_E3F97F46BCD1,1,10500.0,v0.1
INS_9E20A0F9BBEF,REQ_53BFB656D1A9,2,6270.0,v0.1
INS_9E20A0F9BBEF,REQ_781FC7202F4C,3,6840.0,v0.1
INS_9E20A0F9BBEF,REQ_F1E1BD7A9AB2,4,27680.0,v0.1
INS_9E20A0F9BBEF,REQ_E3C9472EFA47,5,28650.0,v0.1
INS_9E20A0F9BBEF,REQ_C18BAE96FC10,6,13740.0,v0.1
INS_9E20A0F9BBEF,REQ_D3077EBDFBFD,7,17780.0,v0.1
INS_9E20A0F9BBEF,REQ_C2F229F10183,8,1700.0,v0.1
INS_9E20A0F9BBEF,REQ_841D397F9541,9,470.0,v0.1
INS_9E20A0F9BBEF,REQ_54DFF85BF0B1,10,13050.0,v0.1
INS_9E20A0F9BBEF,REQ_FD081033126A,11,9290.0,v0.1
INS_9E20A0F9BBEF,REQ_72CCFE8BDE37,12,4620.0,v0.1
INS_9E20A0F9BBEF,REQ_A419D768DB97,13,3880.0,v0.1
INS_9E20A0F9BBEF,REQ_74E9B17817D9,14,3630.0,v0.1
INS_9E20A0F9BBEF,REQ_A8C50015BC45,15,8880.0,v0.1
INS_9E20A0F9BBEF,REQ_734B5F914D30,16,509.99999999999994,v0.1
INS_9E20A0F9BBEF,REQ_7D10AFD56D7F,17,30000.0,v0.1
INS_9E20A0F9BBEF,REQ_D7D376887EDB,18,7480.0,v0.1
INS_9E20A0F9BBEF,REQ_E9431DA3FF17,19,400.0,v0.1
INS_9E20A0F9BBEF,REQ_5287A52A5D36,20,19870.0,v0.1
INS_9E20A0F9BBEF,REQ_B711BB5DA266,21,30000.0,v0.1
INS_9E20A0F9BBEF,REQ_5D0C60B5CACA,22,490.0,v0.1
INS_9E20A0F9BBEF,REQ_425F47B75A83,23,30000.0,v0.1
INS_9E20A0F9BBEF,REQ_C041181A6F25,24,850.0,v0.1
INS_9E20A0F9BBEF,REQ_A804724B01E3,25,660.0,v0.1
INS_9E20A0F9BBEF,REQ_FF08A4E4A6B3,26,5210.0,v0.1
INS_9E20A0F9BBEF,REQ_1CD1715C293F,27,30000.0,v0.1
INS_9E20A0F9BBEF,REQ_8263C5530EA7,28,31880.0,v0.1
INS_9E20A0F9BBEF,REQ_47F5B132064A,29,3530.0,v0.1
INS_9E20A0F9BBEF,REQ_A63BE1A89C16,30,6860.0,v0.1
INS_9E20A0F9BBEF,REQ_8B08EBC002F4,31,18810.0,v0.1
INS_9E20A0F9BBEF,REQ_DDFF7C5B926F,32,4440.0,v0.1
INS_9E20A0F9BBEF,REQ_C20ED9A1FE27,33,1839.9999999999998,v0.1
INS_9E20A0F9BBEF,REQ_A839ECFE52F2,34,6540.0,v0.1
INS_9E20A0F9BBEF,REQ_3ABED05CC3AF,35,1880.0,v0.1
INS_9E20A0F9BBEF,REQ_06E359693CA6,36,19720.0,v0.1
INS_9E20A0F9BBEF,REQ_3B2CEE462043,37,1760.0000000000002,v0.1
INS_9E20A0F9BBEF,REQ_A0B3A71F261C,38,11150.0,v0.1
INS_9E20A0F9BBEF,REQ_B305A69875A5,39,850.0,v0.1
INS_9E20A0F9BBEF,REQ_345A54B6B2BF,40,6230.0,v0.1
INS_9E20A0F9BBEF,REQ_C420AD786536,41,1560.0,v0.1
INS_9E20A0F9BBEF,REQ_60ED4352502D,42,30000.0,v0.1
INS_9E20A0F9BBEF,REQ_2840FC8E5178,43,30000.0,v0.1
INS_9E20A0F9BBEF,REQ_0E2C7F49756D,44,550.0,v0.1
INS_9E20A0F9BBEF,REQ_32231C911D2A,45,8020.0,v0.1
INS_9E20A0F9BBEF,REQ_711B42A3C6CB,46,5800.0,v0.1
INS_9E20A0F9BBEF,REQ_781192F85DAE,47,450.0,v0.1
INS_9E20A0F9BBEF,REQ_E30C3EB31170,48,3100.0,v0.1
INS_9E20A0F9BBEF,REQ_F83DE89A1503,49,30000.0,v0.1
INS_9E20A0F9BBEF,REQ_862D051AE9DD,50,6720.0,v0.1
INS_9E20A0F9BBEF,REQ_DDA7268AAA4A,51,5300.0,v0.1
INS_F8FE7F50320D,REQ_D51279C77921,0,20670.0,v0.1
INS_F8FE7F50320D,REQ_49194115C1B6,1,30000.0,v0.1
INS_F8FE7F50320D,REQ_64EC2D014A59,2,2570.0,v0.1
INS_F8FE7F50320D,REQ_7A64FC9A4BBF,3,23000.0,v0.1
INS_F8FE7F50320D,REQ_CA362E057B89,4,10675.0,v0.1
INS_F8FE7F50320D,REQ_2F85535AC6B4,5,1770.0,v0.1
INS_F8FE7F50320D,REQ_41154DCF7E92,6,630.0,v0.1
INS_F8FE7F50320D,REQ_26D04E37E7E6,7,1920.0,v0.1
INS_F8FE7F50320D,REQ_3B92DAF48818,8,1450.0,v0.1
INS_F8FE7F50320D,REQ_998844DD49F9,9,6310.0,v0.1
INS_F8FE7F50320D,REQ_B2CE0ED80640,10,9300.0,v0.1
INS_F8FE7F50320D,REQ_C797CE76326A,11,2150.0,v0.1
INS_F8FE7F50320D,REQ_2718C84A845D,12,1750.0,v0.1
INS_F8FE7F50320D,REQ_464A66BA1F65,13,30000.0,v0.1
INS_F8FE7F50320D,REQ_A11A4BE2914D,14,30000.0,v0.1
INS_F8FE7F50320D,REQ_0C44E34ADF26,15,23540.0,v0.1
INS_F8FE7F50320D,REQ_209A4F27B526,16,30000.0,v0.1
INS_F8FE7F50320D,REQ_4A1FB0464C38,17,30000.0,v0.1
INS_F8FE7F50320D,REQ_E435CEF3B666,18,17990.0,v0.1
INS_F8FE7F50320D,REQ_511A065EF3B7,19,21030.0,v0.1
INS_F8FE7F50320D,REQ_0C485074C03B,20,20020.0,v0.1
INS_F8FE7F50320D,REQ_3E4B1948E6BD,21,30000.0,v0.1
INS_F8FE7F50320D,REQ_4626096917A1,22,1680.0,v0.1
INS_F8FE7F50320D,REQ_3019FC4E6768,23,30000.0,v0.1
INS_F8FE7F50320D,REQ_EEE22F9E9791,24,560.0,v0.1
INS_F8FE7F50320D,REQ_A86EE14212E1,25,20500.0,v0.1
INS_F8FE7F50320D,REQ_26F54D2BCABC,26,24970.0,v0.1
INS_F8FE7F50320D,REQ_8D6601E6E1D7,27,2810.0,v0.1
INS_F8FE7F50320D,REQ_89C8886692C4,28,2860.0,v0.1
INS_F8FE7F50320D,REQ_19D46FC565EC,29,14730.0,v0.1
INS_F8FE7F50320D,REQ_CF57EB72A081,30,540.0,v0.1
INS_E1B09CD88AB6,REQ_9155AC901C5C,0,28510.0,v0.1
INS_E1B09CD88AB6,REQ_E11232C83C78,1,950.0,v0.1
INS_E1B09CD88AB6,REQ_B676804BBCD9,2,2430.0,v0.1
INS_E1B09CD88AB6,REQ_F5D1D0896DB1,3,30000.0,v0.1
INS_E1B09CD88AB6,REQ_2455A00D4FB1,4,19410.0,v0.1
INS_E1B09CD88AB6,REQ_3CEA749516F8,5,13540.0,v0.1
INS_E1B09CD88AB6,REQ_2DCBB6B84C64,6,770.0,v0.1
INS_E1B09CD88AB6,REQ_FEE4A225A350,7,570.0,v0.1
INS_E1B09CD88AB6,REQ_DDDEE0748C51,8,170.0,v0.1
INS_E1B09CD88AB6,REQ_04D4AB3CFFD2,9,1789.9999999999998,v0.1
INS_E1B09CD88AB6,REQ_9AD174A1BA60,10,16740.0,v0.1
INS_E1B09CD88AB6,REQ_996BC854ECA8,11,2260.0,v0.1
INS_E1B09CD88AB6,REQ_E8EB2A97FA01,12,680.0,v0.1
INS_E1B09CD88AB6,REQ_1CA12EFF264F,13,16860.0,v0.1
INS_E1B09CD88AB6,REQ_2EE69D58373E,14,250.0,v0.1
INS_D1C5EA7049EE,REQ_36F78CDCD7E0,0,130.0,v0.1
INS_D1C5EA7049EE,REQ_A77643B84FA0,1,13560.0,v0.1
INS_D1C5EA7049EE,REQ_538610CA1CCB,2,1250.0,v0.1
INS_D1C5EA7049EE,REQ_23BAAC98E3A1,3,1000.0,v0.1
INS_D1C5EA7049EE,REQ_57F4721345D4,4,490.00000000000006,v0.1
INS_D1C5EA7049EE,REQ_F7FFCC288254,5,23180.0,v0.1
INS_D1C5EA7049EE,REQ_61D77E272462,6,760.0,v0.1
INS_D1C5EA7049EE,REQ_5B6874BD9B4F,7,150.0,v0.1
INS_D1C5EA7049EE,REQ_52E956DD30AB,8,11040.0,v0.1
INS_D1C5EA7049EE,REQ_B71C3184F485,9,120.0,v0.1
INS_9D32E782386A,REQ_5F1B6242C3DD,0,2150.0,v0.1
INS_9D32E782386A,REQ_8F6D3986C7C8,1,310.0,v0.1
INS_9D32E782386A,REQ_824E23D38949,2,22350.0,v0.1
INS_9D32E782386A,REQ_EA40DCC4EBAB,3,14040.0,v0.1
INS_9D32E782386A,REQ_5F8D419D09D5,4,11870.0,v0.1
INS_9D32E782386A,REQ_E736354B142D,5,2070.0,v0.1
INS_9D32E782386A,REQ_8BAB00D572B6,6,630.0,v0.1
INS_9D32E782386A,REQ_D7CF40306E75,7,2130.0,v0.1
INS_45B7F17F4D74,REQ_3351019F29F1,0,30000.0,v0.1
INS_45B7F17F4D74,REQ_E6CE8DB9C99F,1,980.0000000000001,v0.1
INS_45B7F17F4D74,REQ_6650C05599E0,2,7659.999999999999,v0.1
INS_45B7F17F4D74,REQ_58993B7E1E27,3,25980.0,v0.1
INS_45B7F17F4D74,REQ_3683EA4A9778,4,30000.0,v0.1
INS_45B7F17F4D74,REQ_5266D6F09B96,5,12370.0,v0.1
INS_45B7F17F4D74,REQ_DAB8CFFC32BF,6,750.0,v0.1
INS_45B7F17F4D74,REQ_17DE9A2AE9AF,7,30000.0,v0.1
INS_1D9A7FC5E389,REQ_194B911AD308,0,7450.0,v0.1
INS_1D9A7FC5E389,REQ_261F9469E7DB,1,30000.0,v0.1
INS_1D9A7FC5E389,REQ_BA23BB0BD6B3,2,11110.0,v0.1
INS_1D9A7FC5E389,REQ_F650596C3D39,3,470.0,v0.1
INS_1D9A7FC5E389,REQ_B246229BAAA2,4,1580.0,v0.1
INS_1D9A7FC5E389,REQ_5E2830D9B995,5,2090.0,v0.1
INS_1D9A7FC5E389,REQ_C6A0CDE92148,6,100.0,v0.1
INS_1D9A7FC5E389,REQ_2277F6C7E65E,7,15200.0,v0.1
INS_1D9A7FC5E389,REQ_E7A1EB08E39D,8,6370.0,v0.1
INS_1D9A7FC5E389,REQ_773068D7947B,9,30000.0,v0.1
INS_1D9A7FC5E389,REQ_E1964CAA21FA,10,2500.0,v0.1
INS_1D9A7FC5E389,REQ_0B01992BD387,11,1790.0,v0.1
INS_1D9A7FC5E389,REQ_CF273B1F5056,12,1260.0,v0.1
INS_1D9A7FC5E389,REQ_A221E70169D5,13,2370.0,v0.1
INS_1D9A7FC5E389,REQ_5851684E5324,14,4380.0,v0.1
INS_1D9A7FC5E389,REQ_C2989DBF746F,15,2230.0,v0.1
INS_1D9A7FC5E389,REQ_73DA91F0C32A,16,2950.0,v0.1
INS_1D9A7FC5E389,REQ_EFA4D57EC38F,17,30000.0,v0.1
INS_1D9A7FC5E389,REQ_E740E0747FF0,18,2740.0,v0.1
INS_1D9A7FC5E389,REQ_85AFED81054E,19,710.0,v0.1
INS_1D9A7FC5E389,REQ_5A8EB402DD36,20,1060.0,v0.1
INS_1D9A7FC5E389,REQ_059A073CCF36,21,1050.0,v0.1
INS_1D9A7FC5E389,REQ_7C5B315437FD,22,30000.0,v0.1
INS_1D9A7FC5E389,REQ_C4D633BD6B83,23,30000.0,v0.1
INS_1D9A7FC5E389,REQ_6642167E54CF,24,810.0,v0.1
INS_1D9A7FC5E389,REQ_5416C540F972,25,10900.0,v0.1
INS_1D9A7FC5E389,REQ_EC10F1F02F91,26,1770.0,v0.1
INS_1D9A7FC5E389,REQ_2D547E26BFC3,27,910.0,v0.1
INS_1D9A7FC5E389,REQ_A127AE2D5777,28,240.0,v0.1
INS_1D9A7FC5E389,REQ_714FB9019218,29,700.0,v0.1
INS_1D9A7FC5E389,REQ_A3F59149BE36,30,3480.0,v0.1
INS_1D9A7FC5E389,REQ_2F0170C26DF0,31,12700.0,v0.1
INS_1D9A7FC5E389,REQ_CE5174FD8DEF,32,4300.0,v0.1
INS_1D9A7FC5E389,REQ_9EA1B31AD619,33,6270.0,v0.1
INS_1D9A7FC5E389,REQ_1E6E39FD7418,34,21860.0,v0.1
INS_1D9A7FC5E389,REQ_392DA42F580C,35,459.99999999999994,v0.1
INS_1D9A7FC5E389,REQ_3B8E963FD701,36,1520.0,v0.1
INS_1D9A7FC5E389,REQ_3D7A208600B1,37,550.0,v0.1
INS_1D9A7FC5E389,REQ_181552B4522B,38,690.0,v0.1
INS_1D9A7FC5E389,REQ_3625F234CC23,39,4780.0,v0.1
INS_1D9A7FC5E389,REQ_B1DB21792CAD,40,2410.0,v0.1
INS_1D9A7FC5E389,REQ_46E175531BE3,41,100.0,v0.1
INS_D8E1F6C52A78,REQ_8F717200F89D,0,11430.0,v0.1
INS_D8E1F6C52A78,REQ_FDD057568520,1,30000.0,v0.1
INS_D8E1F6C52A78,REQ_57FD9283ECDD,2,13890.0,v0.1
INS_D8E1F6C52A78,REQ_BBCB6F5C41EE,3,27060.0,v0.1
INS_D8E1F6C52A78,REQ_D83381E9970B,4,30000.0,v0.1
INS_D8E1F6C52A78,REQ_05284FE85B1C,5,25360.0,v0.1
INS_D8E1F6C52A78,REQ_D6A702805405,6,13950.0,v0.1
INS_D8E1F6C52A78,REQ_CBE58178588E,7,10570.0,v0.1
INS_D8E1F6C52A78,REQ_546A19D960B0,8,30000.0,v0.1
INS_D8E1F6C52A78,REQ_7CF9F5A90A05,9,14280.0,v0.1
INS_D8E1F6C52A78,REQ_1FF03DAE2839,10,30000.0,v0.1
INS_D8E1F6C52A78,REQ_5397DF010582,11,30000.0,v0.1
INS_D8E1F6C52A78,REQ_811D4A5B9CC3,12,30000.0,v0.1
INS_D8E1F6C52A78,REQ_3EEBB86092EC,13,30000.0,v0.1
INS_D8E1F6C52A78,REQ_C40ABD233FAB,14,30000.0,v0.1
INS_D8E1F6C52A78,REQ_8D6E1C7C1E4E,15,30000.0,v0.1
INS_28B87271DDA6,REQ_BC3AE572C21A,0,30000.0,v0.1
INS_28B87271DDA6,REQ_B2B151895B58,1,30000.0,v0.1
INS_28B87271DDA6,REQ_A683694C8366,2,30000.0,v0.1
INS_28B87271DDA6,REQ_3D137029DB76,3,30000.0,v0.1
INS_28B87271DDA6,REQ_18D05FE184DB,4,30000.0,v0.1
INS_28B87271DDA6,REQ_24B4F438D94F,5,30000.0,v0.1
INS_28B87271DDA6,REQ_B65209DD6FB1,6,30000.0,v0.1
INS_28B87271DDA6,REQ_A095E3AC1D21,7,30000.0,v0.1
INS_C552C5E2C400,REQ_3EF369CCE8B5,0,7010.0,v0.1
INS_C552C5E2C400,REQ_CFFD4C68B8AD,1,4710.0,v0.1
INS_C552C5E2C400,REQ_41904A4D3ED1,2,20730.0,v0.1
INS_C552C5E2C400,REQ_EB4DF76728B5,3,1460.0,v0.1
INS_C552C5E2C400,REQ_9621831757A4,4,30000.0,v0.1
INS_C552C5E2C400,REQ_0646E0F36E16,5,100.0,v0.1
INS_C552C5E2C400,REQ_E92306C72C1C,6,22630.0,v0.1
INS_C552C5E2C400,REQ_731A1305C40E,7,580.0,v0.1
INS_C552C5E2C400,REQ_80089640A1E8,8,22680.0,v0.1
INS_C552C5E2C400,REQ_20D4178BB2A9,9,16550.0,v0.1
INS_C552C5E2C400,REQ_D0497E62ECA4,10,2410.0,v0.1
INS_C552C5E2C400,REQ_59D9E4D665A4,11,9290.0,v0.1
INS_C552C5E2C400,REQ_35CA3AE5E7BF,12,80.0,v0.1
INS_C552C5E2C400,REQ_CD189C324DF5,13,400.0,v0.1
INS_23DEB17B2616,REQ_1ED9F211CD80,0,960.0,v0.1
INS_23DEB17B2616,REQ_A7F898AE564F,1,7850.0,v0.1
INS_23DEB17B2616,REQ_DBC62A8FDA1F,2,550.0,v0.1
INS_23DEB17B2616,REQ_BE94C2FD92C1,3,30270.0,v0.1
INS_23DEB17B2616,REQ_58F8DF61446F,4,17450.0,v0.1
INS_23DEB17B2616,REQ_46C7B2BA115E,5,1010.0,v0.1
INS_23DEB17B2616,REQ_32C8EF63CADD,6,18050.0,v0.1
INS_23DEB17B2616,REQ_99979941C50E,7,27340.0,v0.1
INS_23DEB17B2616,REQ_0B69CCACA17B,8,130.0,v0.1
INS_1900EF1C42F5,REQ_8F5AF622DE59,0,2100.0,v0.1
INS_1900EF1C42F5,REQ_F70416EDC880,1,760.0,v0.1
INS_1900EF1C42F5,REQ_88E33CED7750,2,430.0,v0.1
INS_1900EF1C42F5,REQ_07663977B686,3,5420.0,v0.1
INS_1900EF1C42F5,REQ_DED5D3C185D7,4,2250.0,v0.1
INS_1900EF1C42F5,REQ_49E748AF05B6,5,2250.0,v0.1
INS_1900EF1C42F5,REQ_4F8059586969,6,9830.0,v0.1
INS_1900EF1C42F5,REQ_56C0EDF359BF,7,22010.0,v0.1
INS_1900EF1C42F5,REQ_8EB79FC87D4A,8,23260.0,v0.1
INS_1900EF1C42F5,REQ_D49988F0C51A,9,1710.0,v0.1
INS_1900EF1C42F5,REQ_83E38817F0AF,10,1760.0000000000002,v0.1
INS_1900EF1C42F5,REQ_7EC2FB415B09,11,30000.0,v0.1
INS_1900EF1C42F5,REQ_C7D472E24123,12,1170.0,v0.1
INS_1900EF1C42F5,REQ_71ED0AAC616B,13,1000.0,v0.1
INS_1900EF1C42F5,REQ_B32D7F2637C7,14,19430.0,v0.1
INS_1900EF1C42F5,REQ_A75E42111AF2,15,30000.0,v0.1
INS_1900EF1C42F5,REQ_1F8D54632BFA,16,850.0,v0.1
INS_1900EF1C42F5,REQ_8B79AC60A90E,17,8220.0,v0.1
INS_1900EF1C42F5,REQ_9FC2031F1455,18,30000.0,v0.1
INS_1900EF1C42F5,REQ_BB99A112A717,19,3470.0000000000005,v0.1
INS_1900EF1C42F5,REQ_4B6333264667,20,210.0,v0.1
INS_1900EF1C42F5,REQ_F1A1280C1689,21,2230.0,v0.1
INS_1900EF1C42F5,REQ_0CBDDA0DB8DD,22,30000.0,v0.1
INS_1900EF1C42F5,REQ_9840DB09FEB9,23,20000.0,v0.1
INS_7452AABAA42B,REQ_B583672FE0E9,0,750.0,v0.1
INS_7452AABAA42B,REQ_DE9DE71E8921,1,560.0,v0.1
INS_7452AABAA42B,REQ_FCC3F478D8C4,2,1310.0,v0.1
INS_7452AABAA42B,REQ_1E6F28600FC7,3,770.0,v0.1
INS_7452AABAA42B,REQ_599DAE8C5E05,4,3440.0,v0.1
INS_7452AABAA42B,REQ_B81E3E31C267,5,1050.0,v0.1
INS_7452AABAA42B,REQ_9E0CC8E96DBE,6,1960.0,v0.1
INS_7452AABAA42B,REQ_6986EE8C69A6,7,640.0,v0.1
INS_7452AABAA42B,REQ_A5CC71D319CC,8,2230.0,v0.1
INS_7452AABAA42B,REQ_D7CA9A9B374C,9,3870.0000000000005,v0.1
INS_7452AABAA42B,REQ_2A3971318DC9,10,2770.0,v0.1
INS_3A5F97E1551D,REQ_C7E12D600ED3,0,350.0,v0.1
INS_3A5F97E1551D,REQ_9D95F801868D,1,150.0,v0.1
INS_3A5F97E1551D,REQ_72E6C325CFE1,2,6850.0,v0.1
INS_3A5F97E1551D,REQ_0AEA5A48CCBE,3,14040.0,v0.1
INS_3A5F97E1551D,REQ_4F9B2172FA67,4,30000.0,v0.1
INS_3A5F97E1551D,REQ_C1FF0A56E783,5,30000.0,v0.1
INS_3A5F97E1551D,REQ_101A5AF3B9A1,6,1310.0,v0.1
INS_3A5F97E1551D,REQ_46C5FFFEF6D5,7,19300.0,v0.1
INS_3A5F97E1551D,REQ_9E113262CDBE,8,650.0,v0.1
INS_3A5F97E1551D,REQ_1B1C4037FCE5,9,4840.0,v0.1
INS_59F281EE96B1,REQ_2D6D358E8DCC,0,30000.0,v0.1
INS_59F281EE96B1,REQ_74A931FA1079,1,18820.0,v0.1
INS_59F281EE96B1,REQ_337340C30D2E,2,13080.0,v0.1
INS_59F281EE96B1,REQ_299A9F4AA5CE,3,30000.0,v0.1
INS_59F281EE96B1,REQ_587E1EA10952,4,30000.0,v0.1
INS_59F281EE96B1,REQ_DED8AA21E0B6,5,29790.0,v0.1
INS_59F281EE96B1,REQ_0B9FFD6545E3,6,18720.0,v0.1
INS_59F281EE96B1,REQ_CFCB418FB1B4,7,30000.0,v0.1
INS_59F281EE96B1,REQ_F6D705542F1C,8,13680.0,v0.1
INS_59F281EE96B1,REQ_2BEAC4526E54,9,30000.0,v0.1
INS_59F281EE96B1,REQ_5128C36DC078,10,17060.0,v0.1
INS_2A7F74522DB5,REQ_9A75EE916C61,0,1300.0,v0.1
INS_2A7F74522DB5,REQ_3AA04F7D93D1,1,3420.0000000000005,v0.1
INS_2A7F74522DB5,REQ_96C0BD518A56,2,12940.0,v0.1
INS_2A7F74522DB5,REQ_E894CD22D871,3,390.0,v0.1
INS_2A7F74522DB5,REQ_BCC3A4C371B8,4,27100.0,v0.1
INS_2A7F74522DB5,REQ_B69FFA8D276A,5,11720.0,v0.1
INS_2A7F74522DB5,REQ_98A35B869D6E,6,10970.0,v0.1
INS_2A7F74522DB5,REQ_9AE806AC1AAF,7,1150.0,v0.1
INS_2A7F74522DB5,REQ_4B80BC7AD3A1,8,750.0,v0.1
INS_2A7F74522DB5,REQ_07F880AEC7A8,9,7730.0,v0.1
INS_2A7F74522DB5,REQ_1AEF39EAC9A4,10,1660.0000000000002,v0.1
INS_2A7F74522DB5,REQ_F025D8671263,11,2330.0,v0.1
INS_2A7F74522DB5,REQ_BD5D190C4D37,12,6050.0,v0.1
INS_7850A9662DE5,REQ_97C697DC28CA,0,15000.0,v0.1
INS_7850A9662DE5,REQ_1673C7E6D792,1,6500.0,v0.1
INS_7850A9662DE5,REQ_6995E0CC4EC7,2,680.0,v0.1
INS_7850A9662DE5,REQ_692EF93C42F5,3,7700.0,v0.1
INS_7850A9662DE5,REQ_F3D47B5A64BC,4,5040.0,v0.1
INS_7850A9662DE5,REQ_BFA0BC58437C,5,2160.0,v0.1
INS_7850A9662DE5,REQ_95C454D31CF6,6,1270.0,v0.1
INS_7850A9662DE5,REQ_A9F1B61216F7,7,30000.0,v0.1
INS_7850A9662DE5,REQ_A44EDC637760,8,1630.0,v0.1
INS_7850A9662DE5,REQ_F76709F1D78E,9,1400.0,v0.1
INS_7850A9662DE5,REQ_B5D7E030482A,10,18070.0,v0.1
INS_7850A9662DE5,REQ_DCFC6B12CBD6,11,720.0,v0.1
INS_7850A9662DE5,REQ_7A7A07684929,12,830.0000000000001,v0.1
INS_6A2637D54CD7,REQ_AD482A813246,0,8160.0,v0.1
INS_6A2637D54CD7,REQ_9D7F880D22A4,1,1050.0,v0.1
INS_6A2637D54CD7,REQ_A0F79974B2CF,2,30000.0,v0.1
INS_6A2637D54CD7,REQ_34CE526E62B7,3,16475.0,v0.1
INS_6A2637D54CD7,REQ_3D3B26BEC7D5,4,240.0,v0.1
INS_6A2637D54CD7,REQ_16022B4A1E13,5,30000.0,v0.1
INS_6A2637D54CD7,REQ_6548B1560DD1,6,13490.0,v0.1
INS_6A2637D54CD7,REQ_DE5C10D0013F,7,500.0,v0.1
INS_6A2637D54CD7,REQ_E94A42312C9F,8,17450.0,v0.1
INS_6A2637D54CD7,REQ_9F39355DDA39,9,500.0,v0.1
INS_6A2637D54CD7,REQ_88E8C299DEC3,10,2060.0,v0.1
INS_6A2637D54CD7,REQ_3CD616E73D1E,11,17870.0,v0.1
INS_6A2637D54CD7,REQ_7CE22DD3CA18,12,2560.0,v0.1
INS_6A2637D54CD7,REQ_C1EFED9758AF,13,30000.0,v0.1
INS_6A2637D54CD7,REQ_6DB5DF3D85F9,14,590.0,v0.1
INS_6A2637D54CD7,REQ_A4836FBE6535,15,19300.0,v0.1
INS_6A2637D54CD7,REQ_F885EA0C102B,16,400.0,v0.1
INS_6A2637D54CD7,REQ_2F0C4B6985AC,17,30000.0,v0.1
INS_6A2637D54CD7,REQ_ACAF537865F6,18,4180.0,v0.1
INS_6A2637D54CD7,REQ_171B0B0AFDCE,19,15019.999999999998,v0.1
INS_6A2637D54CD7,REQ_55E8E8859D19,20,340.0,v0.1
INS_6A2637D54CD7,REQ_562FB750307B,21,1370.0,v0.1
INS_6A2637D54CD7,REQ_0E50B86570FE,22,19900.0,v0.1
INS_6A2637D54CD7,REQ_779BE9100597,23,1450.0,v0.1
INS_6A2637D54CD7,REQ_5F9B54BCBE23,24,30000.0,v0.1
INS_6A2637D54CD7,REQ_4C2006377277,25,1410.0,v0.1
INS_9644A2A354BD,REQ_B2AF89FC329C,0,30000.0,v0.1
INS_9644A2A354BD,REQ_2FCB0AC38526,1,5260.0,v0.1
INS_9644A2A354BD,REQ_03EFC06EAEBB,2,320.0,v0.1
INS_9644A2A354BD,REQ_69E1DD087C85,3,30000.0,v0.1
INS_9644A2A354BD,REQ_297012753A5B,4,30000.0,v0.1
INS_9644A2A354BD,REQ_90A83EE99DA5,5,30000.0,v0.1
INS_9644A2A354BD,REQ_A6F9B176C9C1,6,21840.0,v0.1
INS_9644A2A354BD,REQ_391CEDE38838,7,1400.0,v0.1
INS_9644A2A354BD,REQ_461B6F0EBD06,8,30000.0,v0.1
INS_9644A2A354BD,REQ_05BC3307E04D,9,28700.0,v0.1
INS_9644A2A354BD,REQ_2D08D6C69763,10,30000.0,v0.1
INS_362DDA1F88A6,REQ_B65209DD6FB1,0,30000.0,v0.1
INS_362DDA1F88A6,REQ_24B4F438D94F,1,30000.0,v0.1
INS_362DDA1F88A6,REQ_A683694C8366,2,30000.0,v0.1
INS_362DDA1F88A6,REQ_A095E3AC1D21,3,30000.0,v0.1
INS_362DDA1F88A6,REQ_B2B151895B58,4,30000.0,v0.1
INS_362DDA1F88A6,REQ_3D137029DB76,5,30000.0,v0.1
INS_362DDA1F88A6,REQ_18D05FE184DB,6,30000.0,v0.1
INS_362DDA1F88A6,REQ_BC3AE572C21A,7,30000.0,v0.1
INS_2A783CDF11D2,REQ_95B1CCA08152,0,29390.0,v0.1
INS_2A783CDF11D2,REQ_9172B9AA895E,1,5440.0,v0.1
INS_2A783CDF11D2,REQ_F18B35FADBC5,2,30000.0,v0.1
INS_2A783CDF11D2,REQ_251F6F6C2AE2,3,1220.0,v0.1
INS_2A783CDF11D2,REQ_B5D2E1C452F2,4,1000.0,v0.1
INS_2A783CDF11D2,REQ_6DBA718640F8,5,26250.0,v0.1
INS_2A783CDF11D2,REQ_BBD6D48744AF,6,5660.0,v0.1
INS_2A783CDF11D2,REQ_DBC250EDB4DE,7,1010.0,v0.1
INS_2A783CDF11D2,REQ_709968869BE6,8,450.0,v0.1
INS_2A783CDF11D2,REQ_7AE2E52D35C3,9,30000.0,v0.1
INS_2A783CDF11D2,REQ_C1B66310F357,10,680.0,v0.1
INS_2A783CDF11D2,REQ_938E284B3F28,11,7080.0,v0.1
INS_2A783CDF11D2,REQ_3962037122F0,12,2410.0,v0.1
INS_2A783CDF11D2,REQ_6BA15A9416F2,13,560.0,v0.1
INS_2A783CDF11D2,REQ_C6B4FBC27481,14,8640.0,v0.1
INS_2A783CDF11D2,REQ_30990E891687,15,830.0,v0.1
INS_2A783CDF11D2,REQ_E713D61903DF,16,30000.0,v0.1
INS_2A783CDF11D2,REQ_6FBA6E565D37,17,720.0,v0.1
INS_2A783CDF11D2,REQ_9CD0B7B2344F,18,30000.0,v0.1
INS_6F254747F099,REQ_B097ED557943,0,16790.0,v0.1
INS_6F254747F099,REQ_DC48882C2D74,1,30000.0,v0.1
INS_6F254747F099,REQ_C57CF0A27418,2,3110.0,v0.1
INS_6F254747F099,REQ_D8E4BE8FCEE2,3,13630.0,v0.1
INS_6F254747F099,REQ_92A2CE39931D,4,450.0,v0.1
INS_6F254747F099,REQ_A4D4A5BAF6BF,5,21140.0,v0.1
INS_6F254747F099,REQ_6A460DB35DE0,6,20950.0,v0.1
INS_6F254747F099,REQ_172DFAEEA86B,7,800.0,v0.1
INS_6F254747F099,REQ_56A7135352C1,8,30000.0,v0.1
INS_312C1AA99E54,REQ_2091C2EAAED7,0,620.0,v0.1
INS_312C1AA99E54,REQ_DEAD0B16A178,1,760.0,v0.1
INS_312C1AA99E54,REQ_D5D3C35531F4,2,720.0,v0.1
INS_312C1AA99E54,REQ_91136E4035B1,3,700.0,v0.1
INS_312C1AA99E54,REQ_E7DB83FFC43C,4,1960.0,v0.1
INS_312C1AA99E54,REQ_88CA3C9E6C60,5,4660.0,v0.1
INS_312C1AA99E54,REQ_1DD92150F7EF,6,28690.0,v0.1
INS_312C1AA99E54,REQ_4047C57721C9,7,450.0,v0.1
INS_312C1AA99E54,REQ_573461719845,8,8700.0,v0.1
INS_312C1AA99E54,REQ_AC69C6FB0EDF,9,30000.0,v0.1
INS_312C1AA99E54,REQ_1D2F2542210C,10,2410.0,v0.1
INS_312C1AA99E54,REQ_A6E81DE90623,11,30000.0,v0.1
INS_312C1AA99E54,REQ_10B0A03BC880,12,11250.0,v0.1
INS_312C1AA99E54,REQ_DA1C8B33B227,13,800.0,v0.1
INS_312C1AA99E54,REQ_8220628132B5,14,600.0,v0.1
INS_312C1AA99E54,REQ_C7DD4B27A336,15,3770.0000000000005,v0.1
INS_312C1AA99E54,REQ_057F640BE76C,16,1020.0,v0.1
INS_312C1AA99E54,REQ_0A578E4B805B,17,30000.0,v0.1
INS_312C1AA99E54,REQ_ACBDC188772A,18,229.99999999999997,v0.1
INS_312C1AA99E54,REQ_EA86D23C21A8,19,5750.0,v0.1
INS_312C1AA99E54,REQ_6CAD75416723,20,4830.0,v0.1
INS_312C1AA99E54,REQ_57315A996C15,21,27470.0,v0.1
INS_312C1AA99E54,REQ_672A76195622,22,3600.0,v0.1
INS_312C1AA99E54,REQ_C23759BA118A,23,30000.0,v0.1
INS_312C1AA99E54,REQ_15BF45A4E1A8,24,25400.0,v0.1
INS_312C1AA99E54,REQ_9191AE7CAFD9,25,14720.0,v0.1
INS_312C1AA99E54,REQ_8568F269A9D7,26,930.0000000000001,v0.1
INS_312C1AA99E54,REQ_4C53BEF8AB38,27,250.0,v0.1
INS_312C1AA99E54,REQ_7444168D66F2,28,2270.0,v0.1
INS_312C1AA99E54,REQ_DDD37422EBAC,29,30000.0,v0.1
INS_312C1AA99E54,REQ_FACBB6C03270,30,30000.0,v0.1
INS_312C1AA99E54,REQ_AC00D455754D,31,1360.0,v0.1
INS_312C1AA99E54,REQ_28B4C2E39602,32,240.0,v0.1
INS_312C1AA99E54,REQ_112324EC3EFA,33,2110.0,v0.1
INS_312C1AA99E54,REQ_BDDE9BA940B1,34,14300.0,v0.1
INS_312C1AA99E54,REQ_605FDD5664E9,35,30000.0,v0.1
INS_312C1AA99E54,REQ_69E25B992AD8,36,3200.0,v0.1
INS_312C1AA99E54,REQ_8745DBFB3CE3,37,7780.0,v0.1
INS_312C1AA99E54,REQ_D4F6442B8ED2,38,650.0,v0.1
INS_312C1AA99E54,REQ_B68591D594C6,39,1250.0,v0.1
INS_312C1AA99E54,REQ_8ACE5AE522E8,40,24130.0,v0.1
INS_312C1AA99E54,REQ_D124E8853BB5,41,680.0,v0.1
INS_312C1AA99E54,REQ_8CBB5AEA4771,42,430.0,v0.1
INS_312C1AA99E54,REQ_C7BE2DD93A0F,43,1430.0,v0.1
INS_312C1AA99E54,REQ_F03C20EC2977,44,2450.0,v0.1
INS_312C1AA99E54,REQ_9E8618C69437,45,1030.0,v0.1
INS_312C1AA99E54,REQ_12A7F96BC095,46,670.0,v0.1
INS_312C1AA99E54,REQ_6A0D08FD2ED8,47,990.0,v0.1
INS_312C1AA99E54,REQ_EEB7204B7E55,48,16140.0,v0.1
INS_A243164DBAE5,REQ_1572DC92FE4B,0,1000.0,v0.1
INS_A243164DBAE5,REQ_8B84AF7EB454,1,7930.0,v0.1
INS_A243164DBAE5,REQ_A6D77AD3AC07,2,4540.0,v0.1
INS_A243164DBAE5,REQ_027B86EB2157,3,1710.0,v0.1
INS_A243164DBAE5,REQ_E6CDD70C3C74,4,4100.0,v0.1
INS_A243164DBAE5,REQ_5E198586FBFA,5,1050.0,v0.1
INS_A243164DBAE5,REQ_4CE6F84B44EA,6,1530.0,v0.1
INS_A243164DBAE5,REQ_EF5A4EFA4454,7,30000.0,v0.1
INS_A243164DBAE5,REQ_C600790D22D8,8,5600.0,v0.1
INS_161A6C520DBD,REQ_BFDE60BD0A54,0,8040.000000000001,v0.1
INS_161A6C520DBD,REQ_35778326AD5F,1,420.0,v0.1
INS_161A6C520DBD,REQ_BC054F09CF7A,2,1240.0,v0.1
INS_161A6C520DBD,REQ_06E92D069FD2,3,30000.0,v0.1
INS_161A6C520DBD,REQ_AA296532AD74,4,7240.0,v0.1
INS_161A6C520DBD,REQ_49FF8CAAE024,5,150.0,v0.1
INS_161A6C520DBD,REQ_5EB8E5D4E350,6,6020.0,v0.1
INS_161A6C520DBD,REQ_42592BAEE504,7,1150.0,v0.1
INS_161A6C520DBD,REQ_FDDD8626A5F3,8,960.0,v0.1
INS_161A6C520DBD,REQ_2F0E5C7874E9,9,4140.0,v0.1
INS_161A6C520DBD,REQ_24D27944A04E,10,14630.0,v0.1
INS_161A6C520DBD,REQ_83BDD1D1AF8D,11,819.9999999999999,v0.1
INS_161A6C520DBD,REQ_B6FBECE15B8A,12,300.0,v0.1
INS_161A6C520DBD,REQ_2F5E2A88E7D6,13,2900.0,v0.1
INS_161A6C520DBD,REQ_0605CF6F97ED,14,30000.0,v0.1
INS_161A6C520DBD,REQ_71200205AC02,15,25660.0,v0.1
INS_161A6C520DBD,REQ_0107C0344B87,16,350.0,v0.1
INS_161A6C520DBD,REQ_81B5BDBBD6D5,17,3800.0,v0.1
INS_161A6C520DBD,REQ_206FAFA57FBB,18,2260.0,v0.1
INS_161A6C520DBD,REQ_49C462A4452D,19,80.0,v0.1
INS_161A6C520DBD,REQ_42F18B6DF629,20,840.0,v0.1
INS_161A6C520DBD,REQ_BAF8EE467149,21,2900.0,v0.1
INS_161A6C520DBD,REQ_3699E55AE0D8,22,350.0,v0.1
INS_161A6C520DBD,REQ_BBF5082AD190,23,14140.0,v0.1
INS_161A6C520DBD,REQ_4113E784FD60,24,23160.0,v0.1
INS_161A6C520DBD,REQ_9934214038F9,25,3110.0,v0.1
INS_161A6C520DBD,REQ_D010FE6974C6,26,1110.0,v0.1
INS_161A6C520DBD,REQ_17CB30A1C1DF,27,10740.0,v0.1
INS_161A6C520DBD,REQ_66682726482C,28,23280.0,v0.1
INS_161A6C520DBD,REQ_9FD82701CB87,29,1580.0,v0.1
INS_84D662D3AE07,REQ_8660DC189AD6,0,710.0,v0.1
INS_84D662D3AE07,REQ_3DE6B104B93B,1,110.00000000000001,v0.1
INS_84D662D3AE07,REQ_A9D6F65DD521,2,150.0,v0.1
INS_84D662D3AE07,REQ_E1F74CC3512C,3,1060.0,v0.1
INS_84D662D3AE07,REQ_DD1ADB0C9FC3,4,30000.0,v0.1
INS_84D662D3AE07,REQ_3283338E28B1,5,1140.0,v0.1
INS_84D662D3AE07,REQ_D05C792E9162,6,21780.0,v0.1
INS_84D662D3AE07,REQ_C206BCFB5210,7,30000.0,v0.1
INS_84D662D3AE07,REQ_F1BD02BCFF2E,8,450.0,v0.1
INS_84D662D3AE07,REQ_3D4C7F6CB3BB,9,1350.0,v0.1
INS_84D662D3AE07,REQ_AE0219A13B47,10,1120.0,v0.1
INS_84D662D3AE07,REQ_07BCF18A9494,11,409.99999999999994,v0.1
INS_84D662D3AE07,REQ_31C504166B5F,12,7170.0,v0.1
INS_84D662D3AE07,REQ_E62ECCC14446,13,13490.0,v0.1
INS_84D662D3AE07,REQ_8061C6F88F7B,14,1000.0,v0.1
INS_84D662D3AE07,REQ_9650D01382D0,15,30000.0,v0.1
INS_84D662D3AE07,REQ_AFF5DBE6478D,16,8050.000000000001,v0.1
INS_84D662D3AE07,REQ_BB97021B8045,17,500.0,v0.1
INS_84D662D3AE07,REQ_0998D855A4B9,18,540.0,v0.1
INS_84D662D3AE07,REQ_32094262F05B,19,22625.0,v0.1
INS_84D662D3AE07,REQ_2538F0ABF620,20,3100.0,v0.1
INS_84D662D3AE07,REQ_96D25564980C,21,5330.0,v0.1
INS_84D662D3AE07,REQ_57CC5E51EC0E,22,6870.0,v0.1
INS_84D662D3AE07,REQ_8980481044CC,23,170.0,v0.1
INS_84D662D3AE07,REQ_C08CF7889EDC,24,2400.0,v0.1
INS_84D662D3AE07,REQ_C8F0145054CE,25,210.0,v0.1
INS_84D662D3AE07,REQ_3169F3B58378,26,4950.0,v0.1
INS_84D662D3AE07,REQ_9A04F434BEBC,27,350.0,v0.1
INS_84D662D3AE07,REQ_5BF6AA0493D2,28,2050.0,v0.1
INS_84D662D3AE07,REQ_AB8698492410,29,1000.0,v0.1
INS_84D662D3AE07,REQ_CA5A6C68D153,30,30000.0,v0.1
INS_68E1FD52910C,REQ_450E5B217501,0,23590.0,v0.1
INS_68E1FD52910C,REQ_BBA42595D171,1,450.0,v0.1
INS_68E1FD52910C,REQ_916D6E15603A,2,30000.0,v0.1
INS_68E1FD52910C,REQ_932007974908,3,30000.0,v0.1
INS_68E1FD52910C,REQ_772777F91D25,4,2350.0,v0.1
INS_68E1FD52910C,REQ_524831C82482,5,27750.0,v0.1
INS_68E1FD52910C,REQ_2578ECBD721C,6,30000.0,v0.1
INS_68E1FD52910C,REQ_AEEC8DF3BFDE,7,1110.0,v0.1
INS_461899A3855E,REQ_D65BAEAC640C,0,11190.0,v0.1
INS_461899A3855E,REQ_9239EFA85E63,1,10030.0,v0.1
INS_461899A3855E,REQ_74946FF9CDFB,2,3700.0,v0.1
INS_461899A3855E,REQ_C9C43E4A4268,3,970.0,v0.1
INS_461899A3855E,REQ_0A695B8D8FD1,4,3750.0,v0.1
INS_461899A3855E,REQ_98D9DCDD6B7D,5,15380.000000000002,v0.1
INS_461899A3855E,REQ_A93B773F5CEF,6,1410.0,v0.1
INS_461899A3855E,REQ_3C77F0C6D249,7,17210.0,v0.1
INS_461899A3855E,REQ_AE7F81461CD1,8,1580.0,v0.1
INS_461899A3855E,REQ_4756961CD89C,9,3720.0,v0.1
INS_461899A3855E,REQ_D06620737C2B,10,1230.0,v0.1
INS_461899A3855E,REQ_36D6F40C0CC1,11,1050.0,v0.1
INS_FD8E2FA10AF1,REQ_3D1366996BD3,0,3780.0,v0.1
INS_FD8E2FA10AF1,REQ_CDB4429D63C2,1,6800.0,v0.1
INS_FD8E2FA10AF1,REQ_5478B2F46745,2,30000.0,v0.1
INS_FD8E2FA10AF1,REQ_D1DA81450236,3,1050.0,v0.1
INS_FD8E2FA10AF1,REQ_4A67F221DFAD,4,30000.0,v0.1
INS_FD8E2FA10AF1,REQ_E9974F9A0B55,5,660.0,v0.1
INS_FD8E2FA10AF1,REQ_45B5950601AB,6,10790.0,v0.1
INS_FD8E2FA10AF1,REQ_0E40B0E1E23C,7,24810.0,v0.1
INS_FD8E2FA10AF1,REQ_117C75DFE4D4,8,440.0,v0.1
INS_FD8E2FA10AF1,REQ_8C1A26832658,9,780.0,v0.1
INS_FD8E2FA10AF1,REQ_E856E7489E2E,10,30000.0,v0.1
INS_FD8E2FA10AF1,REQ_A8D6D343A9EA,11,2470.0,v0.1
INS_FD8E2FA10AF1,REQ_7182B966B192,12,1250.0,v0.1
INS_FD8E2FA10AF1,REQ_FAFB04700D1F,13,400.0,v0.1
INS_FD8E2FA10AF1,REQ_FB4F86F8BA21,14,250.0,v0.1
INS_FD8E2FA10AF1,REQ_2156E18E882A,15,3170.0,v0.1
INS_FD8E2FA10AF1,REQ_187BA7E68474,16,280.0,v0.1
INS_86C858820184,REQ_132FEBC7A1F3,0,30000.0,v0.1
INS_86C858820184,REQ_AB409A179610,1,26720.0,v0.1
INS_86C858820184,REQ_27F90BDF9794,2,30000.0,v0.1
INS_86C858820184,REQ_800E6D461988,3,30000.0,v0.1
INS_86C858820184,REQ_013EDDA44710,4,9520.0,v0.1
INS_86C858820184,REQ_10A461501791,5,250.0,v0.1
INS_86C858820184,REQ_3EA7E2F8E59A,6,30000.0,v0.1
INS_86C858820184,REQ_EADD745EA60C,7,2500.0,v0.1
INS_86C858820184,REQ_2F57B3D78CD0,8,1789.9999999999998,v0.1
INS_86C858820184,REQ_D631685FC432,9,30000.0,v0.1
INS_86C858820184,REQ_45FE55CA7E08,10,240.0,v0.1
INS_86C858820184,REQ_5CACECF41450,11,9940.0,v0.1
INS_86C858820184,REQ_916082562626,12,680.0,v0.1
INS_86C858820184,REQ_5BEB9BBA6BF0,13,420.0,v0.1
INS_86C858820184,REQ_55E2322832AD,14,1250.0,v0.1
INS_86C858820184,REQ_30DB7809F4DB,15,30000.0,v0.1
INS_86C858820184,REQ_850DC2A45C9D,16,950.0,v0.1
INS_86C858820184,REQ_D9ACB0E92E69,17,500.0,v0.1
INS_86C858820184,REQ_E13EE1E17223,18,1030.0,v0.1
INS_86C858820184,REQ_FBFF4AC0628B,19,30000.0,v0.1
INS_86C858820184,REQ_1BDCD5025FD2,20,15120.0,v0.1
INS_86C858820184,REQ_708796D16C62,21,30000.0,v0.1
INS_86C858820184,REQ_0A6F7E606F69,22,850.0,v0.1
INS_86C858820184,REQ_F19EB2D4DDE4,23,1570.0,v0.1
INS_86C858820184,REQ_C73F86CFB617,24,30000.0,v0.1
INS_86C858820184,REQ_06D08A240571,25,930.0000000000001,v0.1
INS_86C858820184,REQ_F6BF983281C9,26,25270.0,v0.1
INS_86C858820184,REQ_878BEEA1A8E0,27,1950.0,v0.1
INS_86C858820184,REQ_1EA4A772B6B6,28,350.0,v0.1
INS_86C858820184,REQ_326EB1D6D750,29,30000.0,v0.1
INS_7D50BD06A269,REQ_DA7BA27FBEA8,0,1080.0,v0.1
INS_7D50BD06A269,REQ_65CE0028384B,1,1400.0,v0.1
INS_7D50BD06A269,REQ_6F7C2CD4E93E,2,240.0,v0.1
INS_7D50BD06A269,REQ_6C49F78236B2,3,840.0,v0.1
INS_7D50BD06A269,REQ_E75E5DAE27C3,4,1760.0,v0.1
INS_7D50BD06A269,REQ_F94A7C94B024,5,17590.0,v0.1
INS_7D50BD06A269,REQ_B2CF259F3F0C,6,21750.0,v0.1
INS_7D50BD06A269,REQ_3D3152BAD357,7,2050.0,v0.1
INS_7D50BD06A269,REQ_EB77AB839BAC,8,8490.0,v0.1
INS_DF69A38B8B61,REQ_BEC15B59C375,0,23000.0,v0.1
INS_DF69A38B8B61,REQ_99D1923A1BFC,1,850.0,v0.1
INS_DF69A38B8B61,REQ_37AACA500310,2,9600.0,v0.1
INS_DF69A38B8B61,REQ_20FB754A6DC0,3,130.0,v0.1
INS_DF69A38B8B61,REQ_BB6D3BAB14DA,4,1460.0,v0.1
INS_DF69A38B8B61,REQ_FF9DCA056048,5,27230.0,v0.1
INS_DF69A38B8B61,REQ_06863561E196,6,1110.0,v0.1
INS_DF69A38B8B61,REQ_FEA77BF6B558,7,600.0,v0.1
INS_DF69A38B8B61,REQ_A845EF26A99E,8,26220.0,v0.1
INS_DF69A38B8B61,REQ_39A99B3597CE,9,1100.0,v0.1
INS_DF69A38B8B61,REQ_C5DB78727E2A,10,3980.0,v0.1
INS_DF69A38B8B61,REQ_CCB5EEDD0174,11,7950.0,v0.1
INS_DF69A38B8B61,REQ_13B608D0D41E,12,210.0,v0.1
INS_DF69A38B8B61,REQ_03D08502C980,13,7420.0,v0.1
INS_DF69A38B8B61,REQ_390DB91BF4A5,14,2580.0,v0.1
INS_DF69A38B8B61,REQ_8A12BCBCEB0A,15,500.0,v0.1
INS_DF69A38B8B61,REQ_1B07C0764307,16,950.0,v0.1
INS_DF69A38B8B61,REQ_EECF0FCDEE5B,17,1500.0,v0.1
INS_DF69A38B8B61,REQ_6F1D14788973,18,16020.0,v0.1
INS_DF69A38B8B61,REQ_2EE2ED617C8A,19,13300.0,v0.1
INS_DF69A38B8B61,REQ_E634AED6A153,20,1420.0,v0.1
INS_DF69A38B8B61,REQ_73940FDD1A39,21,3850.0,v0.1
INS_DF69A38B8B61,REQ_30E8418FC85D,22,30000.0,v0.1
INS_DF69A38B8B61,REQ_C22B90E9E2F0,23,30000.0,v0.1
INS_DF69A38B8B61,REQ_29DF565E61A4,24,300.0,v0.1
INS_DF69A38B8B61,REQ_C24AC8484E13,25,5660.0,v0.1
INS_DF69A38B8B61,REQ_DF46F9BEEAA0,26,810.0,v0.1
INS_2DF684F2125A,REQ_BD3278D236A9,0,12460.0,v0.1
INS_2DF684F2125A,REQ_0391EBB527B6,1,30000.0,v0.1
INS_2DF684F2125A,REQ_C86E98612EAD,2,30000.0,v0.1
INS_2DF684F2125A,REQ_587E1EA10952,3,30000.0,v0.1
INS_2DF684F2125A,REQ_2D6D358E8DCC,4,30000.0,v0.1
INS_2DF684F2125A,REQ_3A14AA639842,5,30000.0,v0.1
INS_2DF684F2125A,REQ_E50524A96B19,6,20540.0,v0.1
INS_2DF684F2125A,REQ_0B9FFD6545E3,7,18720.0,v0.1
INS_2DF684F2125A,REQ_DED8AA21E0B6,8,29790.0,v0.1
INS_93D29D907CB8,REQ_DD39ECEFFEFC,0,13490.0,v0.1
INS_93D29D907CB8,REQ_3A8EF4435D02,1,919.9999999999999,v0.1
INS_93D29D907CB8,REQ_608FCF4846C3,2,9710.0,v0.1
INS_93D29D907CB8,REQ_0D2AA8EA2718,3,30000.0,v0.1
INS_93D29D907CB8,REQ_62C01A1DF705,4,30000.0,v0.1
INS_93D29D907CB8,REQ_B02719EFD260,5,7090.0,v0.1
INS_93D29D907CB8,REQ_47914282B4CC,6,30000.0,v0.1
INS_93D29D907CB8,REQ_30174A4577D6,7,24670.0,v0.1
INS_93D29D907CB8,REQ_F1D169E18D99,8,21230.0,v0.1
INS_93D29D907CB8,REQ_ECB721C3E597,9,670.0,v0.1
INS_93D29D907CB8,REQ_FFEFB0123607,10,3500.0,v0.1
INS_93D29D907CB8,REQ_FE58B11762DD,11,450.0,v0.1
INS_D1C94551D5EC,REQ_38136340457B,0,12350.0,v0.1
INS_D1C94551D5EC,REQ_F640C5DF472D,1,30000.0,v0.1
INS_D1C94551D5EC,REQ_B01A6DE75CB4,2,20040.0,v0.1
INS_D1C94551D5EC,REQ_EB7BDD03B9C5,3,1200.0,v0.1
INS_D1C94551D5EC,REQ_F42826C4342E,4,27560.0,v0.1
INS_D1C94551D5EC,REQ_C00E849BE12D,5,3840.0,v0.1
INS_D1C94551D5EC,REQ_3BCCCDACE0F1,6,900.0,v0.1
INS_D1C94551D5EC,REQ_A1A1FC56A50B,7,390.0,v0.1
INS_D1C94551D5EC,REQ_33A75344AE55,8,660.0,v0.1
INS_D1C94551D5EC,REQ_75FD4675B98C,9,9710.0,v0.1
INS_D1C94551D5EC,REQ_704B80520CDA,10,26450.0,v0.1
INS_D1C94551D5EC,REQ_F1E0E80DF88C,11,16025.0,v0.1
INS_D1C94551D5EC,REQ_A84F801C492C,12,1250.0,v0.1
INS_D1C94551D5EC,REQ_096113C8D5BE,13,700.0,v0.1
INS_D1C94551D5EC,REQ_1E3D2BC3BC50,14,1800.0,v0.1
INS_D1C94551D5EC,REQ_4BF631B824D2,15,29940.0,v0.1
INS_D1C94551D5EC,REQ_D0C83F32ACAE,16,7130.0,v0.1
INS_D1C94551D5EC,REQ_7C5646C0A46E,17,775.0,v0.1
INS_D1C94551D5EC,REQ_A0C0E11FBF06,18,10700.0,v0.1
INS_D1C94551D5EC,REQ_753E035D015B,19,840.0,v0.1
INS_D1C94551D5EC,REQ_9EE68FBEEB55,20,1800.0,v0.1
INS_D1C94551D5EC,REQ_D094D76BE4BD,21,1260.0,v0.1
INS_D1C94551D5EC,REQ_D220DE32FFF4,22,650.0,v0.1
INS_D1C94551D5EC,REQ_77C84F3B24D8,23,2560.0,v0.1
INS_D1C94551D5EC,REQ_021A5742ED64,24,760.0,v0.1
INS_D1C94551D5EC,REQ_9EF8E78CEC76,25,3910.0,v0.1
INS_D1C94551D5EC,REQ_94275F9662A2,26,1870.0,v0.1
INS_D1C94551D5EC,REQ_6D750B6F9B4A,27,6970.0,v0.1
INS_D1C94551D5EC,REQ_846ADC85F3B9,28,17980.0,v0.1
INS_D1C94551D5EC,REQ_4AB81EA4446B,29,1275.0,v0.1
INS_D1C94551D5EC,REQ_7F48CFE92239,30,8320.0,v0.1
INS_D1C94551D5EC,REQ_5193CCDBE5AC,31,9210.0,v0.1
INS_D1C94551D5EC,REQ_290F4EF921A1,32,1800.0,v0.1
INS_D1C94551D5EC,REQ_2CA6F69F5D3C,33,4320.0,v0.1
INS_D1C94551D5EC,REQ_5DDB9EF90EFE,34,250.0,v0.1
INS_D1C94551D5EC,REQ_636E734CC27D,35,30000.0,v0.1
INS_D1C94551D5EC,REQ_09AE9B6C6140,36,16720.0,v0.1
INS_D1C94551D5EC,REQ_547D987308D2,37,4120.0,v0.1
INS_D1C94551D5EC,REQ_0237BE67178F,38,12260.0,v0.1
INS_D1C94551D5EC,REQ_ED62AEB32A83,39,1830.0,v0.1
INS_D1C94551D5EC,REQ_18E7FB064EE0,40,770.0,v0.1
INS_D1C94551D5EC,REQ_906A836B7B3A,41,100.0,v0.1
INS_D1C94551D5EC,REQ_2E89D839C23E,42,13390.0,v0.1
INS_E184A29B244A,REQ_2FED5BDAB5DB,0,1830.0,v0.1
INS_E184A29B244A,REQ_7C87FB413761,1,350.0,v0.1
INS_E184A29B244A,REQ_CCCFC8E0CEAD,2,1350.0,v0.1
INS_E184A29B244A,REQ_83FEF5C912AF,3,3200.0,v0.1
INS_E184A29B244A,REQ_B614B06C94C8,4,1500.0,v0.1
INS_E184A29B244A,REQ_4D916649A892,5,1710.0,v0.1
INS_E184A29B244A,REQ_A758B6112476,6,1300.0,v0.1
INS_E184A29B244A,REQ_B7E6610B0EB7,7,1130.0,v0.1
INS_E184A29B244A,REQ_AFB0240C5B37,8,7630.0,v0.1
INS_E184A29B244A,REQ_D95D6D7109AD,9,1450.0,v0.1
INS_E184A29B244A,REQ_134F5D52C603,10,1200.0,v0.1
INS_E184A29B244A,REQ_92A290BC9C81,11,3300.0,v0.1
INS_E184A29B244A,REQ_3CB877C5D1FF,12,950.0,v0.1
INS_E7900FAFE2B8,REQ_0EB99BD9C89E,0,30000.0,v0.1
INS_E7900FAFE2B8,REQ_A5FD3930E188,1,8480.0,v0.1
INS_E7900FAFE2B8,REQ_25AFCBF8A2CD,2,1710.0000000000002,v0.1
INS_E7900FAFE2B8,REQ_7CB5DC5C4049,3,30000.0,v0.1
INS_E7900FAFE2B8,REQ_5E7A45C18CCE,4,7990.0,v0.1
INS_E7900FAFE2B8,REQ_48B6C66A3944,5,30000.0,v0.1
INS_E7900FAFE2B8,REQ_E5D00C74E7DD,6,9830.0,v0.1
INS_E7900FAFE2B8,REQ_660085B27A60,7,30000.0,v0.1
INS_E7900FAFE2B8,REQ_B51A3103F91B,8,30000.0,v0.1
INS_E7900FAFE2B8,REQ_177C97AC7AA1,9,810.0,v0.1
INS_E7900FAFE2B8,REQ_9540388588A7,10,1400.0,v0.1
INS_E7900FAFE2B8,REQ_998E722FB33E,11,30000.0,v0.1
INS_E7900FAFE2B8,REQ_82B216BD1BB1,12,5720.0,v0.1
INS_E7900FAFE2B8,REQ_46E66B65360D,13,6260.0,v0.1
INS_E7900FAFE2B8,REQ_5741B5C1A57A,14,30000.0,v0.1
INS_E7900FAFE2B8,REQ_64DC0F4E68F5,15,2900.0,v0.1
INS_E7900FAFE2B8,REQ_548ED3E32649,16,1760.0000000000002,v0.1
INS_E7900FAFE2B8,REQ_656E626A2FF3,17,250.0,v0.1
INS_3B69EB89424C,REQ_45597270E949,0,13330.0,v0.1
INS_3B69EB89424C,REQ_DD1D8AAD5AFB,1,2800.0,v0.1
INS_3B69EB89424C,REQ_CF54A647A46B,2,30000.0,v0.1
INS_3B69EB89424C,REQ_60DCEE49F3BA,3,1150.0,v0.1
INS_3B69EB89424C,REQ_798ADCEF7F03,4,229.99999999999997,v0.1
INS_3B69EB89424C,REQ_D641B2E517DC,5,13510.0,v0.1
INS_3B69EB89424C,REQ_727D34239145,6,2680.0,v0.1
INS_3B69EB89424C,REQ_77152EB16AC8,7,30000.0,v0.1
INS_3B69EB89424C,REQ_3FD3135C6088,8,7550.0,v0.1
INS_3B69EB89424C,REQ_774AEA1C0CBF,9,1180.0,v0.1
INS_3B69EB89424C,REQ_002F799CBC18,10,2000.0,v0.1
INS_1EDAED3483E1,REQ_D88053DAC1AF,0,1480.0,v0.1
INS_1EDAED3483E1,REQ_660F5FDDCF07,1,550.0,v0.1
INS_1EDAED3483E1,REQ_6F3FB0A27AC7,2,15230.0,v0.1
INS_1EDAED3483E1,REQ_AB8D2A162F4B,3,2850.0,v0.1
INS_1EDAED3483E1,REQ_5B61D734BF53,4,13410.0,v0.1
INS_1EDAED3483E1,REQ_A5443336A0DA,5,29790.0,v0.1
INS_1EDAED3483E1,REQ_98401D1FA462,6,1800.0,v0.1
INS_1EDAED3483E1,REQ_0F27753A3802,7,30000.0,v0.1
INS_1EDAED3483E1,REQ_A59E122D5C05,8,5000.0,v0.1
INS_1EDAED3483E1,REQ_B4413A1F35BD,9,2990.0,v0.1
INS_1EDAED3483E1,REQ_951A0A1B5690,10,2350.0,v0.1
INS_1EDAED3483E1,REQ_BEB6C0FE7157,11,690.0,v0.1
INS_1EDAED3483E1,REQ_A52EA8EC4495,12,30000.0,v0.1
INS_7355E63DEA23,REQ_61A03E475E2D,0,2860.0,v0.1
INS_7355E63DEA23,REQ_50C3A30E9544,1,3400.0,v0.1
INS_7355E63DEA23,REQ_45B1B05E1350,2,1850.0,v0.1
INS_7355E63DEA23,REQ_31D57124716C,3,13210.0,v0.1
INS_7355E63DEA23,REQ_D1734757E9E6,4,280.0,v0.1
INS_7355E63DEA23,REQ_A8B3AEBA9B37,5,240.0,v0.1
INS_7355E63DEA23,REQ_2F2BCF78B83E,6,1350.0,v0.1
INS_7355E63DEA23,REQ_1BE93C217713,7,3720.0,v0.1
INS_7355E63DEA23,REQ_AAC427DF48ED,8,25750.0,v0.1
INS_7355E63DEA23,REQ_1AE5A76346ED,9,8810.0,v0.1
INS_7355E63DEA23,REQ_C4E7AD334AB9,10,5450.0,v0.1
INS_7355E63DEA23,REQ_164F45892548,11,1560.0,v0.1
INS_7355E63DEA23,REQ_56B7FD5A2903,12,1120.0,v0.1
INS_7355E63DEA23,REQ_B768B32AD427,13,80.0,v0.1
INS_7355E63DEA23,REQ_DCC51BDC04BB,14,1930.0,v0.1
INS_7355E63DEA23,REQ_47F4532C4A96,15,30000.0,v0.1
INS_9DD865CB0B12,REQ_7EF26568C4A9,0,9720.0,v0.1
INS_9DD865CB0B12,REQ_027BC783FD18,1,6810.0,v0.1
INS_9DD865CB0B12,REQ_08AB3FC7783C,2,490.0,v0.1
INS_9DD865CB0B12,REQ_CAEEB322FBC6,3,4150.0,v0.1
INS_9DD865CB0B12,REQ_37C446EB7E31,4,1990.0,v0.1
INS_9DD865CB0B12,REQ_AF029C7B71D5,5,4400.0,v0.1
INS_9DD865CB0B12,REQ_C6C6EA844BB9,6,200.0,v0.1
INS_9DD865CB0B12,REQ_D68741D7C464,7,100.0,v0.1
INS_9DD865CB0B12,REQ_D1928C72A8CE,8,9600.0,v0.1
INS_9DD865CB0B12,REQ_1099A2634C74,9,3120.0,v0.1
INS_78D6781C7FC2,REQ_6CD4ED03A44D,0,2100.0,v0.1
INS_78D6781C7FC2,REQ_A59E122D5C05,1,5000.0,v0.1
INS_78D6781C7FC2,REQ_0D1E3A6260F4,2,600.0,v0.1
INS_78D6781C7FC2,REQ_DA39C335CF46,3,140.0,v0.1
INS_78D6781C7FC2,REQ_51AF869E0C15,4,80.0,v0.1
INS_78D6781C7FC2,REQ_92C0259A7690,5,3050.0,v0.1
INS_78D6781C7FC2,REQ_C30882FEAF2A,6,3550.0,v0.1
INS_78D6781C7FC2,REQ_7D8D8E06169D,7,30000.0,v0.1
INS_78D6781C7FC2,REQ_B9E5C7B5725F,8,840.0,v0.1
INS_1D2ECFCA6D9B,REQ_017C470AA3A8,0,23290.0,v0.1
INS_1D2ECFCA6D9B,REQ_7ACA61B92264,1,30000.0,v0.1
INS_1D2ECFCA6D9B,REQ_A5D28B4268A4,2,22390.0,v0.1
INS_1D2ECFCA6D9B,REQ_BECC0F673CF0,3,30000.0,v0.1
INS_1D2ECFCA6D9B,REQ_30D74561922C,4,1200.0,v0.1
INS_1D2ECFCA6D9B,REQ_B1607214C86B,5,25020.0,v0.1
INS_1D2ECFCA6D9B,REQ_276C4C80BC87,6,229.99999999999997,v0.1
INS_1D2ECFCA6D9B,REQ_8B3F4CDA29CF,7,24420.0,v0.1
INS_4C8FA4775F92,REQ_1516B5B055CD,0,700.0,v0.1
INS_4C8FA4775F92,REQ_FF3A4F60DBC1,1,29320.0,v0.1
INS_4C8FA4775F92,REQ_27E109437943,2,20570.0,v0.1
INS_4C8FA4775F92,REQ_F5EEF0156560,3,410.0,v0.1
INS_4C8FA4775F92,REQ_F844496D64D1,4,23930.0,v0.1
INS_4C8FA4775F92,REQ_149C23D97F75,5,30000.0,v0.1
INS_4C8FA4775F92,REQ_AB76EA88470A,6,1530.0,v0.1
INS_4C8FA4775F92,REQ_0A695B8D8FD1,7,3750.0,v0.1
INS_4C8FA4775F92,REQ_6012BA37E9BC,8,27740.0,v0.1
INS_4C8FA4775F92,REQ_563D190C8909,9,920.0,v0.1
INS_4C8FA4775F92,REQ_48D36A98A645,10,5450.0,v0.1
INS_4C8FA4775F92,REQ_F7B83F3F6B01,11,22130.0,v0.1
INS_4C8FA4775F92,REQ_68FEBDA93E2B,12,13090.0,v0.1
INS_4C8FA4775F92,REQ_79D54D51BF00,13,1350.0,v0.1
INS_4C8FA4775F92,REQ_4C3DF94C2DAF,14,190.0,v0.1
INS_4C8FA4775F92,REQ_E6011102DD02,15,2750.0,v0.1
INS_4C8FA4775F92,REQ_B55F5CA59442,16,2300.0,v0.1
INS_61A7BE5744E0,REQ_6EC658F5D595,0,4500.0,v0.1
INS_61A7BE5744E0,REQ_2EE8DD3E44CC,1,12720.0,v0.1
INS_61A7BE5744E0,REQ_FBA697271B23,2,1000.0,v0.1
INS_61A7BE5744E0,REQ_3BD515FD172E,3,960.0,v0.1
INS_61A7BE5744E0,REQ_8A2A4090EB2B,4,580.0,v0.1
INS_61A7BE5744E0,REQ_B323B2EA31C2,5,550.0,v0.1
INS_61A7BE5744E0,REQ_E205693C57A0,6,30000.0,v0.1
INS_61A7BE5744E0,REQ_8FAD4FA4CF24,7,400.0,v0.1
INS_61A7BE5744E0,REQ_0EF41116C082,8,2200.0,v0.1
INS_61A7BE5744E0,REQ_652B5C74F337,9,27250.0,v0.1
INS_61A7BE5744E0,REQ_40A0927B72A2,10,3190.0,v0.1
INS_61A7BE5744E0,REQ_249E6AE9B923,11,2640.0,v0.1
INS_61A7BE5744E0,REQ_0C8F74CBB161,12,6510.0,v0.1
INS_61A7BE5744E0,REQ_DCFC6B12CBD6,13,720.0,v0.1
INS_EFF69BC83E64,REQ_7C8F5CAFE1A1,0,1060.0,v0.1
INS_EFF69BC83E64,REQ_70A8700A6E03,1,3090.0,v0.1
INS_EFF69BC83E64,REQ_09E661F4EA9F,2,1500.0,v0.1
INS_EFF69BC83E64,REQ_C23599EBE003,3,80.0,v0.1
INS_EFF69BC83E64,REQ_3D12E63FF5EC,4,2240.0,v0.1
INS_EFF69BC83E64,REQ_3AB74080E616,5,30000.0,v0.1
INS_EFF69BC83E64,REQ_8A66F8E2A50E,6,1790.0,v0.1
INS_EFF69BC83E64,REQ_88DCFAEA98E4,7,30000.0,v0.1
INS_EFF69BC83E64,REQ_5266D6F09B96,8,12370.0,v0.1
INS_EFF69BC83E64,REQ_BD9BDFA2B1FD,9,30000.0,v0.1
INS_EFF69BC83E64,REQ_D022682F2607,10,670.0,v0.1
INS_EFF69BC83E64,REQ_FAF6708257DB,11,9900.0,v0.1
INS_EFF69BC83E64,REQ_DC54CC42925D,12,1639.9999999999998,v0.1
INS_EFF69BC83E64,REQ_58993B7E1E27,13,25980.0,v0.1
INS_EFF69BC83E64,REQ_17DE9A2AE9AF,14,30000.0,v0.1
INS_EFF69BC83E64,REQ_5F90C05785D5,15,30000.0,v0.1
INS_EFF69BC83E64,REQ_E3DD0FB15365,16,580.0,v0.1
INS_EFF69BC83E64,REQ_405CF651ACBA,17,30000.0,v0.1
INS_9428AE2F319A,REQ_0717F7EC957D,0,28240.0,v0.1
INS_9428AE2F319A,REQ_209A4F27B526,1,30000.0,v0.1
INS_9428AE2F319A,REQ_41154DCF7E92,2,630.0,v0.1
INS_9428AE2F319A,REQ_FA5D1CBDAA38,3,30000.0,v0.1
INS_9428AE2F319A,REQ_3FB0B1A487E2,4,4400.0,v0.1
INS_9428AE2F319A,REQ_77919745B789,5,4070.0,v0.1
INS_9428AE2F319A,REQ_464A66BA1F65,6,30000.0,v0.1
INS_9428AE2F319A,REQ_FF2A75B5DAFE,7,30000.0,v0.1
INS_9428AE2F319A,REQ_519B08AAAD17,8,8920.0,v0.1
INS_9428AE2F319A,REQ_809691E45A83,9,16170.000000000002,v0.1
INS_9428AE2F319A,REQ_58B28C73054A,10,830.0,v0.1
INS_DED3A35F9D8C,REQ_2C179BC72BA8,0,22690.0,v0.1
INS_DED3A35F9D8C,REQ_708B5A5D5C22,1,1210.0,v0.1
INS_DED3A35F9D8C,REQ_8B27D90F9EE4,2,20860.0,v0.1
INS_DED3A35F9D8C,REQ_150A42335EAC,3,14640.0,v0.1
INS_DED3A35F9D8C,REQ_C07F2BCAF684,4,27440.0,v0.1
INS_DED3A35F9D8C,REQ_596239391EE5,5,1720.0,v0.1
INS_DED3A35F9D8C,REQ_DDD5F486F9EA,6,25970.0,v0.1
INS_DED3A35F9D8C,REQ_C71F7D974E5B,7,27480.0,v0.1
INS_DED3A35F9D8C,REQ_2AEC55AAF780,8,880.0,v0.1
INS_DED3A35F9D8C,REQ_8E4E0ED93B16,9,770.0,v0.1
INS_DED3A35F9D8C,REQ_2045C8304F6C,10,30000.0,v0.1
INS_DED3A35F9D8C,REQ_78D10E8C4807,11,5060.0,v0.1
INS_DED3A35F9D8C,REQ_1E6409D092FB,12,320.0,v0.1
INS_DED3A35F9D8C,REQ_1844B18D00E1,13,1660.0000000000002,v0.1
INS_DED3A35F9D8C,REQ_0E81BD04C6DC,14,19240.0,v0.1
INS_DED3A35F9D8C,REQ_E66382F20142,15,8040.0,v0.1
INS_DED3A35F9D8C,REQ_33C2C612A12F,16,4300.0,v0.1
INS_DED3A35F9D8C,REQ_9362DA4FF829,17,30000.0,v0.1
INS_DED3A35F9D8C,REQ_4405EDEC3837,18,30000.0,v0.1
INS_DED3A35F9D8C,REQ_969DD40745D2,19,8840.0,v0.1
INS_DED3A35F9D8C,REQ_E5DF2F39319E,20,1140.0,v0.1
INS_DED3A35F9D8C,REQ_77DCCAB6157B,21,7580.0,v0.1
INS_DED3A35F9D8C,REQ_AB876C096C9E,22,990.0,v0.1
INS_DED3A35F9D8C,REQ_9D3C60E292AA,23,9660.0,v0.1
INS_DED3A35F9D8C,REQ_98876F339FEF,24,8400.0,v0.1
INS_DED3A35F9D8C,REQ_B8B23206C8F3,25,29770.0,v0.1
INS_DED3A35F9D8C,REQ_AC9172A4F424,26,8750.0,v0.1
INS_DED3A35F9D8C,REQ_CC67F1804610,27,1600.0,v0.1
INS_DED3A35F9D8C,REQ_F60A7CCE4F34,28,9930.0,v0.1
INS_DED3A35F9D8C,REQ_2808C3B2ECDE,29,550.0,v0.1
INS_DED3A35F9D8C,REQ_BE457C8BA936,30,480.0,v0.1
INS_DED3A35F9D8C,REQ_95DD957F9D9B,31,27750.0,v0.1
INS_DED3A35F9D8C,REQ_7CC86299D9BD,32,6540.0,v0.1
INS_DED3A35F9D8C,REQ_95CDB6A1DEC5,33,30000.0,v0.1
INS_DED3A35F9D8C,REQ_619FAFCDA569,34,16960.0,v0.1
INS_DED3A35F9D8C,REQ_9417A982DC8B,35,30000.0,v0.1
INS_DED3A35F9D8C,REQ_93EB95D3BF37,36,19010.0,v0.1
INS_DED3A35F9D8C,REQ_1536A79B1A40,37,17760.0,v0.1
INS_DED3A35F9D8C,REQ_DF62D2DB35DC,38,30000.0,v0.1
INS_DED3A35F9D8C,REQ_5DB4AE3A49C3,39,8890.0,v0.1
INS_DED3A35F9D8C,REQ_CAF0B69DAA90,40,30000.0,v0.1
INS_DED3A35F9D8C,REQ_13268E9B1808,41,28590.0,v0.1
INS_DED3A35F9D8C,REQ_98F9B05BE909,42,30000.0,v0.1
INS_DED3A35F9D8C,REQ_4FF9A82F1E2D,43,409.99999999999994,v0.1
INS_360B8D9D67A2,REQ_A3953CCBFAFE,0,2000.0,v0.1
INS_360B8D9D67A2,REQ_91917D8AF61B,1,1400.0,v0.1
INS_360B8D9D67A2,REQ_2CCCC86E86F7,2,17030.0,v0.1
INS_360B8D9D67A2,REQ_CF5D6C715FB7,3,2600.0,v0.1
INS_360B8D9D67A2,REQ_9A2BFD69D064,4,27550.0,v0.1
INS_360B8D9D67A2,REQ_F55AB1F845B0,5,500.0,v0.1
INS_360B8D9D67A2,REQ_35721FBF7932,6,16920.0,v0.1
INS_360B8D9D67A2,REQ_D59440709459,7,9670.0,v0.1
INS_BE71888315ED,REQ_7CF9F5A90A05,0,14280.0,v0.1
INS_BE71888315ED,REQ_1FF03DAE2839,1,30000.0,v0.1
INS_BE71888315ED,REQ_05284FE85B1C,2,25360.0,v0.1
INS_BE71888315ED,REQ_546A19D960B0,3,30000.0,v0.1
INS_BE71888315ED,REQ_EDCDD411CC74,4,30000.0,v0.1
INS_BE71888315ED,REQ_5397DF010582,5,30000.0,v0.1
INS_BE71888315ED,REQ_CBE58178588E,6,10570.0,v0.1
INS_BE71888315ED,REQ_D6A702805405,7,13950.0,v0.1
INS_BE71888315ED,REQ_D83381E9970B,8,30000.0,v0.1
INS_BE71888315ED,REQ_3EEBB86092EC,9,30000.0,v0.1
INS_BE71888315ED,REQ_57FD9283ECDD,10,13890.0,v0.1
INS_BE71888315ED,REQ_FDD057568520,11,30000.0,v0.1
INS_BE71888315ED,REQ_8F717200F89D,12,11430.0,v0.1
INS_BE71888315ED,REQ_811D4A5B9CC3,13,30000.0,v0.1
INS_BE71888315ED,REQ_A7BC46973A10,14,15700.0,v0.1
INS_4F5F91216BEF,REQ_9B77CD1AB8E5,0,459.99999999999994,v0.1
INS_4F5F91216BEF,REQ_D7740A4A2C6D,1,30000.0,v0.1
INS_4F5F91216BEF,REQ_E196B00DFE91,2,680.0,v0.1
INS_4F5F91216BEF,REQ_26E71F703D42,3,30000.0,v0.1
INS_4F5F91216BEF,REQ_B5AA40D3AF23,4,30000.0,v0.1
INS_4F5F91216BEF,REQ_07C35EE61467,5,440.00000000000006,v0.1
INS_4F5F91216BEF,REQ_FDA74E723FB4,6,17650.0,v0.1
INS_4F5F91216BEF,REQ_871FE5E985A5,7,1520.0,v0.1
INS_4F5F91216BEF,REQ_BFD24D937C26,8,22410.0,v0.1
INS_4F5F91216BEF,REQ_D8F277FF5A9E,9,480.0,v0.1
INS_4F5F91216BEF,REQ_FDEB217B8376,10,28790.0,v0.1
INS_4F5F91216BEF,REQ_670783D91137,11,4450.0,v0.1
INS_4F5F91216BEF,REQ_7B75D8990E98,12,1450.0,v0.1
INS_4F5F91216BEF,REQ_251F6F6C2AE2,13,1220.0,v0.1
INS_4F5F91216BEF,REQ_E7AAA68503E8,14,21800.0,v0.1
INS_4F5F91216BEF,REQ_348A77C04D81,15,21640.0,v0.1
INS_4F5F91216BEF,REQ_F8DAE5C0B4B6,16,30000.0,v0.1
INS_4F5F91216BEF,REQ_76D8501BE277,17,17740.0,v0.1
INS_4F5F91216BEF,REQ_A49711B59DEA,18,28560.0,v0.1
INS_4F5F91216BEF,REQ_67174D544507,19,8630.0,v0.1
INS_4F5F91216BEF,REQ_06B2445A56C7,20,1200.0,v0.1
INS_4F5F91216BEF,REQ_B5D2E1C452F2,21,1000.0,v0.1
INS_4F5F91216BEF,REQ_750A1E344951,22,2240.0,v0.1
INS_4F5F91216BEF,REQ_B3A72D25A0DC,23,20010.0,v0.1
INS_4F5F91216BEF,REQ_6FBA6E565D37,24,720.0,v0.1
INS_4F5F91216BEF,REQ_7CB4335A054D,25,2150.0,v0.1
INS_4F5F91216BEF,REQ_E1858CD3EA53,26,18040.0,v0.1
INS_4F5F91216BEF,REQ_8A068FC25E36,27,30000.0,v0.1
INS_4F5F91216BEF,REQ_17820BF88197,28,500.0,v0.1
INS_4F5F91216BEF,REQ_6563ED4C4A63,29,19650.0,v0.1
INS_2BDA5EC06ED4,REQ_DB42944C83C4,0,4930.0,v0.1
INS_2BDA5EC06ED4,REQ_21658A8EBBC8,1,1400.0,v0.1
INS_2BDA5EC06ED4,REQ_DC7C426A162E,2,840.0,v0.1
INS_2BDA5EC06ED4,REQ_3F34BB2C8792,3,260.0,v0.1
INS_2BDA5EC06ED4,REQ_683BF862349E,4,1100.0,v0.1
INS_2BDA5EC06ED4,REQ_DF983F7575E5,5,140.0,v0.1
INS_2BDA5EC06ED4,REQ_F92C623DB7B3,6,690.0,v0.1
INS_2BDA5EC06ED4,REQ_CE39BB356EED,7,29290.0,v0.1
INS_2BDA5EC06ED4,REQ_EFB04D709781,8,280.0,v0.1
INS_2BDA5EC06ED4,REQ_B503F6C6024F,9,23640.0,v0.1
INS_2BDA5EC06ED4,REQ_5AE19FCE4E2E,10,350.0,v0.1
INS_2BDA5EC06ED4,REQ_2390E5A12A9A,11,540.0,v0.1
INS_2BDA5EC06ED4,REQ_DDEF03A9D2BE,12,1540.0,v0.1
INS_2BDA5EC06ED4,REQ_7AF975463275,13,8000.0,v0.1
INS_0B3CC5677D4B,REQ_F95DBDA3EF1C,0,12270.0,v0.1
INS_0B3CC5677D4B,REQ_0FF330EFFCDE,1,30000.0,v0.1
INS_0B3CC5677D4B,REQ_2DE608A09823,2,1000.0,v0.1
INS_0B3CC5677D4B,REQ_E2B0C8FE4517,3,960.0,v0.1
INS_0B3CC5677D4B,REQ_14B591F1B921,4,1350.0,v0.1
INS_0B3CC5677D4B,REQ_C87FC417753F,5,30000.0,v0.1
INS_0B3CC5677D4B,REQ_78EBFB5E2B63,6,1980.0,v0.1
INS_0B3CC5677D4B,REQ_A1F0A335C16F,7,250.0,v0.1
INS_0B3CC5677D4B,REQ_312B0F75977C,8,4840.0,v0.1
INS_0B3CC5677D4B,REQ_16E535E2A062,9,1810.0,v0.1
INS_0B3CC5677D4B,REQ_AFF799C48D10,10,1130.0,v0.1
INS_0B3CC5677D4B,REQ_07284F4FF882,11,1120.0,v0.1
INS_0B3CC5677D4B,REQ_526D97DC8A8F,12,1070.0,v0.1
INS_0B3CC5677D4B,REQ_DD7EE5B3AD6A,13,740.0,v0.1
INS_0B3CC5677D4B,REQ_7FA429D9F89D,14,11080.0,v0.1
INS_0B3CC5677D4B,REQ_53FFCE60395A,15,520.0,v0.1
INS_0B3CC5677D4B,REQ_32D358D6B961,16,950.0,v0.1
INS_0B3CC5677D4B,REQ_E0B00DF90CD5,17,1050.0,v0.1
INS_0B3CC5677D4B,REQ_06D62A1B88FC,18,30000.0,v0.1
INS_0B3CC5677D4B,REQ_833D1232F3AF,19,2280.0,v0.1
INS_0B3CC5677D4B,REQ_0E7F2717E0E4,20,30000.0,v0.1
INS_0B3CC5677D4B,REQ_51FA3AD90825,21,30000.0,v0.1
INS_0B3CC5677D4B,REQ_FC0940077545,22,1040.0,v0.1
INS_0B3CC5677D4B,REQ_4BB01F893128,23,6830.0,v0.1
INS_0B3CC5677D4B,REQ_D57062EE3702,24,30000.0,v0.1
INS_0B3CC5677D4B,REQ_A93BB6C85C44,25,30000.0,v0.1
INS_0B3CC5677D4B,REQ_3B9B50B19166,26,650.0,v0.1
INS_0B3CC5677D4B,REQ_A648C415A127,27,7520.0,v0.1
INS_0B3CC5677D4B,REQ_4C69523414E0,28,360.0,v0.1
INS_0B3CC5677D4B,REQ_870767C84CB9,29,15880.0,v0.1
INS_0B3CC5677D4B,REQ_42E828F86B01,30,940.0,v0.1
INS_0B3CC5677D4B,REQ_D4176D6AA960,31,11460.0,v0.1
INS_0B3CC5677D4B,REQ_DF2ECA7431D7,32,6900.0,v0.1
INS_0B3CC5677D4B,REQ_E67CF03A7318,33,1620.0,v0.1
INS_0B3CC5677D4B,REQ_9A7158469A13,34,24220.0,v0.1
INS_0B3CC5677D4B,REQ_14E063528AE3,35,710.0,v0.1
INS_0B3CC5677D4B,REQ_F4F8D10706B9,36,2550.0,v0.1
INS_0B3CC5677D4B,REQ_D48EE4A053CF,37,340.0,v0.1
INS_0B3CC5677D4B,REQ_8244835C9746,38,12280.0,v0.1
INS_0B3CC5677D4B,REQ_424E3E752929,39,1240.0,v0.1
INS_0B3CC5677D4B,REQ_9DBC9B9E6432,40,680.0,v0.1
INS_0B3CC5677D4B,REQ_C07A9F5FDDEF,41,500.0,v0.1
INS_0B3CC5677D4B,REQ_41B94C1B4E55,42,2570.0,v0.1
INS_0B3CC5677D4B,REQ_6CE0C194FBA9,43,30000.0,v0.1
INS_0B3CC5677D4B,REQ_2EAD96D5AB19,44,21040.0,v0.1
INS_0B3CC5677D4B,REQ_61F0983241B1,45,800.0,v0.1
INS_0B3CC5677D4B,REQ_59D207C53A38,46,27230.0,v0.1
INS_0B3CC5677D4B,REQ_71179F6544DA,47,6970.0,v0.1
INS_0B3CC5677D4B,REQ_1142802A5EBA,48,890.0,v0.1
INS_0B3CC5677D4B,REQ_7BD1F48B28BA,49,350.0,v0.1
INS_1657AB007299,REQ_BB4F59A6F33A,0,650.0,v0.1
INS_1657AB007299,REQ_808F4698C8F3,1,1800.0,v0.1
INS_1657AB007299,REQ_CD21B47500E0,2,30000.0,v0.1
INS_1657AB007299,REQ_D294DDCBDDDD,3,6460.0,v0.1
INS_1657AB007299,REQ_955CCF8CB570,4,14500.0,v0.1
INS_1657AB007299,REQ_6938FF3C6D5C,5,9860.0,v0.1
INS_1657AB007299,REQ_BF45CF3AB158,6,14910.0,v0.1
INS_1657AB007299,REQ_91816EA845DE,7,4460.0,v0.1
INS_1657AB007299,REQ_F582D12C4093,8,5820.0,v0.1
INS_1657AB007299,REQ_3647B83D3716,9,7800.0,v0.1
INS_1657AB007299,REQ_725A89B39493,10,30000.0,v0.1
INS_1657AB007299,REQ_902174611483,11,610.0,v0.1
INS_D1CD3726DBEA,REQ_DA35C2759941,0,21025.0,v0.1
INS_D1CD3726DBEA,REQ_9A3BE6F0F5B2,1,30000.0,v0.1
INS_D1CD3726DBEA,REQ_B002EB99BBAD,2,1230.0,v0.1
INS_D1CD3726DBEA,REQ_4BC2281232C2,3,4880.0,v0.1
INS_D1CD3726DBEA,REQ_3D7CB60BF613,4,1050.0,v0.1
INS_D1CD3726DBEA,REQ_8660DC189AD6,5,710.0,v0.1
INS_D1CD3726DBEA,REQ_1A4FA8D357D9,6,880.0000000000001,v0.1
INS_D1CD3726DBEA,REQ_095230216686,7,650.0,v0.1
INS_D1CD3726DBEA,REQ_6F17BA899E90,8,7590.0,v0.1
INS_D1CD3726DBEA,REQ_3DE6B104B93B,9,110.00000000000001,v0.1
INS_D1CD3726DBEA,REQ_2538F0ABF620,10,3100.0,v0.1
INS_D1CD3726DBEA,REQ_96BCF7F4C36C,11,30000.0,v0.1
INS_D1CD3726DBEA,REQ_BC5F12978C3E,12,30000.0,v0.1
INS_D1CD3726DBEA,REQ_AAF9E4D718C2,13,1650.0,v0.1
INS_D1CD3726DBEA,REQ_F1BD02BCFF2E,14,450.0,v0.1
INS_D1CD3726DBEA,REQ_EB5AD490941D,15,400.0,v0.1
INS_D1CD3726DBEA,REQ_43FE9F929560,16,9520.0,v0.1
INS_D1CD3726DBEA,REQ_9720091D1AC6,17,30000.0,v0.1
INS_D1CD3726DBEA,REQ_C206BCFB5210,18,30000.0,v0.1
INS_D1CD3726DBEA,REQ_BDD6F93F9E94,19,850.0,v0.1
INS_D1CD3726DBEA,REQ_C08CF7889EDC,20,2400.0,v0.1
INS_D1CD3726DBEA,REQ_AB8698492410,21,1000.0,v0.1
INS_D1CD3726DBEA,REQ_54C9D727873A,22,17660.0,v0.1
INS_D1CD3726DBEA,REQ_4F45B30C7738,23,30000.0,v0.1
INS_D1CD3726DBEA,REQ_AD32DF424141,24,12010.0,v0.1
INS_D1CD3726DBEA,REQ_4606ED87A835,25,1110.0,v0.1
INS_D1CD3726DBEA,REQ_641E6B8F8809,26,30000.0,v0.1
INS_D1CD3726DBEA,REQ_D8D6AA6EB80E,27,260.0,v0.1
INS_D1CD3726DBEA,REQ_AE0219A13B47,28,1120.0,v0.1
INS_D1CD3726DBEA,REQ_7EE25FD01096,29,4500.0,v0.1
INS_D1CD3726DBEA,REQ_8061C6F88F7B,30,1000.0,v0.1
INS_D1CD3726DBEA,REQ_A386B9F889F9,31,7780.0,v0.1
INS_D1CD3726DBEA,REQ_B6F2C992643E,32,30000.0,v0.1
INS_D1CD3726DBEA,REQ_10066B432E57,33,11500.0,v0.1
INS_D1CD3726DBEA,REQ_5BA5B107A8BD,34,550.0,v0.1
INS_D1CD3726DBEA,REQ_AFF5DBE6478D,35,8050.000000000001,v0.1
INS_D1CD3726DBEA,REQ_07BCF18A9494,36,409.99999999999994,v0.1
INS_D1CD3726DBEA,REQ_6E906C5398D2,37,1160.0,v0.1
INS_D1CD3726DBEA,REQ_E02EF1C9C2FE,38,30000.0,v0.1
INS_D1CD3726DBEA,REQ_7F10F7079F66,39,16790.0,v0.1
INS_D1CD3726DBEA,REQ_BB97021B8045,40,500.0,v0.1
INS_D1CD3726DBEA,REQ_3CAE272E496E,41,30000.0,v0.1
INS_D1CD3726DBEA,REQ_847FE82EA7DF,42,30000.0,v0.1
INS_D1CD3726DBEA,REQ_5BF6AA0493D2,43,2050.0,v0.1
INS_D1CD3726DBEA,REQ_831BB694CAA3,44,250.0,v0.1
INS_D1CD3726DBEA,REQ_FA6B2DBF5AFB,45,180.0,v0.1
INS_D1CD3726DBEA,REQ_34935A24AE85,46,17800.0,v0.1
INS_D1CD3726DBEA,REQ_53F895841C13,47,710.0,v0.1
INS_D1CD3726DBEA,REQ_C8F0145054CE,48,210.0,v0.1
INS_D1CD3726DBEA,REQ_A9D6F65DD521,49,150.0,v0.1
INS_D1CD3726DBEA,REQ_96D25564980C,50,5330.0,v0.1
INS_D1CD3726DBEA,REQ_564A600D997C,51,950.0,v0.1
INS_D1CD3726DBEA,REQ_2C3F2AAEFE61,52,3820.0,v0.1
INS_D1CD3726DBEA,REQ_32D098F2C685,53,3700.0,v0.1
INS_D1CD3726DBEA,REQ_C4380D45B096,54,2170.0,v0.1
INS_D1CD3726DBEA,REQ_A4D3C7C36221,55,160.0,v0.1
INS_D1CD3726DBEA,REQ_CE2B495917DD,56,200.0,v0.1
INS_F7AAAC280F27,REQ_CD1E5E1CC666,0,29000.0,v0.1
INS_F7AAAC280F27,REQ_A1512B26B6C2,1,650.0,v0.1
INS_F7AAAC280F27,REQ_CC196668CF40,2,1700.0,v0.1
INS_F7AAAC280F27,REQ_F8C900859323,3,260.0,v0.1
INS_F7AAAC280F27,REQ_98D6B8C6CAED,4,840.0,v0.1
INS_F7AAAC280F27,REQ_016C70E7D369,5,20060.0,v0.1
INS_F7AAAC280F27,REQ_3672741DE321,6,1500.0,v0.1
INS_F7AAAC280F27,REQ_26D90CB272F3,7,1900.0,v0.1
INS_45CA52EDB0F0,REQ_7E2802EB586A,0,2900.0,v0.1
INS_45CA52EDB0F0,REQ_8539B76AF21B,1,210.0,v0.1
INS_45CA52EDB0F0,REQ_07EA4E92CD1D,2,8720.0,v0.1
INS_45CA52EDB0F0,REQ_85812E18A66E,3,2730.0,v0.1
INS_45CA52EDB0F0,REQ_5C51DC7595BE,4,2700.0,v0.1
INS_45CA52EDB0F0,REQ_8A598BEB88D9,5,30000.0,v0.1
INS_45CA52EDB0F0,REQ_2A847D4C605B,6,190.0,v0.1
INS_45CA52EDB0F0,REQ_7C72D30A448C,7,3100.0,v0.1
INS_45CA52EDB0F0,REQ_8F1865413DF5,8,6450.0,v0.1
INS_CFED6857C9A8,REQ_8741A342CA67,0,12120.0,v0.1
INS_CFED6857C9A8,REQ_7A3DF7AF6A09,1,30000.0,v0.1
INS_CFED6857C9A8,REQ_CF8F3070CB7B,2,490.0,v0.1
INS_CFED6857C9A8,REQ_1705D1A5AC49,3,11050.0,v0.1
INS_CFED6857C9A8,REQ_F1D4F84DBBAE,4,1760.0000000000002,v0.1
INS_CFED6857C9A8,REQ_F5DF69DFC24E,5,370.0,v0.1
INS_CFED6857C9A8,REQ_44B5626CC83D,6,2900.0,v0.1
INS_CFED6857C9A8,REQ_5CC317F825DF,7,160.0,v0.1
INS_CFED6857C9A8,REQ_ABD54DEBC2BC,8,14830.0,v0.1
INS_CFED6857C9A8,REQ_7563C15C8DBB,9,22320.0,v0.1
INS_CFED6857C9A8,REQ_465F8A1E6A68,10,12860.0,v0.1
INS_CFED6857C9A8,REQ_76386113DB71,11,22890.0,v0.1
INS_CFED6857C9A8,REQ_2007A68B865E,12,4000.0,v0.1
INS_CFED6857C9A8,REQ_2D467B736A22,13,30000.0,v0.1
INS_CFED6857C9A8,REQ_32342A3BA875,14,180.0,v0.1
INS_CFED6857C9A8,REQ_02D001AFF3B0,15,3100.0,v0.1
INS_CFED6857C9A8,REQ_32EEFFC4B2A6,16,390.0,v0.1
INS_CFED6857C9A8,REQ_E84D0736E166,17,26330.0,v0.1
INS_CFED6857C9A8,REQ_74C1CC9E1E5E,18,2700.0,v0.1
INS_CFED6857C9A8,REQ_D1B58C85FEC2,19,22380.0,v0.1
INS_CFED6857C9A8,REQ_A29738DE48CF,20,30000.0,v0.1
INS_CFED6857C9A8,REQ_66690A219E45,21,10450.0,v0.1
INS_CFED6857C9A8,REQ_725DD96063D7,22,5150.0,v0.1
INS_CFED6857C9A8,REQ_56DF0A8C24DA,23,670.0,v0.1
INS_CFED6857C9A8,REQ_539D08B806F2,24,470.0,v0.1
INS_CFED6857C9A8,REQ_0938FD678692,25,1900.0,v0.1
INS_CFED6857C9A8,REQ_9FDB97C8E276,26,30000.0,v0.1
INS_CFED6857C9A8,REQ_3C40B0573683,27,4410.0,v0.1
INS_CFED6857C9A8,REQ_CE08909F6F0A,28,220.0,v0.1
INS_CFED6857C9A8,REQ_50C531097452,29,6030.0,v0.1
INS_CFED6857C9A8,REQ_92278EA61130,30,1700.0,v0.1
INS_CFED6857C9A8,REQ_AD054544E83F,31,150.0,v0.1
INS_CFED6857C9A8,REQ_3DE50F20AA6A,32,2330.0,v0.1
INS_CFED6857C9A8,REQ_FF8411774A9D,33,960.0,v0.1
INS_CFED6857C9A8,REQ_70B209DEF811,34,409.99999999999994,v0.1
INS_CFED6857C9A8,REQ_816A39630F67,35,19840.0,v0.1
INS_CFED6857C9A8,REQ_66732104AFA4,36,30000.0,v0.1
INS_CFED6857C9A8,REQ_81E6611A6345,37,25790.0,v0.1
INS_CFED6857C9A8,REQ_710DD23A40E8,38,1100.0,v0.1
INS_CFED6857C9A8,REQ_DADA1D64AEBF,39,150.0,v0.1
INS_CFED6857C9A8,REQ_7ABA9DD9083D,40,210.0,v0.1
INS_CFED6857C9A8,REQ_0BDC8B714942,41,2660.0,v0.1
INS_CFED6857C9A8,REQ_992418F5AA47,42,9970.0,v0.1
INS_CFED6857C9A8,REQ_9AC09D9C02CC,43,1280.0,v0.1
INS_CFED6857C9A8,REQ_FC9594C96F15,44,7059.999999999999,v0.1
INS_8C59A271D10B,REQ_8B01CFDE8C9C,0,10620.0,v0.1
INS_8C59A271D10B,REQ_11075F6E529A,1,5110.0,v0.1
INS_8C59A271D10B,REQ_D399E841A122,2,5550.0,v0.1
INS_8C59A271D10B,REQ_F1E1BD7A9AB2,3,27680.0,v0.1
INS_8C59A271D10B,REQ_3106D9898765,4,630.0,v0.1
INS_8C59A271D10B,REQ_1DB9AD417FBF,5,620.0,v0.1
INS_8C59A271D10B,REQ_680762FBBC8A,6,5160.0,v0.1
INS_8C59A271D10B,REQ_B38C754A34BF,7,14130.0,v0.1
INS_8C59A271D10B,REQ_856F2F4A87A9,8,8080.0,v0.1
INS_8C59A271D10B,REQ_C2F229F10183,9,1700.0,v0.1
INS_8C59A271D10B,REQ_FD6D4BDE3416,10,12700.0,v0.1
INS_8C59A271D10B,REQ_711B42A3C6CB,11,5800.0,v0.1
INS_8C59A271D10B,REQ_72403F760F0A,12,8009.999999999999,v0.1
INS_BAC6DB2DC12F,REQ_9CD5FAAA1601,0,3760.0,v0.1
INS_BAC6DB2DC12F,REQ_42487C1897C5,1,30000.0,v0.1
INS_BAC6DB2DC12F,REQ_EB0B614EFAE0,2,900.0,v0.1
INS_BAC6DB2DC12F,REQ_E0DAA68D4B22,3,2660.0,v0.1
INS_BAC6DB2DC12F,REQ_1FF2F9719E8E,4,8700.0,v0.1
INS_BAC6DB2DC12F,REQ_598B562AE11F,5,30000.0,v0.1
INS_BAC6DB2DC12F,REQ_56B7FD5A2903,6,1120.0,v0.1
INS_BAC6DB2DC12F,REQ_8F5FBEEACA66,7,330.0,v0.1
INS_6392B5B9CED4,REQ_5ED604578578,0,4750.0,v0.1
INS_6392B5B9CED4,REQ_D6F1976FF642,1,4490.0,v0.1
INS_6392B5B9CED4,REQ_3383222AB8B2,2,30000.0,v0.1
INS_6392B5B9CED4,REQ_AE2333F644E5,3,30000.0,v0.1
INS_6392B5B9CED4,REQ_FC76114FA18F,4,1120.0,v0.1
INS_6392B5B9CED4,REQ_DD4570C67EB4,5,30000.0,v0.1
INS_6392B5B9CED4,REQ_9FA72F909B2F,6,5290.0,v0.1
INS_6392B5B9CED4,REQ_E1D2884790D8,7,2870.0,v0.1
INS_6392B5B9CED4,REQ_591999E48160,8,1540.0,v0.1
INS_6392B5B9CED4,REQ_6A538F6C3B60,9,16129.999999999998,v0.1
INS_6392B5B9CED4,REQ_C47304DA83ED,10,4230.0,v0.1
INS_6392B5B9CED4,REQ_BC58D1803A15,11,610.0,v0.1
INS_6392B5B9CED4,REQ_ED7BE70F6C43,12,30000.0,v0.1
INS_6392B5B9CED4,REQ_72110E88B416,13,30000.0,v0.1
INS_6392B5B9CED4,REQ_54F4B31DC0CE,14,4940.0,v0.1
INS_9A99C65C179E,REQ_225EB6476DDE,0,7400.0,v0.1
INS_9A99C65C179E,REQ_180E490E2CD8,1,30000.0,v0.1
INS_9A99C65C179E,REQ_8DA52EE77702,2,1770.0,v0.1
INS_9A99C65C179E,REQ_BE202AF93CDD,3,11200.0,v0.1
INS_9A99C65C179E,REQ_9FFFB31A11E1,4,30000.0,v0.1
INS_9A99C65C179E,REQ_AC842A9D7EF0,5,330.0,v0.1
INS_9A99C65C179E,REQ_F57BEA5CDD25,6,1830.0,v0.1
INS_9A99C65C179E,REQ_9B0054DC0B34,7,2740.0,v0.1
INS_9A99C65C179E,REQ_348A77C04D81,8,21640.0,v0.1
INS_9A99C65C179E,REQ_34DCB282BEF2,9,30000.0,v0.1
INS_9A99C65C179E,REQ_41A6605470AA,10,3000.0,v0.1
INS_9A99C65C179E,REQ_76D8501BE277,11,17740.0,v0.1
INS_9A99C65C179E,REQ_5FA334A7023A,12,1330.0,v0.1
INS_9A99C65C179E,REQ_D7C3B345E7C4,13,2650.0,v0.1
INS_9A99C65C179E,REQ_634AE78AD775,14,410.0,v0.1
INS_9A99C65C179E,REQ_B4D9AE220F50,15,22750.0,v0.1
INS_9A99C65C179E,REQ_8EF368867EF7,16,5230.0,v0.1
INS_9A99C65C179E,REQ_625B33BF8112,17,10530.0,v0.1
INS_9A99C65C179E,REQ_0C5038CF8355,18,1600.0,v0.1
INS_9A99C65C179E,REQ_E62B25A2D725,19,1300.0,v0.1
INS_9A99C65C179E,REQ_B5AA40D3AF23,20,30000.0,v0.1
INS_9A99C65C179E,REQ_D8F277FF5A9E,21,480.0,v0.1
INS_9A99C65C179E,REQ_D5C6DBBABF56,22,1100.0,v0.1
INS_9A99C65C179E,REQ_3E0227D036D8,23,400.0,v0.1
INS_9A99C65C179E,REQ_709968869BE6,24,450.0,v0.1
INS_9A99C65C179E,REQ_530448B852B6,25,1920.0,v0.1
INS_A333AC6449DB,REQ_BCC53C3FEC88,0,4570.0,v0.1
INS_A333AC6449DB,REQ_9C7D44469C3C,1,9250.0,v0.1
INS_A333AC6449DB,REQ_ACB73E463071,2,5560.0,v0.1
INS_A333AC6449DB,REQ_508565D0D257,3,30000.0,v0.1
INS_A333AC6449DB,REQ_48D36A98A645,4,5450.0,v0.1
INS_A333AC6449DB,REQ_5F057D5FCC98,5,30000.0,v0.1
INS_A333AC6449DB,REQ_DABAFADA37E2,6,30000.0,v0.1
INS_A333AC6449DB,REQ_3214F41E8166,7,7730.0,v0.1
INS_A333AC6449DB,REQ_7524D66E546D,8,12900.0,v0.1
INS_A333AC6449DB,REQ_EE4FDD9BED32,9,1939.9999999999998,v0.1
INS_A333AC6449DB,REQ_74BD644895D5,10,16840.0,v0.1
INS_A333AC6449DB,REQ_B24DE3002D1B,11,12460.0,v0.1
INS_8BB7311AD899,REQ_9A7158469A13,0,24220.0,v0.1
INS_8BB7311AD899,REQ_3B9B50B19166,1,650.0,v0.1
INS_8BB7311AD899,REQ_42FC7F58D08E,2,8990.0,v0.1
INS_8BB7311AD899,REQ_A648C415A127,3,7520.0,v0.1
INS_8BB7311AD899,REQ_74E337C89752,4,480.0,v0.1
INS_8BB7311AD899,REQ_41B94C1B4E55,5,2570.0,v0.1
INS_8BB7311AD899,REQ_68C2CBC3A388,6,3980.0,v0.1
INS_8BB7311AD899,REQ_7A1985B8855B,7,30000.0,v0.1
INS_8BB7311AD899,REQ_F684B79D7053,8,1030.0,v0.1
INS_8BB7311AD899,REQ_8DC528316C6A,9,730.0,v0.1
INS_8BB7311AD899,REQ_61F0983241B1,10,800.0,v0.1
INS_8BB7311AD899,REQ_84EC342A0ACE,11,650.0,v0.1
INS_8BB7311AD899,REQ_58C9FCBB98F4,12,13870.0,v0.1
INS_8BB7311AD899,REQ_547F0B03C863,13,560.0,v0.1
INS_8BB7311AD899,REQ_C87FC417753F,14,30000.0,v0.1
INS_8BB7311AD899,REQ_833D1232F3AF,15,2280.0,v0.1
INS_8BB7311AD899,REQ_F8C9B0E45890,16,22900.0,v0.1
INS_8BB7311AD899,REQ_A93BB6C85C44,17,30000.0,v0.1
INS_8BB7311AD899,REQ_06D62A1B88FC,18,30000.0,v0.1
INS_8BB7311AD899,REQ_3291B3F9B46C,19,4160.0,v0.1
INS_8BB7311AD899,REQ_870767C84CB9,20,15880.0,v0.1
INS_8BB7311AD899,REQ_5FE1A6FBD00E,21,680.0,v0.1
INS_8BB7311AD899,REQ_733521C1020B,22,30000.0,v0.1
INS_8BB7311AD899,REQ_312B0F75977C,23,4840.0,v0.1
INS_8BB7311AD899,REQ_F95DBDA3EF1C,24,12270.0,v0.1
INS_8BB7311AD899,REQ_8244835C9746,25,12280.0,v0.1
INS_8BB7311AD899,REQ_0CE0B2E3DEB1,26,30000.0,v0.1
INS_8BB7311AD899,REQ_A4C32F94783D,27,20640.0,v0.1
INS_8BB7311AD899,REQ_57C3BA5E78F5,28,1580.0,v0.1
INS_8BB7311AD899,REQ_2EAA8B6FEFAE,29,980.0,v0.1
INS_7639466D666E,REQ_1254E519D92A,0,1100.0,v0.1
INS_7639466D666E,REQ_68C2CBC3A388,1,3980.0,v0.1
INS_7639466D666E,REQ_C1917B2B3035,2,4500.0,v0.1
INS_7639466D666E,REQ_07284F4FF882,3,1120.0,v0.1
INS_7639466D666E,REQ_8DC528316C6A,4,730.0,v0.1
INS_7639466D666E,REQ_9DBC9B9E6432,5,680.0,v0.1
INS_7639466D666E,REQ_95E89AF71DC6,6,4330.0,v0.1
INS_7639466D666E,REQ_DF2ECA7431D7,7,6900.0,v0.1
INS_7639466D666E,REQ_7BD1F48B28BA,8,350.0,v0.1
INS_7639466D666E,REQ_74E337C89752,9,480.0,v0.1
INS_7639466D666E,REQ_9B3B4196A500,10,30000.0,v0.1
INS_7639466D666E,REQ_D4176D6AA960,11,11460.0,v0.1
INS_7639466D666E,REQ_59D207C53A38,12,27230.0,v0.1
INS_7639466D666E,REQ_58C9FCBB98F4,13,13870.0,v0.1
INS_7639466D666E,REQ_733521C1020B,14,30000.0,v0.1
INS_7639466D666E,REQ_FC0940077545,15,1040.0,v0.1
INS_7639466D666E,REQ_9CB3634FC490,16,4860.0,v0.1
INS_7639466D666E,REQ_92449E1C33C0,17,10370.0,v0.1
INS_F836E83B775F,REQ_34F079F2E10F,0,2160.0,v0.1
INS_F836E83B775F,REQ_849436F354CE,1,10870.0,v0.1
INS_F836E83B775F,REQ_9013A637B0E9,2,9230.0,v0.1
INS_F836E83B775F,REQ_6D4E0DB0DB6E,3,1140.0,v0.1
INS_F836E83B775F,REQ_638872DB20D0,4,1300.0,v0.1
INS_F836E83B775F,REQ_66BACBAC92C7,5,9680.0,v0.1
INS_F836E83B775F,REQ_00817616E7DA,6,340.0,v0.1
INS_F836E83B775F,REQ_D0FB69AF789B,7,1100.0,v0.1
INS_F836E83B775F,REQ_A265D2573C43,8,300.0,v0.1
INS_F836E83B775F,REQ_03F547274EEC,9,14830.0,v0.1
INS_F836E83B775F,REQ_27A0F91D222D,10,7120.0,v0.1
INS_F836E83B775F,REQ_23F458103E09,11,250.0,v0.1
INS_F836E83B775F,REQ_50CF6CAF2A48,12,10250.0,v0.1
INS_F836E83B775F,REQ_34C73DB34D57,13,30000.0,v0.1
INS_F836E83B775F,REQ_9889B090194A,14,14290.0,v0.1
INS_F836E83B775F,REQ_DC3703545022,15,2200.0,v0.1
INS_F836E83B775F,REQ_4F3235F7196A,16,3550.0,v0.1
INS_F836E83B775F,REQ_DBA6A9B392E1,17,2250.0,v0.1
INS_F836E83B775F,REQ_DE9203F1E1E3,18,800.0,v0.1
INS_F836E83B775F,REQ_E4F17E165827,19,2960.0,v0.1
INS_F836E83B775F,REQ_A68CC6E21E52,20,30000.0,v0.1
INS_F836E83B775F,REQ_910EC6093AE1,21,180.0,v0.1
INS_F836E83B775F,REQ_A4732EC8929B,22,300.0,v0.1
INS_F836E83B775F,REQ_6157A23065B9,23,140.0,v0.1
INS_F836E83B775F,REQ_0D4278B9357E,24,30000.0,v0.1
INS_F836E83B775F,REQ_8799A7D0F109,25,1689.9999999999998,v0.1
INS_F836E83B775F,REQ_C3376909AF9E,26,6550.0,v0.1
INS_F836E83B775F,REQ_7E1CE34E5D29,27,20140.0,v0.1
INS_F836E83B775F,REQ_5B8E166E7369,28,3650.0,v0.1
INS_F836E83B775F,REQ_E491ADD43D61,29,10940.0,v0.1
INS_F836E83B775F,REQ_1F0AA02A0D18,30,530.0,v0.1
INS_F836E83B775F,REQ_4CF8DC986F18,31,750.0,v0.1
INS_F836E83B775F,REQ_32B3ABEBBCCE,32,16430.0,v0.1
INS_F836E83B775F,REQ_8AF8F47EDD3D,33,8010.0,v0.1
INS_F836E83B775F,REQ_0D97909DBC31,34,10360.0,v0.1
INS_F836E83B775F,REQ_05EAA5C1ECC0,35,550.0,v0.1
INS_F836E83B775F,REQ_A9CBF04A83E0,36,240.0,v0.1
INS_27FC01E14EC4,REQ_637400B974C8,0,830.0000000000001,v0.1
INS_27FC01E14EC4,REQ_61B0630F5380,1,3120.0,v0.1
INS_27FC01E14EC4,REQ_FA5D1CBDAA38,2,30000.0,v0.1
INS_27FC01E14EC4,REQ_7B316AFDD3E4,3,1639.9999999999998,v0.1
INS_27FC01E14EC4,REQ_0401CA2F1CDA,4,30000.0,v0.1
INS_27FC01E14EC4,REQ_E435CEF3B666,5,17990.0,v0.1
INS_27FC01E14EC4,REQ_1375ECA47223,6,15760.0,v0.1
INS_27FC01E14EC4,REQ_6A96D812F6D3,7,1800.0,v0.1
INS_27FC01E14EC4,REQ_857C92D89DF1,8,30000.0,v0.1
INS_5BE26EC87B74,REQ_3F8D90E7B904,0,12900.0,v0.1
INS_5BE26EC87B74,REQ_1EE226D19579,1,11900.0,v0.1
INS_5BE26EC87B74,REQ_353659939B55,2,4170.0,v0.1
INS_5BE26EC87B74,REQ_E629FD0DAA0A,3,10650.0,v0.1
INS_12FA4469F056,REQ_F7A0BD1A70D0,0,80.0,v0.1
INS_12FA4469F056,REQ_9C55A54CDE05,1,11470.0,v0.1
INS_12FA4469F056,REQ_C9582520AF4D,2,11310.0,v0.1
INS_12FA4469F056,REQ_DBA7F2B075F9,3,500.0,v0.1
INS_12FA4469F056,REQ_3BC7431B9A8D,4,17580.0,v0.1
INS_12FA4469F056,REQ_91CEE2694F1A,5,10840.0,v0.1
INS_12FA4469F056,REQ_35CA3AE5E7BF,6,80.0,v0.1
INS_12FA4469F056,REQ_F97DA4525313,7,3070.0,v0.1
INS_12FA4469F056,REQ_C00AE3B8C27D,8,100.0,v0.1
INS_12FA4469F056,REQ_38E963CC47D7,9,250.0,v0.1
INS_12FA4469F056,REQ_EFCC8B683409,10,3860.0,v0.1
INS_12FA4469F056,REQ_0646E0F36E16,11,100.0,v0.1
INS_12FA4469F056,REQ_CA1B6AC467CA,12,30000.0,v0.1
INS_12FA4469F056,REQ_CF5329BBF730,13,8290.0,v0.1
INS_12FA4469F056,REQ_BE4ED3384901,14,3740.0,v0.1
INS_12FA4469F056,REQ_B377C7342703,15,15790.0,v0.1
INS_12FA4469F056,REQ_C6A50D47B1E0,16,5090.0,v0.1
INS_12FA4469F056,REQ_C22B9B97863D,17,6050.0,v0.1
INS_12FA4469F056,REQ_B23398652038,18,7725.0,v0.1
INS_C8138C610F4A,REQ_D99564175C5F,0,10660.0,v0.1
INS_C8138C610F4A,REQ_2DE608A09823,1,1000.0,v0.1
INS_C8138C610F4A,REQ_9EE89EB5C443,2,420.0,v0.1
INS_C8138C610F4A,REQ_57C3BA5E78F5,3,1580.0,v0.1
INS_C8138C610F4A,REQ_0DCDBC499A60,4,30000.0,v0.1
INS_C8138C610F4A,REQ_71179F6544DA,5,6970.0,v0.1
INS_C8138C610F4A,REQ_8057ECCD8F4D,6,7620.0,v0.1
INS_C8138C610F4A,REQ_892F6088E645,7,4520.0,v0.1
INS_C8138C610F4A,REQ_07284F4FF882,8,1120.0,v0.1
INS_C8138C610F4A,REQ_E7A869084F25,9,750.0,v0.1
INS_C8138C610F4A,REQ_733521C1020B,10,30000.0,v0.1
INS_C8138C610F4A,REQ_F95DBDA3EF1C,11,12270.0,v0.1
INS_C8138C610F4A,REQ_9CB3634FC490,12,4860.0,v0.1
INS_C8138C610F4A,REQ_D4176D6AA960,13,11460.0,v0.1
INS_C8138C610F4A,REQ_C1917B2B3035,14,4500.0,v0.1
INS_C8138C610F4A,REQ_4D95525527F1,15,22660.0,v0.1
INS_C8138C610F4A,REQ_F684B79D7053,16,1030.0,v0.1
INS_C8138C610F4A,REQ_BF759825DF46,17,300.0,v0.1
INS_C8138C610F4A,REQ_8244835C9746,18,12280.0,v0.1
INS_C8138C610F4A,REQ_388E5CA480ED,19,500.0,v0.1
INS_C8138C610F4A,REQ_DD7EE5B3AD6A,20,740.0,v0.1
INS_C8138C610F4A,REQ_42FC7F58D08E,21,8990.0,v0.1
INS_C8138C610F4A,REQ_61F0983241B1,22,800.0,v0.1
INS_C8138C610F4A,REQ_42E828F86B01,23,940.0,v0.1
INS_C8138C610F4A,REQ_547F0B03C863,24,560.0,v0.1
INS_C8138C610F4A,REQ_78EBFB5E2B63,25,1980.0,v0.1
INS_C8138C610F4A,REQ_53FFCE60395A,26,520.0,v0.1
INS_C8138C610F4A,REQ_67EFD11011CA,27,710.0,v0.1
INS_C8138C610F4A,REQ_ED5E9F5D5D93,28,450.0,v0.1
INS_C8138C610F4A,REQ_3B9B50B19166,29,650.0,v0.1
INS_C8138C610F4A,REQ_27649A1B76D3,30,869.9999999999999,v0.1
INS_C8138C610F4A,REQ_6797469E2000,31,300.0,v0.1
INS_C8138C610F4A,REQ_E67CF03A7318,32,1620.0,v0.1
INS_C8138C610F4A,REQ_FC0940077545,33,1040.0,v0.1
INS_C8138C610F4A,REQ_F7E8EF6C6B2E,34,450.0,v0.1
INS_00A8FE8FD3E6,REQ_14ECCC855EA4,0,11670.0,v0.1
INS_00A8FE8FD3E6,REQ_53B7620040FC,1,30000.0,v0.1
INS_00A8FE8FD3E6,REQ_15E3747B7B17,2,5190.0,v0.1
INS_00A8FE8FD3E6,REQ_25FF2DCD4212,3,6630.0,v0.1
INS_00A8FE8FD3E6,REQ_678F225CEF93,4,1240.0,v0.1
INS_00A8FE8FD3E6,REQ_F81CE7C05A7B,5,30000.0,v0.1
INS_00A8FE8FD3E6,REQ_A13E5DFF51DB,6,550.0,v0.1
INS_00A8FE8FD3E6,REQ_6BE0D9CF8C27,7,550.0,v0.1
INS_00A8FE8FD3E6,REQ_42E7C81CC724,8,24790.0,v0.1
INS_00A8FE8FD3E6,REQ_92278E5E9F25,9,30000.0,v0.1
INS_00A8FE8FD3E6,REQ_52179B1A592D,10,620.0,v0.1
INS_00A8FE8FD3E6,REQ_977A227D4228,11,5980.0,v0.1
INS_00A8FE8FD3E6,REQ_96030E9D1CDC,12,320.0,v0.1
INS_00A8FE8FD3E6,REQ_CAB9F0507829,13,500.0,v0.1
INS_00A8FE8FD3E6,REQ_1F92EAF954B8,14,270.0,v0.1
INS_00A8FE8FD3E6,REQ_63D709FF8D11,15,470.0,v0.1
INS_00A8FE8FD3E6,REQ_BE7CB7827620,16,4220.0,v0.1
INS_DAE22EF7312C,REQ_47735DA973C8,0,30000.0,v0.1
INS_DAE22EF7312C,REQ_9E5C89F1D442,1,16390.0,v0.1
INS_DAE22EF7312C,REQ_26F54D2BCABC,2,24970.0,v0.1
INS_DAE22EF7312C,REQ_8A70AD619656,3,15890.0,v0.1
INS_DAE22EF7312C,REQ_E9934C3FFD10,4,1300.0,v0.1
INS_DAE22EF7312C,REQ_A1F26F7AE05C,5,1050.0,v0.1
INS_DAE22EF7312C,REQ_F25C055E7576,6,500.0,v0.1
INS_DAE22EF7312C,REQ_1B018F042DE4,7,390.0,v0.1
INS_DAE22EF7312C,REQ_BD2AB4FD9304,8,1800.0,v0.1
INS_DAE22EF7312C,REQ_0332589CC7F1,9,30000.0,v0.1
INS_DAE22EF7312C,REQ_1375ECA47223,10,15760.0,v0.1
INS_DAE22EF7312C,REQ_BBAF350129D7,11,1050.0,v0.1
INS_DAE22EF7312C,REQ_9D6BBDA98C05,12,23090.0,v0.1
INS_DAE22EF7312C,REQ_B4059917BE86,13,4250.0,v0.1
INS_DAE22EF7312C,REQ_799B4CEF2F3C,14,1210.0,v0.1
INS_DAE22EF7312C,REQ_E28D055941F4,15,1190.0,v0.1
INS_DAE22EF7312C,REQ_82F6720C0B6F,16,10780.0,v0.1
INS_DAE22EF7312C,REQ_913586D52704,17,1350.0,v0.1
INS_DAE22EF7312C,REQ_9E068A24BF10,18,10110.0,v0.1
INS_DAE22EF7312C,REQ_8D6601E6E1D7,19,2810.0,v0.1
INS_DAE22EF7312C,REQ_78BB1C8FA367,20,2800.0,v0.1
INS_DAE22EF7312C,REQ_2A14826AC566,21,1100.0,v0.1
INS_DAE22EF7312C,REQ_2718C84A845D,22,1750.0,v0.1
INS_DAE22EF7312C,REQ_4E226E46BD15,23,6420.0,v0.1
INS_DAE22EF7312C,REQ_C2BD83278770,24,3010.0,v0.1
INS_DAE22EF7312C,REQ_76FA90B1BB8D,25,18730.0,v0.1
INS_DAE22EF7312C,REQ_84953845313F,26,30000.0,v0.1
INS_738B114BD89E,REQ_8616D1DFCF12,0,2070.0,v0.1
INS_738B114BD89E,REQ_9996C632F0DB,1,18940.0,v0.1
INS_738B114BD89E,REQ_EF7D7694D3CF,2,290.0,v0.1
INS_738B114BD89E,REQ_2467C338C29D,3,28310.0,v0.1
INS_738B114BD89E,REQ_5366AD7EA89D,4,250.0,v0.1
INS_738B114BD89E,REQ_E2431A3E2733,5,1250.0,v0.1
INS_738B114BD89E,REQ_2D2060EB710C,6,15930.0,v0.1
INS_738B114BD89E,REQ_36B1EF4EF7AD,7,30000.0,v0.1
INS_738B114BD89E,REQ_8CFFF9494335,8,1100.0,v0.1
INS_738B114BD89E,REQ_DD2BB99A8ACC,9,7400.0,v0.1
INS_738B114BD89E,REQ_44D8764223AA,10,30000.0,v0.1
INS_738B114BD89E,REQ_86E89ECA6A2E,11,280.0,v0.1
INS_738B114BD89E,REQ_B7C2F36D754D,12,250.0,v0.1
INS_738B114BD89E,REQ_9244511959E9,13,29170.0,v0.1
INS_738B114BD89E,REQ_31051F9D5147,14,7590.0,v0.1
INS_738B114BD89E,REQ_1E2C04032055,15,30000.0,v0.1
INS_738B114BD89E,REQ_EEA7909842A8,16,400.0,v0.1
INS_738B114BD89E,REQ_126D0FF6BD89,17,640.0,v0.1
INS_738B114BD89E,REQ_ED3FEF99F6DB,18,30000.0,v0.1
INS_738B114BD89E,REQ_2CA191175619,19,190.0,v0.1
INS_738B114BD89E,REQ_24E03D06BF1E,20,1630.0,v0.1
INS_738B114BD89E,REQ_13B27C41AADF,21,610.0,v0.1
INS_738B114BD89E,REQ_B22EBEE6526B,22,30000.0,v0.1
INS_738B114BD89E,REQ_5D050DC776D9,23,3790.0,v0.1
INS_738B114BD89E,REQ_3AD0423B3E77,24,13940.0,v0.1
INS_738B114BD89E,REQ_60871B3EF8FD,25,200.0,v0.1
INS_738B114BD89E,REQ_DA9001594022,26,160.0,v0.1
INS_738B114BD89E,REQ_642E228A08E4,27,13230.0,v0.1
INS_738B114BD89E,REQ_114B0B4A76CC,28,30000.0,v0.1
INS_738B114BD89E,REQ_DFFC9D55F101,29,27180.0,v0.1
INS_738B114BD89E,REQ_5455FE6BCC81,30,480.0,v0.1
INS_738B114BD89E,REQ_C54ECF171C38,31,30000.0,v0.1
INS_738B114BD89E,REQ_443E20FC97F7,32,25770.0,v0.1
INS_738B114BD89E,REQ_673F34C40032,33,30000.0,v0.1
INS_738B114BD89E,REQ_0D93DDAA6874,34,10050.0,v0.1
INS_738B114BD89E,REQ_3A1039C4A0F6,35,11340.0,v0.1
INS_738B114BD89E,REQ_C5E285534B5F,36,1160.0,v0.1
INS_738B114BD89E,REQ_8F3BD89B8C29,37,19200.0,v0.1
INS_738B114BD89E,REQ_DE008BA6FDE1,38,620.0,v0.1
INS_738B114BD89E,REQ_6B7CA34C65E0,39,9650.0,v0.1
INS_738B114BD89E,REQ_96F0B1E40C1E,40,16760.0,v0.1
INS_738B114BD89E,REQ_78E5CC497448,41,250.0,v0.1
INS_738B114BD89E,REQ_0C8AD2C458A4,42,30000.0,v0.1
INS_738B114BD89E,REQ_EAB54B2D5229,43,19260.0,v0.1
INS_738B114BD89E,REQ_6A9672AD7F71,44,640.0,v0.1
INS_738B114BD89E,REQ_372BF2DC87F1,45,220.0,v0.1
INS_738B114BD89E,REQ_26DA107DD369,46,13900.0,v0.1
INS_738B114BD89E,REQ_D7E2523B4DD4,47,10840.0,v0.1
INS_738B114BD89E,REQ_94530EDC1579,48,3600.0,v0.1
INS_738B114BD89E,REQ_BAE27EAEC29B,49,2150.0,v0.1
INS_738B114BD89E,REQ_E50005BD9BB2,50,80.0,v0.1
INS_738B114BD89E,REQ_8C4797CDE380,51,260.0,v0.1
INS_738B114BD89E,REQ_9D76D05E7223,52,30000.0,v0.1
INS_738B114BD89E,REQ_958305EC72C9,53,9780.0,v0.1
INS_738B114BD89E,REQ_E982EDE70AEE,54,370.0,v0.1
INS_738B114BD89E,REQ_4307B8714003,55,5750.0,v0.1
INS_738B114BD89E,REQ_CAFFBA9F3F97,56,14440.0,v0.1
INS_738B114BD89E,REQ_B16C86A5736F,57,1420.0,v0.1
INS_738B114BD89E,REQ_59169D1C42EB,58,600.0,v0.1
INS_738B114BD89E,REQ_322DC5B84E72,59,30000.0,v0.1
INS_3FF22B9AE9FD,REQ_D42A1DD1B1B3,0,4990.0,v0.1
INS_3FF22B9AE9FD,REQ_A1522B97F8C2,1,30000.0,v0.1
INS_3FF22B9AE9FD,REQ_0BF7A3446D4C,2,30000.0,v0.1
INS_3FF22B9AE9FD,REQ_01C5EF112911,3,30000.0,v0.1
INS_3FF22B9AE9FD,REQ_9782CE937EEA,4,30000.0,v0.1
INS_3FF22B9AE9FD,REQ_CBF27A2DAACD,5,800.0,v0.1
INS_3FF22B9AE9FD,REQ_80A0CD71E9AA,6,23250.0,v0.1
INS_3FF22B9AE9FD,REQ_7E0DB3DC29AA,7,30000.0,v0.1
INS_3FF22B9AE9FD,REQ_4D79D46DFF98,8,500.0,v0.1
INS_3FF22B9AE9FD,REQ_5C3C34C9A6CA,9,2100.0,v0.1
INS_3FF22B9AE9FD,REQ_61FA8FE9D26B,10,30000.0,v0.1
INS_3FF22B9AE9FD,REQ_9CBAB0D00B27,11,30000.0,v0.1
INS_3FF22B9AE9FD,REQ_43BCEA4CB100,12,30000.0,v0.1
INS_3FF22B9AE9FD,REQ_AC8C79DC23AC,13,30000.0,v0.1
INS_3FF22B9AE9FD,REQ_EF4A623B7DD8,14,30000.0,v0.1
INS_E0BFAB5E79BE,REQ_E217EB45503F,0,8680.0,v0.1
INS_E0BFAB5E79BE,REQ_BEB9D01BA9C9,1,20660.0,v0.1
INS_E0BFAB5E79BE,REQ_2EEC5049312D,2,30000.0,v0.1
INS_E0BFAB5E79BE,REQ_E53FD2528DEA,3,24560.0,v0.1
INS_E0BFAB5E79BE,REQ_7A0C31E994B8,4,2180.0,v0.1
INS_E0BFAB5E79BE,REQ_CA1B6C65ADBD,5,16320.0,v0.1
INS_E0BFAB5E79BE,REQ_A19DED5675AC,6,19330.0,v0.1
INS_E0BFAB5E79BE,REQ_D6EE8B112D34,7,480.0,v0.1
INS_E0BFAB5E79BE,REQ_B4A24CC53D96,8,700.0,v0.1
INS_E0BFAB5E79BE,REQ_EA1C9C10956D,9,11020.0,v0.1
INS_E0BFAB5E79BE,REQ_48C5942ECA06,10,400.0,v0.1
INS_E0BFAB5E79BE,REQ_0A1296C7A7EF,11,2630.0,v0.1
INS_E0BFAB5E79BE,REQ_EEC57104CF09,12,409.99999999999994,v0.1
INS_E0BFAB5E79BE,REQ_3C57D958700D,13,30000.0,v0.1
INS_E0BFAB5E79BE,REQ_1705ED0794C4,14,30000.0,v0.1
INS_E0BFAB5E79BE,REQ_5D88AAD1F833,15,5680.0,v0.1
INS_E0BFAB5E79BE,REQ_E1F9AFE83265,16,18680.0,v0.1
INS_E0BFAB5E79BE,REQ_178320B0E9FF,17,409.99999999999994,v0.1
INS_E0BFAB5E79BE,REQ_ED6C7A607E06,18,4920.0,v0.1
INS_E0BFAB5E79BE,REQ_7A493380D58A,19,10040.0,v0.1
INS_E0BFAB5E79BE,REQ_BF8630911444,20,2190.0,v0.1
INS_E0BFAB5E79BE,REQ_98B800A70340,21,1320.0,v0.1
INS_E0BFAB5E79BE,REQ_2653E2CE72CA,22,9710.0,v0.1
INS_E0BFAB5E79BE,REQ_9E3FD0D49839,23,9810.0,v0.1
INS_E0BFAB5E79BE,REQ_5A26611C288D,24,780.0,v0.1
INS_E0BFAB5E79BE,REQ_B6B0E8692E1D,25,1150.0,v0.1
INS_E0BFAB5E79BE,REQ_25495EC8E8CF,26,480.0,v0.1
INS_E0BFAB5E79BE,REQ_D0673C6E1093,27,17080.0,v0.1
INS_E0BFAB5E79BE,REQ_41632751CE21,28,459.99999999999994,v0.1
INS_E0BFAB5E79BE,REQ_982FD1E199B4,29,10620.0,v0.1
INS_E0BFAB5E79BE,REQ_9826A954B6FE,30,5460.0,v0.1
INS_E0BFAB5E79BE,REQ_176F1661EE8F,31,9050.0,v0.1
INS_E0BFAB5E79BE,REQ_39D6CBE53DEC,32,30000.0,v0.1
INS_E0BFAB5E79BE,REQ_A7D52D5D40B5,33,1050.0,v0.1
INS_E0BFAB5E79BE,REQ_BABDDF02806C,34,280.0,v0.1
INS_E0BFAB5E79BE,REQ_8C5A7B697C28,35,30000.0,v0.1
INS_E0BFAB5E79BE,REQ_AC865A8B2DAF,36,3690.0,v0.1
INS_E0BFAB5E79BE,REQ_4FE2F0DFAE90,37,4480.0,v0.1
INS_E0BFAB5E79BE,REQ_166E0CF5130F,38,4510.0,v0.1
INS_E0BFAB5E79BE,REQ_1FABAA52BEB3,39,3940.0,v0.1
INS_E0BFAB5E79BE,REQ_330ACE1EE88D,40,30000.0,v0.1
INS_CC3FA30F1367,REQ_FBD1A875876E,0,830.0000000000001,v0.1
INS_CC3FA30F1367,REQ_83825C7424CF,1,3710.0,v0.1
INS_CC3FA30F1367,REQ_F98D43DCE127,2,1900.0,v0.1
INS_CC3FA30F1367,REQ_2A4818989E49,3,690.0,v0.1
INS_CC3FA30F1367,REQ_84F8D4923DD0,4,30000.0,v0.1
INS_CC3FA30F1367,REQ_D311F489F056,5,800.0,v0.1
INS_CC3FA30F1367,REQ_C2DF5209FB70,6,30000.0,v0.1
INS_CC3FA30F1367,REQ_8A068FC25E36,7,30000.0,v0.1
INS_CC3FA30F1367,REQ_26E71F703D42,8,30000.0,v0.1
INS_CC3FA30F1367,REQ_251F6F6C2AE2,9,1220.0,v0.1
INS_CC3FA30F1367,REQ_64B0A691F3D8,10,30000.0,v0.1
INS_CC3FA30F1367,REQ_76200E7A923C,11,5950.0,v0.1
INS_CC3FA30F1367,REQ_35AD01631AC2,12,9410.0,v0.1
INS_2F32AF45BF44,REQ_F84E42E4B7E4,0,10940.0,v0.1
INS_2F32AF45BF44,REQ_D5D3AEA235EB,1,11010.0,v0.1
INS_2F32AF45BF44,REQ_5A7106697007,2,1860.0,v0.1
INS_2F32AF45BF44,REQ_954FA3A2B89F,3,3479.9999999999995,v0.1
INS_2F32AF45BF44,REQ_258C399EA57A,4,390.0,v0.1
INS_2F32AF45BF44,REQ_172FBE52E970,5,16460.0,v0.1
INS_2F32AF45BF44,REQ_FD4775EB56F4,6,30000.0,v0.1
INS_2F32AF45BF44,REQ_A31634C93EAB,7,30000.0,v0.1
INS_D37A8B3D9ABC,REQ_C46EB55C3863,0,30000.0,v0.1
INS_D37A8B3D9ABC,REQ_A59E122D5C05,1,5000.0,v0.1
INS_D37A8B3D9ABC,REQ_0F5C9677B1D9,2,30000.0,v0.1
INS_D37A8B3D9ABC,REQ_E34FE875170F,3,500.0,v0.1
INS_D37A8B3D9ABC,REQ_2FE12C476DDA,4,13740.0,v0.1
INS_D37A8B3D9ABC,REQ_92F0F9ACC47C,5,760.0,v0.1
INS_D37A8B3D9ABC,REQ_27243A3A241A,6,30000.0,v0.1
INS_D37A8B3D9ABC,REQ_E8FB24254713,7,3710.0,v0.1
INS_D37A8B3D9ABC,REQ_51AF869E0C15,8,80.0,v0.1
INS_D37A8B3D9ABC,REQ_4508536AC8AE,9,2320.0,v0.1
INS_D37A8B3D9ABC,REQ_69AF365D0940,10,3860.0,v0.1
INS_D37A8B3D9ABC,REQ_07A4FCDDBCA7,11,490.00000000000006,v0.1
INS_D37A8B3D9ABC,REQ_E719922852C7,12,10490.0,v0.1
INS_D37A8B3D9ABC,REQ_7D8D8E06169D,13,30000.0,v0.1
INS_D37A8B3D9ABC,REQ_56FF26936F69,14,7750.0,v0.1
INS_D37A8B3D9ABC,REQ_951A0A1B5690,15,2350.0,v0.1
INS_D37A8B3D9ABC,REQ_7124A11F9AC9,16,3790.0,v0.1
INS_D37A8B3D9ABC,REQ_41DE3F2E79C7,17,30000.0,v0.1
INS_D37A8B3D9ABC,REQ_F63608028F7A,18,1040.0,v0.1
INS_D37A8B3D9ABC,REQ_A7560B36DB5F,19,5420.0,v0.1
INS_D37A8B3D9ABC,REQ_A4830DDA5DCD,20,6200.0,v0.1
INS_D37A8B3D9ABC,REQ_C97EC54616FE,21,30000.0,v0.1
INS_52467D98E64C,REQ_4317DAE87407,0,900.0,v0.1
INS_52467D98E64C,REQ_EC5FD6CBAD93,1,24600.0,v0.1
INS_52467D98E64C,REQ_714FB9019218,2,700.0,v0.1
INS_52467D98E64C,REQ_B39081DAC108,3,340.0,v0.1
INS_52467D98E64C,REQ_DE018F0B7AE1,4,8710.0,v0.1
INS_52467D98E64C,REQ_CB6D1A3F54BB,5,1020.0,v0.1
INS_52467D98E64C,REQ_C2989DBF746F,6,2230.0,v0.1
INS_52467D98E64C,REQ_E1964CAA21FA,7,2500.0,v0.1
INS_52467D98E64C,REQ_1ACEF7606605,8,10020.0,v0.1
INS_BC64B790D965,REQ_A9444A9F8868,0,1300.0,v0.1
INS_BC64B790D965,REQ_F9D0E96E4FAC,1,11120.0,v0.1
INS_BC64B790D965,REQ_D02F3CF2C798,2,12230.0,v0.1
INS_BC64B790D965,REQ_0A4B5A6CBF51,3,1310.0,v0.1
INS_BC64B790D965,REQ_EC2E77B471A2,4,14360.0,v0.1
INS_BC64B790D965,REQ_D8883DD8EF5A,5,860.0,v0.1
INS_BC64B790D965,REQ_A420B54A81EA,6,30000.0,v0.1
INS_BC64B790D965,REQ_B2B85BB5FD49,7,30000.0,v0.1
INS_BC64B790D965,REQ_A09101A6882F,8,400.0,v0.1
INS_BC64B790D965,REQ_D89F81B7EAD9,9,30000.0,v0.1
INS_BC64B790D965,REQ_101D7733E79C,10,740.0,v0.1
INS_BC64B790D965,REQ_227B8C6A2063,11,30000.0,v0.1
INS_BC64B790D965,REQ_4DD8E2F6191D,12,30000.0,v0.1
INS_BC64B790D965,REQ_D48E9B87FC91,13,1700.0,v0.1
INS_BC64B790D965,REQ_D70451B25F53,14,17210.0,v0.1
INS_BC64B790D965,REQ_B72BC3D9FE15,15,3160.0,v0.1
INS_BC64B790D965,REQ_2658218CD89F,16,780.0,v0.1
INS_E090FD075F68,REQ_C4D22C0E3D71,0,30000.0,v0.1
INS_E090FD075F68,REQ_BDE33C3E57BE,1,1200.0,v0.1
INS_E090FD075F68,REQ_6D4773D6C17E,2,30000.0,v0.1
INS_E090FD075F68,REQ_A0FFD31F9BAB,3,1270.0,v0.1
INS_E090FD075F68,REQ_2354741B6A5C,4,830.0000000000001,v0.1
INS_E090FD075F68,REQ_145229B67590,5,8600.0,v0.1
INS_E090FD075F68,REQ_B05187FA8B63,6,2440.0,v0.1
INS_E090FD075F68,REQ_7B723FCFAEED,7,4680.0,v0.1
INS_E090FD075F68,REQ_FBC5F46F8060,8,400.0,v0.1
INS_E090FD075F68,REQ_BF48C34F6F45,9,1600.0,v0.1
INS_E090FD075F68,REQ_71C25F130605,10,30000.0,v0.1
INS_E090FD075F68,REQ_FB56E5D11EF1,11,30000.0,v0.1
INS_E090FD075F68,REQ_56BD1ECD85B3,12,760.0,v0.1
INS_E090FD075F68,REQ_83B23F5A4F2E,13,869.9999999999999,v0.1
INS_AF1C4208C250,REQ_6B152531701B,0,700.0,v0.1
INS_AF1C4208C250,REQ_3737168ACBCF,1,30000.0,v0.1
INS_AF1C4208C250,REQ_EECF0FCDEE5B,2,1500.0,v0.1
INS_AF1C4208C250,REQ_B1EB6FE44728,3,2170.0,v0.1
INS_AF1C4208C250,REQ_50921A6E6021,4,6180.0,v0.1
INS_AF1C4208C250,REQ_00989F6633E0,5,9110.0,v0.1
INS_AF1C4208C250,REQ_A845EF26A99E,6,26220.0,v0.1
INS_AF1C4208C250,REQ_42572774EF72,7,15860.0,v0.1
INS_AF1C4208C250,REQ_FA38A998EF62,8,300.0,v0.1
INS_AF1C4208C250,REQ_29DF565E61A4,9,300.0,v0.1
INS_AF1C4208C250,REQ_1C320BCF9F19,10,100.0,v0.1
INS_AF1C4208C250,REQ_1735DE316E61,11,4980.0,v0.1
INS_AF1C4208C250,REQ_C78D18DEB19F,12,500.0,v0.1
INS_7087916473C4,REQ_29D12DCAF42F,0,400.0,v0.1
INS_7087916473C4,REQ_06AB3427B157,1,660.0,v0.1
INS_7087916473C4,REQ_C08CF7889EDC,2,2400.0,v0.1
INS_7087916473C4,REQ_7F44F81315C9,3,1050.0,v0.1
INS_7087916473C4,REQ_CA5A6C68D153,4,30000.0,v0.1
INS_7087916473C4,REQ_30D2E10C503C,5,830.0,v0.1
INS_7087916473C4,REQ_A386B9F889F9,6,7780.0,v0.1
INS_7087916473C4,REQ_57CC5E51EC0E,7,6870.0,v0.1
INS_7087916473C4,REQ_E02EF1C9C2FE,8,30000.0,v0.1
INS_7087916473C4,REQ_E6BCF27A3CB5,9,11130.0,v0.1
INS_7087916473C4,REQ_434E71423967,10,30000.0,v0.1
INS_7087916473C4,REQ_E62ECCC14446,11,13490.0,v0.1
INS_7087916473C4,REQ_B6F2C992643E,12,30000.0,v0.1
INS_7087916473C4,REQ_8114F0082169,13,530.0,v0.1
INS_7087916473C4,REQ_798F5049BD59,14,360.0,v0.1
INS_7087916473C4,REQ_A707B317F644,15,3260.0,v0.1
INS_7087916473C4,REQ_96BCF7F4C36C,16,30000.0,v0.1
INS_7087916473C4,REQ_523C6DB58033,17,1050.0,v0.1
INS_7087916473C4,REQ_349488A3DE17,18,1590.0,v0.1
INS_7087916473C4,REQ_AFF5DBE6478D,19,8050.000000000001,v0.1
INS_7087916473C4,REQ_BDD6F93F9E94,20,850.0,v0.1
INS_7087916473C4,REQ_2A99F7A3039B,21,640.0,v0.1
INS_7087916473C4,REQ_95F237EB635C,22,420.0,v0.1
INS_7087916473C4,REQ_9720091D1AC6,23,30000.0,v0.1
INS_7087916473C4,REQ_F4CD865684DC,24,630.0,v0.1
INS_7087916473C4,REQ_AAF9E4D718C2,25,1650.0,v0.1
INS_010D2F85DBBF,REQ_1FEEE8383058,0,6300.0,v0.1
INS_010D2F85DBBF,REQ_F382F14243B8,1,30000.0,v0.1
INS_010D2F85DBBF,REQ_92BD5019B39D,2,1630.0,v0.1
INS_010D2F85DBBF,REQ_73DE9AABB3A8,3,1760.0,v0.1
INS_010D2F85DBBF,REQ_6351D7EB42CC,4,16020.0,v0.1
INS_010D2F85DBBF,REQ_48F0F8492A0D,5,22270.0,v0.1
INS_010D2F85DBBF,REQ_08209EDBE027,6,13010.0,v0.1
INS_010D2F85DBBF,REQ_DB29CB996B3A,7,250.0,v0.1
INS_010D2F85DBBF,REQ_AB5570D3441A,8,1160.0,v0.1
INS_010D2F85DBBF,REQ_DC966C31B277,9,1040.0,v0.1
INS_AA2A7CEDB0B9,REQ_C59FC11F546C,0,9370.0,v0.1
INS_AA2A7CEDB0B9,REQ_39325D21097F,1,3120.0,v0.1
INS_AA2A7CEDB0B9,REQ_CE9E35967874,2,750.0,v0.1
INS_AA2A7CEDB0B9,REQ_565C93A44B03,3,17690.0,v0.1
INS_AA2A7CEDB0B9,REQ_5C7BBA766E42,4,1720.0,v0.1
INS_AA2A7CEDB0B9,REQ_5B1352C0AFF9,5,10810.0,v0.1
INS_AA2A7CEDB0B9,REQ_2296FD1181AC,6,700.0,v0.1
INS_AA2A7CEDB0B9,REQ_AFC9AC082573,7,3790.0,v0.1
INS_AA2A7CEDB0B9,REQ_39465A02995E,8,850.0,v0.1
INS_AA2A7CEDB0B9,REQ_A33A045761F6,9,30000.0,v0.1
INS_AA2A7CEDB0B9,REQ_576D0E2BC380,10,2990.0,v0.1
INS_AA2A7CEDB0B9,REQ_E5DD80F9DE44,11,770.0,v0.1
INS_AA2A7CEDB0B9,REQ_591D139D1739,12,5440.0,v0.1
INS_AA2A7CEDB0B9,REQ_A0B5823E4396,13,890.0,v0.1
INS_AA2A7CEDB0B9,REQ_3E328BC78D65,14,20680.0,v0.1
INS_AA2A7CEDB0B9,REQ_EF220E8E340E,15,750.0,v0.1
INS_90BA930FE31B,REQ_23F642F69C67,0,620.0,v0.1
INS_90BA930FE31B,REQ_14AC6715BFA5,1,2560.0,v0.1
INS_90BA930FE31B,REQ_364B0A3FF59A,2,450.0,v0.1
INS_90BA930FE31B,REQ_B76C0708F799,3,500.0,v0.1
INS_90BA930FE31B,REQ_74AE10F54C2D,4,1100.0,v0.1
INS_90BA930FE31B,REQ_5CD1428D6D4F,5,13830.0,v0.1
INS_90BA930FE31B,REQ_A1F5959A3A5E,6,9690.0,v0.1
INS_90BA930FE31B,REQ_589F7438EAA3,7,24080.0,v0.1
INS_90BA930FE31B,REQ_E384F8DDE739,8,23320.0,v0.1
INS_5456B8DC1D3C,REQ_66B440158875,0,4200.0,v0.1
INS_5456B8DC1D3C,REQ_EC7F8CE4804C,1,13630.0,v0.1
INS_5456B8DC1D3C,REQ_A3A65C66FDD6,2,2050.0,v0.1
INS_5456B8DC1D3C,REQ_1B0FEFBD7563,3,1900.0,v0.1
INS_5456B8DC1D3C,REQ_C59976F4939E,4,11840.0,v0.1
INS_5456B8DC1D3C,REQ_43C9A3FA4766,5,13880.000000000002,v0.1
INS_5456B8DC1D3C,REQ_528FC3312BC9,6,450.0,v0.1
INS_5456B8DC1D3C,REQ_4380899E18AE,7,300.0,v0.1
INS_5456B8DC1D3C,REQ_8BFDD8BCB472,8,3050.0,v0.1
INS_5456B8DC1D3C,REQ_8A83FE45E404,9,4390.0,v0.1
INS_5456B8DC1D3C,REQ_45BDA322D13F,10,870.0,v0.1
INS_5456B8DC1D3C,REQ_EA9EB4892D49,11,1270.0,v0.1
INS_5456B8DC1D3C,REQ_DE37D63DBB90,12,650.0,v0.1
INS_5456B8DC1D3C,REQ_839D4E55AB51,13,370.0,v0.1
INS_5456B8DC1D3C,REQ_E3B648F856A4,14,24320.0,v0.1
INS_5456B8DC1D3C,REQ_8E1C8AEB0B26,15,17970.0,v0.1
INS_5456B8DC1D3C,REQ_A2C77421F985,16,14280.0,v0.1
INS_5456B8DC1D3C,REQ_59C365B1B0F1,17,14700.0,v0.1
INS_5456B8DC1D3C,REQ_62174F85C67D,18,350.0,v0.1
INS_5456B8DC1D3C,REQ_B9681039FC4B,19,2060.0,v0.1
INS_5456B8DC1D3C,REQ_BDBC0EC319A6,20,650.0,v0.1
INS_5456B8DC1D3C,REQ_F82713BB2216,21,4110.0,v0.1
INS_5456B8DC1D3C,REQ_CC837AAB6572,22,5980.0,v0.1
INS_5456B8DC1D3C,REQ_C8D46885311A,23,15070.0,v0.1
INS_5456B8DC1D3C,REQ_EF6D44F36868,24,29470.0,v0.1
INS_5456B8DC1D3C,REQ_60286BC89D8C,25,3000.0,v0.1
INS_5456B8DC1D3C,REQ_6589D7539281,26,1520.0,v0.1
INS_5456B8DC1D3C,REQ_0C586AA9C3D0,27,280.0,v0.1
INS_5456B8DC1D3C,REQ_80C757315F14,28,14410.0,v0.1
INS_5456B8DC1D3C,REQ_61E81E44A393,29,330.0,v0.1
INS_5456B8DC1D3C,REQ_C81D85F74268,30,15790.0,v0.1
INS_5456B8DC1D3C,REQ_EC9ECEFFC1BB,31,2820.0,v0.1
INS_5456B8DC1D3C,REQ_C161F4B61158,32,8320.0,v0.1
INS_5456B8DC1D3C,REQ_3AA04F7D93D1,33,3420.0000000000005,v0.1
INS_5456B8DC1D3C,REQ_4BCB9BD8B793,34,2330.0,v0.1
INS_5456B8DC1D3C,REQ_C818136231A7,35,6470.0,v0.1
INS_5456B8DC1D3C,REQ_63B5E8766DA6,36,390.0,v0.1
INS_5456B8DC1D3C,REQ_847F0B82C374,37,20470.0,v0.1
INS_5456B8DC1D3C,REQ_D36AF782C0A2,38,6250.0,v0.1
INS_5456B8DC1D3C,REQ_AC2E7A0EAC7B,39,780.0,v0.1
INS_5456B8DC1D3C,REQ_D0ED4EE17ED1,40,1960.0,v0.1
INS_5456B8DC1D3C,REQ_BCC3A4C371B8,41,27100.0,v0.1
INS_5456B8DC1D3C,REQ_0F2188FC6627,42,24850.0,v0.1
INS_5456B8DC1D3C,REQ_BE41B1D56AE1,43,950.0,v0.1
INS_5456B8DC1D3C,REQ_6D2134A5D450,44,24710.0,v0.1
INS_5456B8DC1D3C,REQ_91A4A5D603B8,45,220.00000000000003,v0.1
INS_5456B8DC1D3C,REQ_1422CD04C9F9,46,3570.0,v0.1
INS_5456B8DC1D3C,REQ_F0896DC27C7C,47,12460.0,v0.1
INS_5456B8DC1D3C,REQ_F93220295560,48,3629.9999999999995,v0.1
INS_5456B8DC1D3C,REQ_302C05D78031,49,3500.0,v0.1
INS_5456B8DC1D3C,REQ_2378A2437EE9,50,1070.0,v0.1
INS_5456B8DC1D3C,REQ_21BC85096482,51,26500.0,v0.1
INS_5456B8DC1D3C,REQ_4C5A87048AA3,52,400.0,v0.1
INS_5456B8DC1D3C,REQ_1F070E5FE9B3,53,2940.0,v0.1
INS_5456B8DC1D3C,REQ_9C475697DE19,54,1350.0,v0.1
INS_5456B8DC1D3C,REQ_46215E7DBE56,55,12330.0,v0.1
INS_5456B8DC1D3C,REQ_0CD202FCF09E,56,8750.0,v0.1
INS_4E3BD6B35D30,REQ_E205693C57A0,0,30000.0,v0.1
INS_4E3BD6B35D30,REQ_AECE4B031CAC,1,2150.0,v0.1
INS_4E3BD6B35D30,REQ_3810C5E91F22,2,630.0,v0.1
INS_4E3BD6B35D30,REQ_97F494353323,3,280.0,v0.1
INS_4E3BD6B35D30,REQ_F4CF554741F8,4,450.0,v0.1
INS_4E3BD6B35D30,REQ_967BAC03701B,5,1050.0,v0.1
INS_4E3BD6B35D30,REQ_22C89477CB12,6,840.0,v0.1
INS_4E3BD6B35D30,REQ_95C454D31CF6,7,1270.0,v0.1
INS_4E3BD6B35D30,REQ_464E6A4504CE,8,7580.0,v0.1
INS_4E3BD6B35D30,REQ_7A44B0D859DC,9,15020.0,v0.1
INS_4E3BD6B35D30,REQ_AFF9B804FA8C,10,9810.0,v0.1
INS_4E3BD6B35D30,REQ_938331F9BBDE,11,1290.0,v0.1
INS_35A1F3A9DFDA,REQ_24F43664EEC2,0,2900.0,v0.1
INS_35A1F3A9DFDA,REQ_D91A4DD6F2B5,1,2350.0,v0.1
INS_35A1F3A9DFDA,REQ_530FA216C36B,2,1290.0,v0.1
INS_35A1F3A9DFDA,REQ_05542A5FF46E,3,250.0,v0.1
INS_35A1F3A9DFDA,REQ_4805E950C971,4,900.0,v0.1
INS_35A1F3A9DFDA,REQ_57594670469F,5,750.0,v0.1
INS_35A1F3A9DFDA,REQ_E65621287B7B,6,4930.0,v0.1
INS_35A1F3A9DFDA,REQ_615F963B5154,7,2060.0,v0.1
INS_35A1F3A9DFDA,REQ_F24F4CC12163,8,30000.0,v0.1
INS_35A1F3A9DFDA,REQ_A63279357873,9,2930.0,v0.1
INS_35A1F3A9DFDA,REQ_142B4442F06A,10,1430.0,v0.1
INS_35A1F3A9DFDA,REQ_AC32E48818F3,11,1000.0,v0.1
INS_35A1F3A9DFDA,REQ_289791AC8D2E,12,3050.0,v0.1
INS_35A1F3A9DFDA,REQ_B40D98129F86,13,4230.0,v0.1
INS_35A1F3A9DFDA,REQ_57ED52F96485,14,6390.0,v0.1
INS_35A1F3A9DFDA,REQ_4E3281B14750,15,9170.0,v0.1
INS_35A1F3A9DFDA,REQ_C713AE8C844F,16,200.0,v0.1
INS_35A1F3A9DFDA,REQ_E84DD0D3CE59,17,7120.0,v0.1
INS_6FC61C5AB9B6,REQ_2658218CD89F,0,780.0,v0.1
INS_6FC61C5AB9B6,REQ_376F332C4B6F,1,430.0,v0.1
INS_6FC61C5AB9B6,REQ_0C8967B0F3BB,2,770.0,v0.1
INS_6FC61C5AB9B6,REQ_3E64ACFA86AC,3,3160.0,v0.1
INS_6FC61C5AB9B6,REQ_203E8E3FEC52,4,11190.0,v0.1
INS_6FC61C5AB9B6,REQ_DD7715C30243,5,7310.0,v0.1
INS_6FC61C5AB9B6,REQ_9D6A42C49944,6,30000.0,v0.1
INS_6FC61C5AB9B6,REQ_DD9F5A981483,7,800.0,v0.1
INS_6FC61C5AB9B6,REQ_66E868BAB833,8,6270.0,v0.1
INS_6FC61C5AB9B6,REQ_EBCFDEC9D44F,9,11680.0,v0.1
INS_6FC61C5AB9B6,REQ_DE8AA58152DC,10,2280.0,v0.1
INS_6FC61C5AB9B6,REQ_EC2E77B471A2,11,14360.0,v0.1
INS_6FC61C5AB9B6,REQ_740257D23822,12,390.0,v0.1
INS_6FC61C5AB9B6,REQ_CDF47B739AFE,13,3220.0000000000005,v0.1
INS_6FC61C5AB9B6,REQ_2A8C1DF32A7C,14,150.0,v0.1
INS_6FC61C5AB9B6,REQ_7E9139A506E0,15,21710.0,v0.1
INS_6FC61C5AB9B6,REQ_B2B85BB5FD49,16,30000.0,v0.1
INS_6FC61C5AB9B6,REQ_A9444A9F8868,17,1300.0,v0.1
INS_6FC61C5AB9B6,REQ_0A4B5A6CBF51,18,1310.0,v0.1
INS_6FC61C5AB9B6,REQ_2DB4832D7EDD,19,11730.0,v0.1
INS_6FC61C5AB9B6,REQ_47D378F2EB4A,20,30000.0,v0.1
INS_6FC61C5AB9B6,REQ_8B35FAE13B60,21,14740.0,v0.1
INS_6FC61C5AB9B6,REQ_A992DBB8E90E,22,30000.0,v0.1
INS_6FC61C5AB9B6,REQ_5D013184DDAE,23,13450.0,v0.1
INS_6FC61C5AB9B6,REQ_D8883DD8EF5A,24,860.0,v0.1
INS_6FC61C5AB9B6,REQ_DA8DED693BBB,25,700.0,v0.1
INS_6FC61C5AB9B6,REQ_D02F3CF2C798,26,12230.0,v0.1
INS_6FC61C5AB9B6,REQ_28308DB59C20,27,17170.0,v0.1
INS_2DB797204DD0,REQ_6787FA31942D,0,190.0,v0.1
INS_2DB797204DD0,REQ_53723868217F,1,19210.0,v0.1
INS_2DB797204DD0,REQ_B5CFD4955A9B,2,12425.0,v0.1
INS_2DB797204DD0,REQ_2ED663694096,3,2290.0,v0.1
INS_2DB797204DD0,REQ_7EAC8C91C176,4,730.0,v0.1
INS_2DB797204DD0,REQ_7A1C55615227,5,11200.0,v0.1
INS_2DB797204DD0,REQ_A414CA62C2D2,6,30000.0,v0.1
INS_2DB797204DD0,REQ_F99C4630470A,7,2200.0,v0.1
INS_2DB797204DD0,REQ_499DA0F46983,8,1310.0,v0.1
INS_2DB797204DD0,REQ_4FA3372B01C3,9,1260.0,v0.1
INS_2DB797204DD0,REQ_32B5F3C966DA,10,350.0,v0.1
INS_A1555C7344E2,REQ_8805679C39A8,0,2170.0,v0.1
INS_A1555C7344E2,REQ_7B67E2EC1024,1,14390.0,v0.1
INS_A1555C7344E2,REQ_3E1658CEFDD7,2,30000.0,v0.1
INS_A1555C7344E2,REQ_B02719EFD260,3,7090.0,v0.1
INS_A1555C7344E2,REQ_979272F6402B,4,1740.0,v0.1
INS_A1555C7344E2,REQ_347B1C220F2F,5,1350.0,v0.1
INS_A1555C7344E2,REQ_D788C477022F,6,1960.0000000000002,v0.1
INS_A1555C7344E2,REQ_26064CD6AD89,7,750.0,v0.1
INS_A1555C7344E2,REQ_DD39ECEFFEFC,8,13490.0,v0.1
INS_A1555C7344E2,REQ_2A26F391B40D,9,30000.0,v0.1
INS_88B02EDF955B,REQ_F7DCAD255861,0,28220.0,v0.1
INS_88B02EDF955B,REQ_B7AFBFEAA524,1,25850.0,v0.1
INS_88B02EDF955B,REQ_058AB67159C6,2,30000.0,v0.1
INS_88B02EDF955B,REQ_5CB3314F49C3,3,30000.0,v0.1
INS_88B02EDF955B,REQ_ECEB0B1438B0,4,26630.0,v0.1
INS_88B02EDF955B,REQ_F79786BE1AE9,5,30000.0,v0.1
INS_88B02EDF955B,REQ_A3B267051658,6,22480.0,v0.1
INS_88B02EDF955B,REQ_0305DEE325F4,7,27480.0,v0.1
INS_88B02EDF955B,REQ_EBCCFA1E6A7F,8,17640.0,v0.1
INS_88B02EDF955B,REQ_D41663ABDA7E,9,18930.0,v0.1
INS_88B02EDF955B,REQ_290207E6E90E,10,20590.0,v0.1
INS_88B02EDF955B,REQ_456881F0BC67,11,30000.0,v0.1
INS_88B02EDF955B,REQ_90A4E616152A,12,27730.0,v0.1
INS_88B02EDF955B,REQ_9EF709420473,13,21920.0,v0.1
INS_88B02EDF955B,REQ_7316E36FB9C5,14,12310.0,v0.1
INS_88B02EDF955B,REQ_8495F52429CF,15,30000.0,v0.1
INS_88B02EDF955B,REQ_7601CFF91624,16,30000.0,v0.1
INS_88B02EDF955B,REQ_E74EE37E0E0B,17,13730.0,v0.1
INS_88B02EDF955B,REQ_44AC8A2E9FF7,18,19500.0,v0.1
INS_88B02EDF955B,REQ_1FBD7665CEF8,19,30000.0,v0.1
INS_DEB7F5F0C5E3,REQ_04EF78E78706,0,20060.0,v0.1
INS_DEB7F5F0C5E3,REQ_5F446DF542CF,1,24970.0,v0.1
INS_DEB7F5F0C5E3,REQ_E25E2DD074FB,2,17740.0,v0.1
INS_DEB7F5F0C5E3,REQ_4BE0C09F6875,3,20790.0,v0.1
INS_D03EBFD65984,REQ_04EF78E78706,0,20060.0,v0.1
INS_D03EBFD65984,REQ_4BE0C09F6875,1,20790.0,v0.1
INS_D03EBFD65984,REQ_5F446DF542CF,2,24970.0,v0.1
INS_D03EBFD65984,REQ_E25E2DD074FB,3,17740.0,v0.1
INS_6D9E8E62604D,REQ_EF220E8E340E,0,750.0,v0.1
INS_6D9E8E62604D,REQ_7DB46DABE8FE,1,500.0,v0.1
INS_6D9E8E62604D,REQ_5040D8A82693,2,2770.0,v0.1
INS_6D9E8E62604D,REQ_B6512AFBC7D1,3,10980.0,v0.1
INS_6D9E8E62604D,REQ_4CCD86875C5A,4,30000.0,v0.1
INS_6D9E8E62604D,REQ_8AF88FB69F66,5,600.0,v0.1
INS_6D9E8E62604D,REQ_C59FC11F546C,6,9370.0,v0.1
INS_6D9E8E62604D,REQ_93BB00822AAF,7,30000.0,v0.1
INS_6D9E8E62604D,REQ_5CD01982DEA4,8,9040.0,v0.1
INS_6D9E8E62604D,REQ_C10CEEF00FC9,9,450.0,v0.1
INS_6D9E8E62604D,REQ_36A9EB662EE1,10,360.0,v0.1
INS_6D9E8E62604D,REQ_3E9DB14C23DD,11,530.0,v0.1
INS_6D9E8E62604D,REQ_C98A1E607D07,12,900.0,v0.1
INS_6D9E8E62604D,REQ_7E4272E8EE67,13,550.0,v0.1
INS_5AA95E4FAF3F,REQ_60963E379959,0,2890.0,v0.1
INS_5AA95E4FAF3F,REQ_B54DC204822A,1,2210.0,v0.1
INS_5AA95E4FAF3F,REQ_44B84EBFAD83,2,30000.0,v0.1
INS_5AA95E4FAF3F,REQ_A00821A56185,3,950.0,v0.1
INS_5AA95E4FAF3F,REQ_CDE402CC4E51,4,6170.0,v0.1
INS_5AA95E4FAF3F,REQ_50160CC1FD08,5,490.00000000000006,v0.1
INS_5AA95E4FAF3F,REQ_722093F84ECA,6,250.0,v0.1
INS_5AA95E4FAF3F,REQ_3BA6E66783BA,7,30000.0,v0.1
INS_5AA95E4FAF3F,REQ_1EBE67EDDEFE,8,390.0,v0.1
INS_5AA95E4FAF3F,REQ_F5EBEDBA165F,9,850.0,v0.1
INS_5AA95E4FAF3F,REQ_13ECD68ACBA5,10,550.0,v0.1
INS_5AA95E4FAF3F,REQ_7B989D723C97,11,8980.0,v0.1
INS_5AA95E4FAF3F,REQ_B8124B2C971B,12,200.0,v0.1
INS_5AA95E4FAF3F,REQ_ADF541D8DBFF,13,840.0,v0.1
INS_02F60585B54B,REQ_41904A4D3ED1,0,20730.0,v0.1
INS_02F60585B54B,REQ_D9B9507E14AD,1,31560.0,v0.1
INS_02F60585B54B,REQ_2910D359E3D3,2,5690.0,v0.1
INS_02F60585B54B,REQ_F25C557F182D,3,5680.0,v0.1
INS_02F60585B54B,REQ_D3BF76467A96,4,220.00000000000003,v0.1
INS_02F60585B54B,REQ_FF7342DF1C41,5,13090.0,v0.1
INS_02F60585B54B,REQ_3C256BEB32BA,6,8250.0,v0.1
INS_02F60585B54B,REQ_8C6BD0751973,7,3740.0,v0.1
INS_02F60585B54B,REQ_A93078525100,8,7400.0,v0.1
INS_02F60585B54B,REQ_94F94592CEC3,9,11270.0,v0.1
INS_95CE3BE939B6,REQ_F147C564BFF8,0,520.0,v0.1
INS_95CE3BE939B6,REQ_928E071FFD41,1,30000.0,v0.1
INS_95CE3BE939B6,REQ_C01A4CADDF53,2,2000.0,v0.1
INS_95CE3BE939B6,REQ_00FD6D99668B,3,4510.0,v0.1
INS_95CE3BE939B6,REQ_C5488F0D40BD,4,29070.0,v0.1
INS_95CE3BE939B6,REQ_93ED83801C15,5,16650.0,v0.1
INS_95CE3BE939B6,REQ_CDBF7DF2F89E,6,820.0,v0.1
INS_95CE3BE939B6,REQ_62E1E506E48D,7,30000.0,v0.1
INS_95CE3BE939B6,REQ_CE53AA45E834,8,30000.0,v0.1
INS_95CE3BE939B6,REQ_C494655EDC92,9,30000.0,v0.1
INS_95CE3BE939B6,REQ_966B338E8AF9,10,8540.0,v0.1
INS_95CE3BE939B6,REQ_BC17053A0098,11,30000.0,v0.1
INS_95CE3BE939B6,REQ_695E1D519F04,12,2810.0,v0.1
INS_95CE3BE939B6,REQ_051CE8E3986E,13,30000.0,v0.1
INS_95CE3BE939B6,REQ_1276E50222BA,14,700.0,v0.1
INS_95CE3BE939B6,REQ_A9F1AA6F46B2,15,28170.0,v0.1
INS_95CE3BE939B6,REQ_F13690C7B3B6,16,30000.0,v0.1
INS_95CE3BE939B6,REQ_05CAE0932F9F,17,18040.0,v0.1
INS_95CE3BE939B6,REQ_EE649E025EAA,18,14720.0,v0.1
INS_95CE3BE939B6,REQ_4BADC816B436,19,30000.0,v0.1
INS_95CE3BE939B6,REQ_79539DCCD0BC,20,19140.0,v0.1
INS_95CE3BE939B6,REQ_A36E5FE90E7D,21,680.0,v0.1
INS_95CE3BE939B6,REQ_0F045971067F,22,26890.0,v0.1
INS_95CE3BE939B6,REQ_BEA66E316F02,23,6060.0,v0.1
INS_95CE3BE939B6,REQ_A801A797D3D3,24,1150.0,v0.1
INS_95CE3BE939B6,REQ_BE6E8CDCDB8B,25,1000.0,v0.1
INS_95CE3BE939B6,REQ_10A9E3A15696,26,30000.0,v0.1
INS_3650DDC79C76,REQ_9C7A56F18122,0,17840.0,v0.1
INS_3650DDC79C76,REQ_636E734CC27D,1,30000.0,v0.1
INS_3650DDC79C76,REQ_1C76079DFBF8,2,10850.0,v0.1
INS_3650DDC79C76,REQ_D220DE32FFF4,3,650.0,v0.1
INS_3650DDC79C76,REQ_42CF39EC4D6C,4,900.0,v0.1
INS_3650DDC79C76,REQ_41AC752F203F,5,18200.0,v0.1
INS_3650DDC79C76,REQ_2CA6F69F5D3C,6,4320.0,v0.1
INS_3650DDC79C76,REQ_770C781EDACD,7,30000.0,v0.1
INS_3650DDC79C76,REQ_CDB34DDCB2FB,8,22870.0,v0.1
INS_3650DDC79C76,REQ_A6FD2192D599,9,1050.0,v0.1
INS_3650DDC79C76,REQ_831FFC27B6B2,10,30000.0,v0.1
INS_3650DDC79C76,REQ_5256F7DEEBB8,11,400.0,v0.1
INS_208C86449744,REQ_5A46F3842791,0,1180.0,v0.1
INS_208C86449744,REQ_58E31FF07FD7,1,200.0,v0.1
INS_208C86449744,REQ_2B710A8BD7F7,2,2420.0,v0.1
INS_208C86449744,REQ_0291170F6992,3,1020.0,v0.1
INS_208C86449744,REQ_90706AB6531A,4,1600.0,v0.1
INS_208C86449744,REQ_CCA2C323841F,5,14160.0,v0.1
INS_208C86449744,REQ_E86AF54C3AE6,6,620.0,v0.1
INS_208C86449744,REQ_2CA1ACCE985C,7,550.0,v0.1
INS_208C86449744,REQ_E226B2B6B77A,8,2600.0,v0.1
INS_208C86449744,REQ_2D4251E22E5C,9,8660.0,v0.1
INS_208C86449744,REQ_E952969469B9,10,2590.0,v0.1
INS_208C86449744,REQ_29335C4DBAB9,11,2840.0,v0.1
INS_208C86449744,REQ_49ECFBE3EC54,12,12950.0,v0.1
INS_208C86449744,REQ_C29EBDC761C2,13,590.0,v0.1
INS_208C86449744,REQ_2543A6635ED4,14,16980.0,v0.1
INS_208C86449744,REQ_BA104A4D747D,15,650.0,v0.1
INS_208C86449744,REQ_E12692D18E4E,16,7780.0,v0.1
INS_208C86449744,REQ_7F6D90ED42FB,17,1560.0,v0.1
INS_208C86449744,REQ_1088CA87B6CA,18,13850.0,v0.1
INS_208C86449744,REQ_9D45FD735258,19,3550.0,v0.1
INS_208C86449744,REQ_0E679C80B26E,20,5850.0,v0.1
INS_208C86449744,REQ_3FA3CC4C51F7,21,2160.0,v0.1
INS_208C86449744,REQ_BB95FDA5ECBC,22,4150.0,v0.1
INS_208C86449744,REQ_D28F13DC7F7D,23,660.0,v0.1
INS_78D2500E7E15,REQ_573461719845,0,8700.0,v0.1
INS_78D2500E7E15,REQ_0A578E4B805B,1,30000.0,v0.1
INS_78D2500E7E15,REQ_3156B660999B,2,270.0,v0.1
INS_78D2500E7E15,REQ_1DA03B636B4A,3,869.9999999999999,v0.1
INS_78D2500E7E15,REQ_697E519961F7,4,690.0,v0.1
INS_78D2500E7E15,REQ_A6E81DE90623,5,30000.0,v0.1
INS_78D2500E7E15,REQ_02EECC21177C,6,1170.0,v0.1
INS_78D2500E7E15,REQ_02FF16D906FF,7,760.0,v0.1
INS_78D2500E7E15,REQ_BDCE5E07FA92,8,1590.0,v0.1
INS_78D2500E7E15,REQ_8220628132B5,9,600.0,v0.1
INS_78D2500E7E15,REQ_B68591D594C6,10,1250.0,v0.1
INS_6620A5C7FF2F,REQ_E24D04763E27,0,190.0,v0.1
INS_6620A5C7FF2F,REQ_8A9668781AA1,1,6450.0,v0.1
INS_6620A5C7FF2F,REQ_918976706E73,2,30000.0,v0.1
INS_6620A5C7FF2F,REQ_8D47EEDD1C0A,3,2580.0,v0.1
INS_6620A5C7FF2F,REQ_330C8F95B39A,4,520.0,v0.1
INS_6620A5C7FF2F,REQ_908CAF957017,5,1560.0,v0.1
INS_6620A5C7FF2F,REQ_0926F3376515,6,940.0,v0.1
INS_6620A5C7FF2F,REQ_BBB2D0B068CA,7,2800.0,v0.1
INS_6620A5C7FF2F,REQ_DDDBFE9B56BE,8,30000.0,v0.1
INS_6620A5C7FF2F,REQ_2BE4704EFB60,9,270.0,v0.1
INS_A66CDB9BF22F,REQ_C54DD039254C,0,15410.0,v0.1
INS_A66CDB9BF22F,REQ_E5C22EAC9199,1,1640.0,v0.1
INS_A66CDB9BF22F,REQ_8DC3131A3D30,2,640.0,v0.1
INS_A66CDB9BF22F,REQ_E1662D3D3DC6,3,15540.0,v0.1
INS_A66CDB9BF22F,REQ_21DD9B772CFE,4,30000.0,v0.1
INS_A66CDB9BF22F,REQ_1A1A58CF43C5,5,2700.0,v0.1
INS_A66CDB9BF22F,REQ_5D0F26E239AC,6,6920.0,v0.1
INS_A66CDB9BF22F,REQ_F2B61E6AD832,7,760.0,v0.1
INS_A66CDB9BF22F,REQ_6444AA482651,8,30000.0,v0.1
INS_A66CDB9BF22F,REQ_F705710FA0A6,9,12620.0,v0.1
INS_A66CDB9BF22F,REQ_B9E701BAFD1E,10,730.0,v0.1
INS_A66CDB9BF22F,REQ_F7A4C01FBC09,11,30000.0,v0.1
INS_A66CDB9BF22F,REQ_091BD928547D,12,30000.0,v0.1
INS_A66CDB9BF22F,REQ_CA253993F956,13,1830.0,v0.1
INS_A66CDB9BF22F,REQ_B99CC5434112,14,6650.0,v0.1
INS_A66CDB9BF22F,REQ_29605C7FA913,15,11560.0,v0.1
INS_A66CDB9BF22F,REQ_BA97E46F10C3,16,9030.0,v0.1
INS_A66CDB9BF22F,REQ_F7F00EFB7AEC,17,30000.0,v0.1
INS_A66CDB9BF22F,REQ_EE6780C6E2DB,18,400.0,v0.1
INS_A66CDB9BF22F,REQ_30C44183079F,19,3950.0,v0.1
INS_A66CDB9BF22F,REQ_C545E817EFE4,20,4900.0,v0.1
INS_A66CDB9BF22F,REQ_F8A73CF304C2,21,1200.0,v0.1
INS_A66CDB9BF22F,REQ_D0DE5784D2D1,22,5150.0,v0.1
INS_A66CDB9BF22F,REQ_830BD7EC40EF,23,7810.0,v0.1
INS_A66CDB9BF22F,REQ_8419FCA35B93,24,440.00000000000006,v0.1
INS_A66CDB9BF22F,REQ_C3F5CB98CAC9,25,380.0,v0.1
INS_A66CDB9BF22F,REQ_4E66CEB17DC6,26,6210.0,v0.1
INS_A66CDB9BF22F,REQ_7466534079FB,27,2710.0,v0.1
INS_09CE7608366D,REQ_79841F988F16,0,30000.0,v0.1
INS_09CE7608366D,REQ_772777F91D25,1,2350.0,v0.1
INS_09CE7608366D,REQ_7F9F9C4BF16E,2,9525.0,v0.1
INS_09CE7608366D,REQ_3AB179AAA104,3,29500.0,v0.1
INS_09CE7608366D,REQ_98AA8717808B,4,3779.9999999999995,v0.1
INS_09CE7608366D,REQ_9A89DD5243E8,5,1570.0,v0.1
INS_09CE7608366D,REQ_FFA0F8C5C07C,6,4040.0,v0.1
INS_09CE7608366D,REQ_46804F936A09,7,2600.0,v0.1
INS_09CE7608366D,REQ_5D623A424068,8,15590.0,v0.1
INS_09CE7608366D,REQ_1586694A1C7B,9,30000.0,v0.1
INS_09CE7608366D,REQ_FAEE796CD2DD,10,2390.0,v0.1
INS_09CE7608366D,REQ_BDD798D55257,11,610.0,v0.1
INS_09CE7608366D,REQ_9F1507A2B90F,12,4550.0,v0.1
INS_09CE7608366D,REQ_42487C1897C5,13,30000.0,v0.1
INS_09CE7608366D,REQ_18B25F82060D,14,18260.0,v0.1
INS_09CE7608366D,REQ_38D54EB74363,15,700.0,v0.1
INS_09CE7608366D,REQ_1BE93C217713,16,3720.0,v0.1
INS_09CE7608366D,REQ_8F5FBEEACA66,17,330.0,v0.1
INS_09CE7608366D,REQ_0A891FA83227,18,600.0,v0.1
INS_09CE7608366D,REQ_F5230CF77050,19,30000.0,v0.1
INS_09CE7608366D,REQ_9380393586AD,20,9700.0,v0.1
INS_09CE7608366D,REQ_DCC51BDC04BB,21,1930.0,v0.1
INS_09CE7608366D,REQ_0DC923DFAEAD,22,12810.0,v0.1
INS_09CE7608366D,REQ_6632E4D0A025,23,3170.0,v0.1
INS_09CE7608366D,REQ_721A3BAAF13A,24,22830.0,v0.1
INS_09CE7608366D,REQ_4B5F72E434DE,25,30700.0,v0.1
INS_09CE7608366D,REQ_7B24754E92AF,26,30000.0,v0.1
INS_09CE7608366D,REQ_2FD046238FB5,27,650.0,v0.1
INS_09CE7608366D,REQ_164F45892548,28,1560.0,v0.1
INS_09CE7608366D,REQ_EB0B614EFAE0,29,900.0,v0.1
INS_09CE7608366D,REQ_7E651B3D50A2,30,180.0,v0.1
INS_09CE7608366D,REQ_524831C82482,31,27750.0,v0.1
INS_09CE7608366D,REQ_E8F9B5593C16,32,21120.0,v0.1
INS_09CE7608366D,REQ_45CCF4E47AE4,33,22560.0,v0.1
INS_09CE7608366D,REQ_D019898D8348,34,30000.0,v0.1
INS_09CE7608366D,REQ_3D3F2AAA5F82,35,30000.0,v0.1
INS_09CE7608366D,REQ_1AE5A76346ED,36,8810.0,v0.1
INS_09CE7608366D,REQ_F73B6362E76D,37,30000.0,v0.1
INS_09CE7608366D,REQ_F68FE25FFFEA,38,3200.0,v0.1
INS_09CE7608366D,REQ_94002A6A6A5E,39,710.0,v0.1
INS_09CE7608366D,REQ_BC94E6186E48,40,1000.0,v0.1
INS_09CE7608366D,REQ_2B6D8AC09656,41,880.0,v0.1
INS_09CE7608366D,REQ_AEEC8DF3BFDE,42,1110.0,v0.1
INS_09CE7608366D,REQ_4405897770EB,43,1550.0,v0.1
INS_09CE7608366D,REQ_75ED274D909D,44,3329.9999999999995,v0.1
INS_09CE7608366D,REQ_8199AB01ED90,45,3040.0,v0.1
INS_09CE7608366D,REQ_E0DAA68D4B22,46,2660.0,v0.1
INS_09CE7608366D,REQ_1828AA87B289,47,9575.0,v0.1
INS_09CE7608366D,REQ_6053F024DF0D,48,150.0,v0.1
INS_09CE7608366D,REQ_2FD589487799,49,22910.0,v0.1
INS_09CE7608366D,REQ_24275EF27998,50,30000.0,v0.1
INS_09CE7608366D,REQ_A2A26A16BD54,51,3000.0,v0.1
INS_3C30994A305A,REQ_358C29C76EDF,0,30000.0,v0.1
INS_3C30994A305A,REQ_F261FA7D3A74,1,3150.0,v0.1
INS_3C30994A305A,REQ_96ADEB5A0723,2,1880.0,v0.1
INS_3C30994A305A,REQ_FEA468620133,3,2700.0,v0.1
INS_3C30994A305A,REQ_16E8A998F0ED,4,2120.0,v0.1
INS_3C30994A305A,REQ_D4DFFC925C93,5,1600.0,v0.1
INS_3C30994A305A,REQ_1604F7C9C1FB,6,1550.0,v0.1
INS_3C30994A305A,REQ_A9901B1456A9,7,1900.0,v0.1
INS_3C30994A305A,REQ_3D3EE1ECD47B,8,2760.0,v0.1
INS_3C30994A305A,REQ_F050129F2E73,9,4070.0000000000005,v0.1
INS_3C30994A305A,REQ_9FF3A079681C,10,1640.0,v0.1
INS_3C30994A305A,REQ_47D35A3B912A,11,3200.0,v0.1
INS_3C30994A305A,REQ_BA0EEAA06C3F,12,2660.0,v0.1
INS_3C30994A305A,REQ_8F2AB92EF9F7,13,30000.0,v0.1
INS_3C30994A305A,REQ_9FDC12CC74E1,14,4520.0,v0.1
INS_3C30994A305A,REQ_79A2FC10D9D2,15,30000.0,v0.1
INS_3C30994A305A,REQ_2A3971318DC9,16,2770.0,v0.1
INS_3C30994A305A,REQ_B0BC29F3DA04,17,1870.0,v0.1
INS_3C30994A305A,REQ_17AF9484CCC4,18,30000.0,v0.1
INS_3C30994A305A,REQ_47CA6BE9F763,19,30000.0,v0.1
INS_3C30994A305A,REQ_D16FCB8A6CE4,20,1580.0,v0.1
INS_3C30994A305A,REQ_8EE885BC6BAC,21,3360.0,v0.1
INS_3C30994A305A,REQ_E25BDE7648E5,22,900.0,v0.1
INS_3C30994A305A,REQ_FF2B3556392C,23,1150.0,v0.1
INS_3C30994A305A,REQ_B583672FE0E9,24,750.0,v0.1
INS_3C30994A305A,REQ_1BA97A1F681E,25,740.0,v0.1
INS_3C30994A305A,REQ_EF7DC88565BC,26,30000.0,v0.1
INS_3C30994A305A,REQ_416116A2931E,27,3200.0,v0.1
INS_3C30994A305A,REQ_57467CE8FD03,28,8860.0,v0.1
INS_3C30994A305A,REQ_30C34EDF231C,29,700.0,v0.1
INS_3C30994A305A,REQ_DA69BB529473,30,630.0,v0.1
INS_3C30994A305A,REQ_7E9C160CD1BB,31,550.0,v0.1
INS_3C30994A305A,REQ_39486A7BF12B,32,1600.0,v0.1
INS_3C30994A305A,REQ_DB944AA4C6F6,33,30000.0,v0.1
INS_3C30994A305A,REQ_178CDCAF6F27,34,270.0,v0.1
INS_3C30994A305A,REQ_43C4504BF63A,35,5870.0,v0.1
INS_3C30994A305A,REQ_79A3F03ED2FE,36,4000.0,v0.1
INS_3C30994A305A,REQ_ACDE16192A9B,37,30000.0,v0.1
INS_3C30994A305A,REQ_721A3E45ED94,38,1980.0,v0.1
INS_3C30994A305A,REQ_14357862D300,39,17000.0,v0.1
INS_3C30994A305A,REQ_FF7001D4CB11,40,1160.0,v0.1
INS_3C30994A305A,REQ_AB2016071B93,41,2840.0,v0.1
INS_3C30994A305A,REQ_FB0E65FB9917,42,24220.0,v0.1
INS_3C30994A305A,REQ_33080409776B,43,700.0,v0.1
INS_3C30994A305A,REQ_EF5B2DBE818C,44,4280.0,v0.1
INS_3C30994A305A,REQ_D9F9994B7458,45,3370.0,v0.1
INS_3C30994A305A,REQ_E79FC38565F2,46,650.0,v0.1
INS_3C30994A305A,REQ_05052F2F6DD9,47,4860.0,v0.1
INS_3C30994A305A,REQ_6DF030D00482,48,4420.0,v0.1
INS_3C30994A305A,REQ_1D96762ACCCA,49,30000.0,v0.1
INS_3C30994A305A,REQ_B81E3E31C267,50,1050.0,v0.1
INS_3C30994A305A,REQ_4638C35E883D,51,430.0,v0.1
INS_3C30994A305A,REQ_13E5D21FC8D6,52,30000.0,v0.1
INS_3C30994A305A,REQ_4041DFE5D75E,53,1320.0,v0.1
INS_3C30994A305A,REQ_366F5D700CC9,54,22370.0,v0.1
INS_EAFE4BB2A3F6,REQ_E7FE37A0D723,0,100.0,v0.1
INS_EAFE4BB2A3F6,REQ_EEA11DFC231F,1,240.0,v0.1
INS_EAFE4BB2A3F6,REQ_EFBE7093F996,2,300.0,v0.1
INS_EAFE4BB2A3F6,REQ_A4645A45D8D5,3,380.0,v0.1
INS_EAFE4BB2A3F6,REQ_B79F188DB14C,4,100.0,v0.1
INS_EAFE4BB2A3F6,REQ_57F4721345D4,5,490.00000000000006,v0.1
INS_EAFE4BB2A3F6,REQ_5CAFC9D11367,6,400.0,v0.1
INS_EAFE4BB2A3F6,REQ_F05A9F01413C,7,3100.0,v0.1
INS_EAFE4BB2A3F6,REQ_E1C32303012C,8,30000.0,v0.1
INS_EAFE4BB2A3F6,REQ_36F78CDCD7E0,9,130.0,v0.1
INS_EAFE4BB2A3F6,REQ_F604ED7D0759,10,100.0,v0.1
INS_EAFE4BB2A3F6,REQ_567ACFC6B24E,11,1100.0,v0.1
INS_EAFE4BB2A3F6,REQ_5000DA76A63C,12,1820.0,v0.1
INS_EAFE4BB2A3F6,REQ_BBE878A38965,13,800.0,v0.1
INS_6B24508D25F2,REQ_3275AF5E6930,0,1780.0,v0.1
INS_6B24508D25F2,REQ_FE20F116D41A,1,930.0,v0.1
INS_6B24508D25F2,REQ_C86B09E37B41,2,25540.0,v0.1
INS_6B24508D25F2,REQ_E85FA3486415,3,30000.0,v0.1
INS_6B24508D25F2,REQ_10D45FF78EF0,4,170.0,v0.1
INS_6B24508D25F2,REQ_4EA908B53671,5,440.0,v0.1
INS_6B24508D25F2,REQ_616E3E8BAC14,6,870.0,v0.1
INS_6B24508D25F2,REQ_3AF8D5287CF5,7,4880.0,v0.1
INS_2C4EA8DD6B76,REQ_1A40C80077BE,0,170.0,v0.1
INS_2C4EA8DD6B76,REQ_7D6843E91FCE,1,5730.0,v0.1
INS_2C4EA8DD6B76,REQ_9BDD13C0AF67,2,4210.0,v0.1
INS_2C4EA8DD6B76,REQ_86BC325BEBA8,3,2450.0,v0.1
INS_2C4EA8DD6B76,REQ_0D67E8F7F27C,4,2810.0,v0.1
INS_2C4EA8DD6B76,REQ_F136DECE4283,5,30000.0,v0.1
INS_2C4EA8DD6B76,REQ_8BEEA6475E71,6,330.0,v0.1
INS_2C4EA8DD6B76,REQ_1743E788974F,7,280.0,v0.1
INS_2C4EA8DD6B76,REQ_AE05564B8B16,8,750.0,v0.1
INS_2C4EA8DD6B76,REQ_E1A30FCA9911,9,5700.0,v0.1
INS_2C4EA8DD6B76,REQ_6B2958605ADA,10,5940.0,v0.1
INS_2C4EA8DD6B76,REQ_476D9EF4DC70,11,450.0,v0.1
INS_2C4EA8DD6B76,REQ_AF9E99038711,12,13900.0,v0.1
INS_2C4EA8DD6B76,REQ_CF632DD68839,13,15780.0,v0.1
INS_2C4EA8DD6B76,REQ_07BC35B4C258,14,250.0,v0.1
INS_2C4EA8DD6B76,REQ_45B3B012E94A,15,900.0,v0.1
INS_2C4EA8DD6B76,REQ_39D53D345B81,16,16850.0,v0.1
INS_2C4EA8DD6B76,REQ_D28A4EE41699,17,13590.0,v0.1
INS_2C4EA8DD6B76,REQ_EF4CD980E535,18,700.0,v0.1
INS_2C4EA8DD6B76,REQ_9004D1B2C466,19,80.0,v0.1
INS_2C4EA8DD6B76,REQ_2C4F77FE955D,20,400.0,v0.1
INS_2C4EA8DD6B76,REQ_D9CC77456AAE,21,2390.0,v0.1
INS_2C4EA8DD6B76,REQ_31DE447D84E8,22,1120.0,v0.1
INS_2C4EA8DD6B76,REQ_C35CF239DF99,23,190.0,v0.1
INS_2C4EA8DD6B76,REQ_648340CE0893,24,459.99999999999994,v0.1
INS_2C4EA8DD6B76,REQ_13F423EC2B04,25,140.0,v0.1
INS_2C4EA8DD6B76,REQ_F20A595D4E7E,26,3340.0,v0.1
INS_2C4EA8DD6B76,REQ_F76591E84B0C,27,2670.0,v0.1
INS_2C4EA8DD6B76,REQ_6A34F7B94CE0,28,490.00000000000006,v0.1
INS_2C4EA8DD6B76,REQ_CA6896134C1D,29,16370.0,v0.1
INS_2C4EA8DD6B76,REQ_A98900A17C73,30,200.0,v0.1
INS_2C4EA8DD6B76,REQ_F32D5923DF63,31,700.0,v0.1
INS_2C4EA8DD6B76,REQ_1C7424DD535B,32,1450.0,v0.1
INS_2C4EA8DD6B76,REQ_D297049501E4,33,30000.0,v0.1
INS_2C4EA8DD6B76,REQ_8EC84C0D13C6,34,980.0000000000001,v0.1
INS_2C4EA8DD6B76,REQ_DC87A307E950,35,1390.0,v0.1
INS_2C4EA8DD6B76,REQ_8D1943E9B837,36,1780.0,v0.1
INS_2C4EA8DD6B76,REQ_B235E8E9FCEE,37,5110.0,v0.1
INS_2C4EA8DD6B76,REQ_93B052BDBF57,38,2420.0,v0.1
INS_51AEEF39BB99,REQ_F661A2A59AB5,0,1630.0,v0.1
INS_51AEEF39BB99,REQ_26064CD6AD89,1,750.0,v0.1
INS_51AEEF39BB99,REQ_0D2AA8EA2718,2,30000.0,v0.1
INS_51AEEF39BB99,REQ_24CAC64069EC,3,15210.0,v0.1
INS_51AEEF39BB99,REQ_2A26F391B40D,4,30000.0,v0.1
INS_51AEEF39BB99,REQ_73D72AAC6717,5,27840.0,v0.1
INS_51AEEF39BB99,REQ_6F9C9CDD6992,6,960.0,v0.1
INS_51AEEF39BB99,REQ_AFDF5F77CE7E,7,2550.0,v0.1
INS_51AEEF39BB99,REQ_D84799C3F0D9,8,30000.0,v0.1
INS_51AEEF39BB99,REQ_E5E48704ECCD,9,610.0,v0.1
INS_51AEEF39BB99,REQ_8805679C39A8,10,2170.0,v0.1
INS_51AEEF39BB99,REQ_842EB539BDE2,11,7900.0,v0.1
INS_51AEEF39BB99,REQ_FFEFB0123607,12,3500.0,v0.1
INS_51AEEF39BB99,REQ_665E28556FEB,13,30000.0,v0.1
INS_C8B0FB21B64A,REQ_0CBDDA0DB8DD,0,30000.0,v0.1
INS_C8B0FB21B64A,REQ_59ED2270B5E4,1,30000.0,v0.1
INS_C8B0FB21B64A,REQ_A1FA2BFC08DC,2,1670.0,v0.1
INS_C8B0FB21B64A,REQ_49E748AF05B6,3,2250.0,v0.1
INS_C8B0FB21B64A,REQ_4B0F4ACBB031,4,30000.0,v0.1
INS_C8B0FB21B64A,REQ_DED5D3C185D7,5,2250.0,v0.1
INS_C8B0FB21B64A,REQ_B38D80AAFE3A,6,80.0,v0.1
INS_C8B0FB21B64A,REQ_6EB3330560DA,7,28790.0,v0.1
INS_C8B0FB21B64A,REQ_41D7C6A4691D,8,1150.0,v0.1
INS_C8B0FB21B64A,REQ_CC40AB3247AE,9,850.0,v0.1
INS_C8B0FB21B64A,REQ_2692E2E62F4C,10,22050.0,v0.1
INS_C8B0FB21B64A,REQ_5DD276FC241B,11,1910.0000000000002,v0.1
INS_C8B0FB21B64A,REQ_5C208C7E1964,12,15850.0,v0.1
INS_C8B0FB21B64A,REQ_C20E2563B6E6,13,23510.0,v0.1
INS_C8B0FB21B64A,REQ_B61153844BFD,14,29730.0,v0.1
INS_C8B0FB21B64A,REQ_ADB8F3E6086C,15,31520.0,v0.1
INS_C8B0FB21B64A,REQ_B99873312402,16,560.0,v0.1
INS_C8B0FB21B64A,REQ_DBBAD359FF9B,17,20740.0,v0.1
INS_C8B0FB21B64A,REQ_9C4CB973D430,18,2880.0,v0.1
INS_C8B0FB21B64A,REQ_8B79AC60A90E,19,8220.0,v0.1
INS_C8B0FB21B64A,REQ_54E44664BA41,20,27340.0,v0.1
INS_C8B0FB21B64A,REQ_159A15A36667,21,28320.0,v0.1
INS_C8B0FB21B64A,REQ_64DDE7833324,22,1590.0,v0.1
INS_C8B0FB21B64A,REQ_034AF4D09D59,23,720.0,v0.1
INS_C8B0FB21B64A,REQ_4C276041F1E6,24,7280.0,v0.1
INS_C8B0FB21B64A,REQ_0AE6693A0F02,25,1680.0,v0.1
INS_C8B0FB21B64A,REQ_8EB79FC87D4A,26,23260.0,v0.1
INS_C8B0FB21B64A,REQ_4B6333264667,27,210.0,v0.1
INS_1133F5200B40,REQ_90588B6B3823,0,8420.0,v0.1
INS_1133F5200B40,REQ_50C531097452,1,6030.0,v0.1
INS_1133F5200B40,REQ_CD4A2A3AC913,2,1000.0,v0.1
INS_1133F5200B40,REQ_F5DF69DFC24E,3,370.0,v0.1
INS_1133F5200B40,REQ_CB265DD2DC5F,4,510.0,v0.1
INS_1133F5200B40,REQ_EE52AAAAC8AB,5,2860.0,v0.1
INS_1133F5200B40,REQ_0938FD678692,6,1900.0,v0.1
INS_1133F5200B40,REQ_7A3DF7AF6A09,7,30000.0,v0.1
INS_A3A6B42199AB,REQ_D5C8E9346E39,0,30000.0,v0.1
INS_A3A6B42199AB,REQ_3B41DAC2C42F,1,950.0,v0.1
INS_A3A6B42199AB,REQ_4BADC816B436,2,30000.0,v0.1
INS_A3A6B42199AB,REQ_051CE8E3986E,3,30000.0,v0.1
INS_A3A6B42199AB,REQ_2A6A8365D475,4,2790.0,v0.1
INS_A3A6B42199AB,REQ_1DB96C622F88,5,4920.0,v0.1
INS_A3A6B42199AB,REQ_F9C56B1D150E,6,25120.0,v0.1
INS_A3A6B42199AB,REQ_167DFBDD2CD0,7,990.0,v0.1
INS_08B9128B0123,REQ_298E01E7E034,0,8260.0,v0.1
INS_08B9128B0123,REQ_D9560C35A024,1,2380.0,v0.1
INS_08B9128B0123,REQ_B8124B2C971B,2,200.0,v0.1
INS_08B9128B0123,REQ_50160CC1FD08,3,490.00000000000006,v0.1
INS_08B9128B0123,REQ_D964563C8282,4,30000.0,v0.1
INS_08B9128B0123,REQ_55917DA2A050,5,30000.0,v0.1
INS_08B9128B0123,REQ_03CB04AD80D0,6,12800.0,v0.1
INS_08B9128B0123,REQ_D03E4CBD7965,7,3850.0,v0.1
INS_08B9128B0123,REQ_DA6F60815A2E,8,25080.0,v0.1
INS_08B9128B0123,REQ_4987927250E6,9,2240.0,v0.1
INS_08B9128B0123,REQ_93F25571AFA3,10,740.0,v0.1
INS_08B9128B0123,REQ_DF7E7D072C2A,11,1690.0,v0.1
INS_08B9128B0123,REQ_4411636DD7EB,12,24250.0,v0.1
INS_08B9128B0123,REQ_5C582CDE8990,13,4040.0,v0.1
INS_08B9128B0123,REQ_9BF7772E4730,14,600.0,v0.1
INS_08B9128B0123,REQ_724A01E786D8,15,630.0,v0.1
INS_64E7440356AE,REQ_357C0EBB7C55,0,3110.0,v0.1
INS_64E7440356AE,REQ_7A49574E69C8,1,30000.0,v0.1
INS_64E7440356AE,REQ_21262FA189DD,2,30000.0,v0.1
INS_64E7440356AE,REQ_3B8F25A907F9,3,22280.0,v0.1
INS_64E7440356AE,REQ_9AAB9312845B,4,30000.0,v0.1
INS_64E7440356AE,REQ_043454D02EE0,5,14270.0,v0.1
INS_64E7440356AE,REQ_009B913D2268,6,2690.0,v0.1
INS_64E7440356AE,REQ_F70CBFB2E451,7,1600.0,v0.1
INS_64E7440356AE,REQ_BEE986DE2DBD,8,30000.0,v0.1
INS_64E7440356AE,REQ_BCDF407D1E8C,9,30000.0,v0.1
INS_64E7440356AE,REQ_D4D0B2FA3545,10,630.0,v0.1
INS_64E7440356AE,REQ_F19E63DB3319,11,1070.0,v0.1
INS_64E7440356AE,REQ_A79FE104D780,12,30000.0,v0.1
INS_64E7440356AE,REQ_ABBC5141EF00,13,30000.0,v0.1
INS_64E7440356AE,REQ_8DC26C8B1803,14,30000.0,v0.1
INS_64E7440356AE,REQ_47CC7E0B55E7,15,840.0,v0.1
INS_64E7440356AE,REQ_942685006168,16,1970.0,v0.1
INS_64E7440356AE,REQ_2EE859299503,17,30000.0,v0.1
INS_64E7440356AE,REQ_15CE59A382EE,18,30000.0,v0.1
INS_64E7440356AE,REQ_D5C4F9338D84,19,11700.0,v0.1
INS_64E7440356AE,REQ_EDD88DB464D3,20,30000.0,v0.1
INS_64E7440356AE,REQ_C7B8420E77BF,21,650.0,v0.1
INS_64E7440356AE,REQ_D53D4D034F90,22,30000.0,v0.1
INS_64E7440356AE,REQ_1BF3BCE15319,23,440.00000000000006,v0.1
INS_64E7440356AE,REQ_6A39B0D15421,24,30000.0,v0.1
INS_64E7440356AE,REQ_713E9C4B03C3,25,30000.0,v0.1
INS_64E7440356AE,REQ_1B9A75FF5727,26,30000.0,v0.1
INS_64E7440356AE,REQ_78876BD220E7,27,11210.0,v0.1
INS_64E7440356AE,REQ_3E8F666F8087,28,8280.0,v0.1
INS_64E7440356AE,REQ_4BBFAA568258,29,30000.0,v0.1
INS_64E7440356AE,REQ_959024D1CA05,30,30000.0,v0.1
INS_64E7440356AE,REQ_EDAAD4BDB0A3,31,30000.0,v0.1
INS_64E7440356AE,REQ_BF291B5B70AA,32,3480.0,v0.1
INS_64E7440356AE,REQ_F7E22DEF3253,33,30000.0,v0.1
INS_64E7440356AE,REQ_DA9EDADB48C5,34,30000.0,v0.1
INS_64E7440356AE,REQ_9A6A2F6EB06D,35,22920.0,v0.1
INS_64E7440356AE,REQ_AA5F75EB3F5E,36,180.0,v0.1
INS_64E7440356AE,REQ_F18D00704628,37,7900.0,v0.1
INS_5867EBEA1C10,REQ_9BD9518FEAA3,0,30000.0,v0.1
INS_5867EBEA1C10,REQ_29A6C3A81EC2,1,240.0,v0.1
INS_5867EBEA1C10,REQ_BA1BF7D240D5,2,12230.0,v0.1
INS_5867EBEA1C10,REQ_9B60AA9AFA13,3,13250.0,v0.1
INS_5867EBEA1C10,REQ_B0E3CA64DDFC,4,990.0,v0.1
INS_5867EBEA1C10,REQ_8F3422200705,5,19460.0,v0.1
INS_5867EBEA1C10,REQ_319CB32AEE3C,6,18400.0,v0.1
INS_5867EBEA1C10,REQ_693545922AA3,7,1400.0,v0.1
INS_5867EBEA1C10,REQ_E691FF10BB50,8,490.0,v0.1
INS_5867EBEA1C10,REQ_E7A2F7C52740,9,3230.0,v0.1
INS_5867EBEA1C10,REQ_AA1795B2F738,10,14600.0,v0.1
INS_5867EBEA1C10,REQ_9B0FC8732720,11,9270.0,v0.1
INS_5867EBEA1C10,REQ_D3BF67FC74B5,12,1480.0,v0.1
INS_5867EBEA1C10,REQ_41029029198A,13,1550.0,v0.1
INS_5867EBEA1C10,REQ_A2C0800A101E,14,30000.0,v0.1
INS_5867EBEA1C10,REQ_681793120DA7,15,459.99999999999994,v0.1
INS_5867EBEA1C10,REQ_A366EE8A7A3B,16,16100.0,v0.1
INS_5867EBEA1C10,REQ_BDF18224B139,17,1350.0,v0.1
INS_5867EBEA1C10,REQ_5A51464C4985,18,6340.0,v0.1
INS_5867EBEA1C10,REQ_2BEE838E8F39,19,5970.0,v0.1
INS_5867EBEA1C10,REQ_08C034F7C1B9,20,23250.0,v0.1
INS_5867EBEA1C10,REQ_028817365445,21,960.0,v0.1
INS_5867EBEA1C10,REQ_92177B2E5404,22,1000.0,v0.1
INS_5867EBEA1C10,REQ_BDD98A7D4EFB,23,21700.0,v0.1
INS_5867EBEA1C10,REQ_622EACD1A62E,24,3500.0,v0.1
INS_5867EBEA1C10,REQ_5F7B7BBC9CAD,25,12860.0,v0.1
INS_5867EBEA1C10,REQ_2F09F46AD482,26,80.0,v0.1
INS_5867EBEA1C10,REQ_74F5211FE859,27,4900.0,v0.1
INS_5867EBEA1C10,REQ_F3ED5CBED83D,28,180.0,v0.1
INS_5867EBEA1C10,REQ_BFD7FC4F8292,29,10010.0,v0.1
INS_5867EBEA1C10,REQ_57B56DFED419,30,12930.0,v0.1
INS_5867EBEA1C10,REQ_450B9225D375,31,8450.0,v0.1
INS_5867EBEA1C10,REQ_39E94504559C,32,8370.0,v0.1
INS_5867EBEA1C10,REQ_DA13888D7128,33,310.0,v0.1
INS_5867EBEA1C10,REQ_BF7FC0D63B24,34,969.9999999999999,v0.1
INS_5867EBEA1C10,REQ_368CC65B56E5,35,3600.0,v0.1
INS_5867EBEA1C10,REQ_BB03635599B3,36,4150.0,v0.1
INS_5867EBEA1C10,REQ_8AA09C5BBC34,37,150.0,v0.1
INS_5867EBEA1C10,REQ_0970388D810A,38,7120.0,v0.1
INS_5867EBEA1C10,REQ_2F21277950CD,39,26990.0,v0.1
INS_5867EBEA1C10,REQ_E721106A64B0,40,1710.0,v0.1
INS_5867EBEA1C10,REQ_1762C3BE8938,41,15140.0,v0.1
INS_5867EBEA1C10,REQ_DB8326CE3D2E,42,509.99999999999994,v0.1
INS_5867EBEA1C10,REQ_32FA3F4858B1,43,5670.0,v0.1
INS_5867EBEA1C10,REQ_F161A03FE830,44,4470.0,v0.1
INS_5867EBEA1C10,REQ_648074D4B45D,45,5380.0,v0.1
INS_5867EBEA1C10,REQ_E82A6BE87B2A,46,1400.0,v0.1
INS_5867EBEA1C10,REQ_C7C8B7EA7BD5,47,300.0,v0.1
INS_5867EBEA1C10,REQ_C276CE35D51B,48,9860.0,v0.1
INS_5867EBEA1C10,REQ_14BE101366D2,49,4990.0,v0.1
INS_5867EBEA1C10,REQ_147BBFD7E20B,50,2200.0,v0.1
INS_5867EBEA1C10,REQ_398FA7BA3261,51,160.0,v0.1
INS_5867EBEA1C10,REQ_F09EC18D7CA7,52,780.0,v0.1
INS_5867EBEA1C10,REQ_4E75BBEE8237,53,20600.0,v0.1
INS_109ECA68E25E,REQ_A278EFD5DB89,0,990.0,v0.1
INS_109ECA68E25E,REQ_CA97D6808B54,1,19290.0,v0.1
INS_109ECA68E25E,REQ_B4413A1F35BD,2,2990.0,v0.1
INS_109ECA68E25E,REQ_D0A98EAE75DB,3,560.0,v0.1
INS_109ECA68E25E,REQ_41DE3F2E79C7,4,30000.0,v0.1
INS_109ECA68E25E,REQ_98401D1FA462,5,1800.0,v0.1
INS_109ECA68E25E,REQ_829F21B0FDF0,6,570.0,v0.1
INS_109ECA68E25E,REQ_FCB77BB930D6,7,1280.0,v0.1
INS_109ECA68E25E,REQ_E504DF3A03E8,8,30000.0,v0.1
INS_109ECA68E25E,REQ_D44449EAC019,9,30000.0,v0.1
INS_109ECA68E25E,REQ_660F5FDDCF07,10,550.0,v0.1
INS_109ECA68E25E,REQ_08837D8333CD,11,6950.0,v0.1
INS_109ECA68E25E,REQ_E719922852C7,12,10490.0,v0.1
INS_109ECA68E25E,REQ_6BC60292F003,13,3390.0,v0.1
INS_109ECA68E25E,REQ_5B61D734BF53,14,13410.0,v0.1
INS_109ECA68E25E,REQ_AAC95858C759,15,8300.0,v0.1
INS_109ECA68E25E,REQ_27243A3A241A,16,30000.0,v0.1
INS_109ECA68E25E,REQ_2410D1913295,17,1830.0,v0.1
INS_109ECA68E25E,REQ_4B67746260EB,18,250.0,v0.1
INS_109ECA68E25E,REQ_BE0D8928C6CE,19,30000.0,v0.1
INS_109ECA68E25E,REQ_951A0A1B5690,20,2350.0,v0.1
INS_109ECA68E25E,REQ_BEB6C0FE7157,21,690.0,v0.1
INS_109ECA68E25E,REQ_C46EB55C3863,22,30000.0,v0.1
INS_109ECA68E25E,REQ_205F985B77CD,23,400.0,v0.1
INS_109ECA68E25E,REQ_C30882FEAF2A,24,3550.0,v0.1
INS_109ECA68E25E,REQ_C99DAC655037,25,3650.0,v0.1
INS_109ECA68E25E,REQ_0EFAF8F14C0D,26,30000.0,v0.1
INS_109ECA68E25E,REQ_3C676ABB7CC1,27,910.0,v0.1
INS_B63EB26A8481,REQ_33DEAF0E3355,0,2550.0,v0.1
INS_B63EB26A8481,REQ_67CAF72B5B4F,1,12050.0,v0.1
INS_B63EB26A8481,REQ_2E20E3E807AD,2,800.0,v0.1
INS_B63EB26A8481,REQ_7B3DCF1E23A3,3,6470.0,v0.1
INS_B63EB26A8481,REQ_F6C76CDBF6FF,4,24150.0,v0.1
INS_B63EB26A8481,REQ_F1E0E80DF88C,5,16025.0,v0.1
INS_B63EB26A8481,REQ_61E739E5B114,6,580.0,v0.1
INS_B63EB26A8481,REQ_A1A1FC56A50B,7,390.0,v0.1
INS_B63EB26A8481,REQ_3BCCCDACE0F1,8,900.0,v0.1
INS_B63EB26A8481,REQ_913D7FA92F38,9,2150.0,v0.1
INS_B63EB26A8481,REQ_2AB1C62BFFB8,10,4620.0,v0.1
INS_B63EB26A8481,REQ_B0B1551C0EB5,11,1360.0,v0.1
INS_B63EB26A8481,REQ_920B031CB1E4,12,2600.0,v0.1
INS_B63EB26A8481,REQ_7F48CFE92239,13,8320.0,v0.1
INS_B63EB26A8481,REQ_753E035D015B,14,840.0,v0.1
INS_B63EB26A8481,REQ_D2582CEA65A9,15,29620.0,v0.1
INS_B63EB26A8481,REQ_547D987308D2,16,4120.0,v0.1
INS_B63EB26A8481,REQ_470F8E0B8C83,17,100.0,v0.1
INS_B63EB26A8481,REQ_BA70C6EEB63D,18,3800.0,v0.1
INS_B63EB26A8481,REQ_265CBF035B89,19,9910.0,v0.1
INS_B63EB26A8481,REQ_DC18C752BAA6,20,18600.0,v0.1
INS_B63EB26A8481,REQ_605436848D2E,21,560.0,v0.1
INS_080BA825648E,REQ_0E5BE0CF4B2F,0,8950.0,v0.1
INS_080BA825648E,REQ_73E31FC1B8A2,1,380.0,v0.1
INS_080BA825648E,REQ_C22057ED128B,2,870.0,v0.1
INS_080BA825648E,REQ_7D985712D4CC,3,250.0,v0.1
INS_080BA825648E,REQ_5902FE44C8CF,4,7130.0,v0.1
INS_080BA825648E,REQ_2D1134CC2B51,5,1530.0,v0.1
INS_080BA825648E,REQ_1DEF4872433B,6,2440.0,v0.1
INS_080BA825648E,REQ_421C61F9CB09,7,2090.0,v0.1
INS_080BA825648E,REQ_E0265E87ED1E,8,210.0,v0.1
INS_080BA825648E,REQ_30254A566AF7,9,1130.0,v0.1
INS_080BA825648E,REQ_5C536B0F122B,10,750.0,v0.1
INS_080BA825648E,REQ_532C55C6833E,11,360.0,v0.1
INS_080BA825648E,REQ_482B520E6D5D,12,5150.0,v0.1
INS_BE1A6B47AF13,REQ_4890D5E316EE,0,1300.0,v0.1
INS_BE1A6B47AF13,REQ_86FA7381F854,1,8610.0,v0.1
INS_BE1A6B47AF13,REQ_F969EE63148C,2,12130.0,v0.1
INS_BE1A6B47AF13,REQ_5B6874BD9B4F,3,150.0,v0.1
INS_BE1A6B47AF13,REQ_0C40F7D79D4F,4,2610.0,v0.1
INS_BE1A6B47AF13,REQ_8397A53985D4,5,520.0,v0.1
INS_BE1A6B47AF13,REQ_4FD8E04D12C6,6,30000.0,v0.1
INS_BE1A6B47AF13,REQ_5B71BE27EB79,7,400.0,v0.1
INS_BE1A6B47AF13,REQ_EDDC7C5C76B4,8,660.0,v0.1
INS_BE1A6B47AF13,REQ_13E5177F7A8D,9,150.0,v0.1
INS_BE1A6B47AF13,REQ_B422448D41B1,10,280.0,v0.1
INS_BE1A6B47AF13,REQ_29D9D58E2211,11,1700.0,v0.1
INS_BE1A6B47AF13,REQ_A97FD700CAA5,12,2500.0,v0.1
INS_BE1A6B47AF13,REQ_458A4FFBE25B,13,700.0,v0.1
INS_BE1A6B47AF13,REQ_23BAAC98E3A1,14,1000.0,v0.1
INS_BE1A6B47AF13,REQ_538610CA1CCB,15,1250.0,v0.1
INS_BE1A6B47AF13,REQ_A604211AC50F,16,130.0,v0.1
INS_BE1A6B47AF13,REQ_F604ED7D0759,17,100.0,v0.1
INS_BE1A6B47AF13,REQ_48DC8CCF6E9B,18,860.0,v0.1
INS_BE1A6B47AF13,REQ_759E0BF18ACC,19,100.0,v0.1
INS_BE1A6B47AF13,REQ_8F05FB88263D,20,4350.0,v0.1
INS_BE1A6B47AF13,REQ_BEA8F17FFCEC,21,700.0,v0.1
INS_BE1A6B47AF13,REQ_BA02D4A00AC5,22,4600.0,v0.1
INS_BE1A6B47AF13,REQ_0277AC45D9F1,23,1830.0,v0.1
INS_BE1A6B47AF13,REQ_5D4E7320B9A0,24,450.0,v0.1
INS_BE1A6B47AF13,REQ_5F7C9334CCD2,25,2830.0,v0.1
INS_BE1A6B47AF13,REQ_AC9FB2D80956,26,1030.0,v0.1
INS_C346A2E42B3A,REQ_CE7A83A82DBF,0,1300.0,v0.1
INS_C346A2E42B3A,REQ_178CDCAF6F27,1,270.0,v0.1
INS_C346A2E42B3A,REQ_FAA920989E6B,2,5600.0,v0.1
INS_C346A2E42B3A,REQ_17CECF0BDB91,3,820.0,v0.1
INS_C346A2E42B3A,REQ_028593DCF953,4,30000.0,v0.1
INS_C346A2E42B3A,REQ_6DF030D00482,5,4420.0,v0.1
INS_C346A2E42B3A,REQ_FEB7BB52BBBD,6,30000.0,v0.1
INS_C346A2E42B3A,REQ_90FA64371840,7,6790.0,v0.1
INS_C346A2E42B3A,REQ_EF7DC88565BC,8,30000.0,v0.1
INS_C346A2E42B3A,REQ_8FE0B5BAF3BE,9,7460.0,v0.1
INS_C346A2E42B3A,REQ_9BBE4301F051,10,26470.0,v0.1
INS_C346A2E42B3A,REQ_4638C35E883D,11,430.0,v0.1
INS_C346A2E42B3A,REQ_9E0CC8E96DBE,12,1960.0,v0.1
INS_C346A2E42B3A,REQ_721A3E45ED94,13,1980.0,v0.1
INS_C346A2E42B3A,REQ_2A3971318DC9,14,2770.0,v0.1
INS_C346A2E42B3A,REQ_C09460040654,15,1380.0,v0.1
INS_C346A2E42B3A,REQ_E566529470B2,16,1839.9999999999998,v0.1
INS_C346A2E42B3A,REQ_79A2FC10D9D2,17,30000.0,v0.1
INS_C346A2E42B3A,REQ_83435849D797,18,6100.0,v0.1
INS_C346A2E42B3A,REQ_8BC13649431D,19,30000.0,v0.1
INS_C346A2E42B3A,REQ_358C29C76EDF,20,30000.0,v0.1
INS_C346A2E42B3A,REQ_7F5420A085DF,21,3940.0,v0.1
INS_C346A2E42B3A,REQ_AB2016071B93,22,2840.0,v0.1
INS_C346A2E42B3A,REQ_F050129F2E73,23,4070.0000000000005,v0.1
INS_C346A2E42B3A,REQ_F40EE0C77BE3,24,2120.0,v0.1
INS_C346A2E42B3A,REQ_96ADEB5A0723,25,1880.0,v0.1
INS_C346A2E42B3A,REQ_7E9C160CD1BB,26,550.0,v0.1
INS_C346A2E42B3A,REQ_A90E1BE2B6F0,27,30000.0,v0.1
INS_C346A2E42B3A,REQ_4731BDA22226,28,250.0,v0.1
INS_C346A2E42B3A,REQ_B4DFBA3953FB,29,2590.0,v0.1
INS_C346A2E42B3A,REQ_4236B6B1C9D6,30,30000.0,v0.1
INS_C346A2E42B3A,REQ_8F2AB92EF9F7,31,30000.0,v0.1
INS_C346A2E42B3A,REQ_CE41E173CA55,32,30000.0,v0.1
INS_C346A2E42B3A,REQ_C4D8B6DFC91F,33,30000.0,v0.1
INS_C346A2E42B3A,REQ_ABA217E748AB,34,5330.0,v0.1
INS_C346A2E42B3A,REQ_7A2719CC178D,35,480.0,v0.1
INS_C346A2E42B3A,REQ_C7827761339D,36,1480.0,v0.1
INS_C346A2E42B3A,REQ_A433E96AC278,37,23410.0,v0.1
INS_C346A2E42B3A,REQ_D4DFFC925C93,38,1600.0,v0.1
INS_C346A2E42B3A,REQ_BA0EEAA06C3F,39,2660.0,v0.1
INS_C346A2E42B3A,REQ_CC7B29FEA359,40,2710.0,v0.1
INS_C346A2E42B3A,REQ_B93E23263AB8,41,2420.0,v0.1
INS_C346A2E42B3A,REQ_25D067C603CE,42,900.0,v0.1
INS_C346A2E42B3A,REQ_9AC9366C96AA,43,3350.0,v0.1
INS_C346A2E42B3A,REQ_599DAE8C5E05,44,3440.0,v0.1
INS_C346A2E42B3A,REQ_80E9D0AE572F,45,15100.0,v0.1
INS_C346A2E42B3A,REQ_D9F9994B7458,46,3370.0,v0.1
INS_C346A2E42B3A,REQ_4328A58208B9,47,30000.0,v0.1
INS_A7D53334369E,REQ_8684232D8F03,0,650.0,v0.1
INS_A7D53334369E,REQ_7C01C3EF2EFB,1,200.0,v0.1
INS_A7D53334369E,REQ_F5AF38344B02,2,20120.0,v0.1
INS_A7D53334369E,REQ_30E85334780B,3,1600.0,v0.1
INS_A7D53334369E,REQ_6097DBAA14BF,4,340.0,v0.1
INS_A7D53334369E,REQ_8D459DB542CD,5,150.0,v0.1
INS_A7D53334369E,REQ_7434F9FB06C7,6,630.0,v0.1
INS_A7D53334369E,REQ_A647E3319A64,7,940.0,v0.1
INS_A7D53334369E,REQ_648074D4B45D,8,5380.0,v0.1
INS_4170EF6A950A,REQ_6231A76A78E9,0,30000.0,v0.1
INS_4170EF6A950A,REQ_F2520EA57FD6,1,590.0,v0.1
INS_4170EF6A950A,REQ_CB4899C3D1D7,2,23140.0,v0.1
INS_4170EF6A950A,REQ_F98863CD39A8,3,10120.0,v0.1
INS_4170EF6A950A,REQ_8455D78F4889,4,16020.0,v0.1
INS_4170EF6A950A,REQ_DAAD29CCD2FD,5,1900.0,v0.1
INS_4170EF6A950A,REQ_6CF0A4299FCC,6,17670.0,v0.1
INS_4170EF6A950A,REQ_FA3443B886BE,7,30000.0,v0.1
INS_4170EF6A950A,REQ_4E7B3570FB4C,8,4680.0,v0.1
INS_4170EF6A950A,REQ_40B27C48B5B1,9,3160.0,v0.1
INS_4170EF6A950A,REQ_BB99A112A717,10,3470.0000000000005,v0.1
INS_4170EF6A950A,REQ_1F8D54632BFA,11,850.0,v0.1
INS_ADEF77BFDB2D,REQ_96F0B1E40C1E,0,16760.0,v0.1
INS_ADEF77BFDB2D,REQ_87F60BA022C4,1,280.0,v0.1
INS_ADEF77BFDB2D,REQ_3749FFD1DED1,2,560.0,v0.1
INS_ADEF77BFDB2D,REQ_86E89ECA6A2E,3,280.0,v0.1
INS_ADEF77BFDB2D,REQ_A122C226913E,4,7150.0,v0.1
INS_ADEF77BFDB2D,REQ_EF7D7694D3CF,5,290.0,v0.1
INS_ADEF77BFDB2D,REQ_862AA276F180,6,110.0,v0.1
INS_ADEF77BFDB2D,REQ_F57268278C27,7,360.0,v0.1
INS_ADEF77BFDB2D,REQ_673F34C40032,8,30000.0,v0.1
INS_ADEF77BFDB2D,REQ_958305EC72C9,9,9780.0,v0.1
INS_ADEF77BFDB2D,REQ_126D0FF6BD89,10,640.0,v0.1
INS_ADEF77BFDB2D,REQ_78E5CC497448,11,250.0,v0.1
INS_ADEF77BFDB2D,REQ_DFFC9D55F101,12,27180.0,v0.1
INS_ADEF77BFDB2D,REQ_0757F5618867,13,1120.0,v0.1
INS_ADEF77BFDB2D,REQ_4307B8714003,14,5750.0,v0.1
INS_ADEF77BFDB2D,REQ_5366AD7EA89D,15,250.0,v0.1
INS_ADEF77BFDB2D,REQ_3FD42D7D0B4B,16,19180.0,v0.1
INS_ADEF77BFDB2D,REQ_642E228A08E4,17,13230.0,v0.1
INS_ADEF77BFDB2D,REQ_871A4E888BC0,18,23260.0,v0.1
INS_ADEF77BFDB2D,REQ_79671DD90B7C,19,30000.0,v0.1
INS_ADEF77BFDB2D,REQ_9B6237117D87,20,240.0,v0.1
INS_ADEF77BFDB2D,REQ_BA99C840FEA2,21,270.0,v0.1
INS_ADEF77BFDB2D,REQ_C54ECF171C38,22,30000.0,v0.1
INS_ADEF77BFDB2D,REQ_94530EDC1579,23,3600.0,v0.1
INS_ADEF77BFDB2D,REQ_3A1039C4A0F6,24,11340.0,v0.1
INS_ADEF77BFDB2D,REQ_91131B0E1717,25,30000.0,v0.1
INS_ADEF77BFDB2D,REQ_83ECB73BA170,26,30700.0,v0.1
INS_ADEF77BFDB2D,REQ_FAF03AA03B30,27,100.0,v0.1
INS_ADEF77BFDB2D,REQ_372BF2DC87F1,28,220.0,v0.1
INS_ADEF77BFDB2D,REQ_863993A2E698,29,290.0,v0.1
INS_ADEF77BFDB2D,REQ_CAFFBA9F3F97,30,14440.0,v0.1
INS_ADEF77BFDB2D,REQ_8C4797CDE380,31,260.0,v0.1
INS_ADEF77BFDB2D,REQ_E50005BD9BB2,32,80.0,v0.1
INS_ADEF77BFDB2D,REQ_60871B3EF8FD,33,200.0,v0.1
INS_ADEF77BFDB2D,REQ_1822E21DD462,34,400.0,v0.1
INS_ADEF77BFDB2D,REQ_A5AEC04C86C9,35,360.0,v0.1
INS_ADEF77BFDB2D,REQ_0C8AD2C458A4,36,30000.0,v0.1
INS_ADEF77BFDB2D,REQ_25FCA32763F5,37,30000.0,v0.1
INS_ADEF77BFDB2D,REQ_ED3FEF99F6DB,38,30000.0,v0.1
INS_ADEF77BFDB2D,REQ_DD2BB99A8ACC,39,7400.0,v0.1
INS_ADEF77BFDB2D,REQ_1B1BE46C9771,40,30000.0,v0.1
INS_ADEF77BFDB2D,REQ_5D050DC776D9,41,3790.0,v0.1
INS_ADEF77BFDB2D,REQ_E2431A3E2733,42,1250.0,v0.1
INS_ADEF77BFDB2D,REQ_A328D948D8A2,43,12130.0,v0.1
INS_ADEF77BFDB2D,REQ_1E2C04032055,44,30000.0,v0.1
INS_ADEF77BFDB2D,REQ_B22EBEE6526B,45,30000.0,v0.1
INS_ADEF77BFDB2D,REQ_C612F0691FB0,46,680.0,v0.1
INS_ADEF77BFDB2D,REQ_8F3BD89B8C29,47,19200.0,v0.1
INS_9125E7DC026C,REQ_DAF200223318,0,230.0,v0.1
INS_9125E7DC026C,REQ_018407D56F22,1,13900.0,v0.1
INS_9125E7DC026C,REQ_A266B370CC76,2,30000.0,v0.1
INS_9125E7DC026C,REQ_8716862032C3,3,2550.0,v0.1
INS_9125E7DC026C,REQ_35EB8F42E887,4,780.0,v0.1
INS_9125E7DC026C,REQ_69C2CB89A782,5,9920.0,v0.1
INS_9125E7DC026C,REQ_E56AA0D629FE,6,1750.0,v0.1
INS_9125E7DC026C,REQ_CACF9C4569EC,7,4075.0,v0.1
INS_9125E7DC026C,REQ_940C4F644F21,8,80.0,v0.1
INS_9125E7DC026C,REQ_7378185631EB,9,240.0,v0.1
INS_9125E7DC026C,REQ_C3C792F7495C,10,440.00000000000006,v0.1
INS_9125E7DC026C,REQ_94355C071338,11,5510.0,v0.1
INS_9125E7DC026C,REQ_D6331D4EDB6E,12,3550.0,v0.1
INS_9125E7DC026C,REQ_4062DCFD6C12,13,320.0,v0.1
INS_9125E7DC026C,REQ_A92AB7206DD4,14,25220.0,v0.1
INS_9125E7DC026C,REQ_A2110569DCE5,15,4810.0,v0.1
INS_9125E7DC026C,REQ_F0EE0A0E795B,16,480.0,v0.1
INS_9125E7DC026C,REQ_844A5463B121,17,450.0,v0.1
INS_9125E7DC026C,REQ_A7B0121CFDE1,18,1010.0,v0.1
INS_9125E7DC026C,REQ_9B792ED83DB4,19,2160.0,v0.1
INS_9125E7DC026C,REQ_89D647E1FD3F,20,860.0,v0.1
INS_9125E7DC026C,REQ_DD050DA03DFE,21,5270.0,v0.1
INS_9125E7DC026C,REQ_AF0A89AB0582,22,8039.999999999999,v0.1
INS_9125E7DC026C,REQ_00680B2236C4,23,3820.0000000000005,v0.1
INS_9125E7DC026C,REQ_1293F7BC93F8,24,3500.0,v0.1
INS_9125E7DC026C,REQ_D117F3542F54,25,550.0,v0.1
INS_9125E7DC026C,REQ_6DD0484CF127,26,6080.0,v0.1
INS_9125E7DC026C,REQ_1D03F04E2323,27,350.0,v0.1
INS_9125E7DC026C,REQ_46D7D89AC298,28,1410.0,v0.1
INS_9125E7DC026C,REQ_387EA495D200,29,1019.9999999999999,v0.1
INS_9125E7DC026C,REQ_A0915A927FA6,30,2550.0,v0.1
INS_9125E7DC026C,REQ_5C23D61970C1,31,30000.0,v0.1
INS_9125E7DC026C,REQ_224B63994723,32,800.0,v0.1
INS_9125E7DC026C,REQ_B6FC3384F1CD,33,380.0,v0.1
INS_9125E7DC026C,REQ_15EF9073A061,34,2270.0,v0.1
INS_9125E7DC026C,REQ_3A3C8B8D044B,35,1430.0,v0.1
INS_9125E7DC026C,REQ_611F26F0EA34,36,11130.0,v0.1
INS_9125E7DC026C,REQ_958EB30B5ADB,37,3040.0,v0.1
INS_9125E7DC026C,REQ_06DB83EB9CCD,38,360.0,v0.1
INS_9125E7DC026C,REQ_7D67A8C0805D,39,9140.0,v0.1
INS_17DA1F779A5B,REQ_C1E6DA054522,0,340.0,v0.1
INS_17DA1F779A5B,REQ_B422448D41B1,1,280.0,v0.1
INS_17DA1F779A5B,REQ_54E59F86F30F,2,600.0,v0.1
INS_17DA1F779A5B,REQ_B79F188DB14C,3,100.0,v0.1
INS_17DA1F779A5B,REQ_0C40F7D79D4F,4,2610.0,v0.1
INS_17DA1F779A5B,REQ_2F5994C90F30,5,1970.0,v0.1
INS_17DA1F779A5B,REQ_550E25E473FF,6,17480.0,v0.1
INS_17DA1F779A5B,REQ_72F46D0626F8,7,30000.0,v0.1
INS_17DA1F779A5B,REQ_2D5131F46F0A,8,250.0,v0.1
INS_17DA1F779A5B,REQ_4890D5E316EE,9,1300.0,v0.1
INS_17DA1F779A5B,REQ_570447C0EC32,10,620.0,v0.1
INS_17DA1F779A5B,REQ_FBCA80440A8F,11,810.0,v0.1
INS_17DA1F779A5B,REQ_C299343B809A,12,1700.0,v0.1
INS_17DA1F779A5B,REQ_A375AF2A9AAA,13,830.0,v0.1
INS_17DA1F779A5B,REQ_D4D7C5B59688,14,2680.0,v0.1
INS_17DA1F779A5B,REQ_86FA7381F854,15,8610.0,v0.1
INS_17DA1F779A5B,REQ_F41994A3B5C0,16,550.0,v0.1
INS_17DA1F779A5B,REQ_0DBCA1E4E2EC,17,1300.0,v0.1
INS_17DA1F779A5B,REQ_7B74BFC133C9,18,2190.0,v0.1
INS_17DA1F779A5B,REQ_52E956DD30AB,19,11040.0,v0.1
INS_17DA1F779A5B,REQ_9DC8B7CE3F99,20,20180.0,v0.1
INS_17DA1F779A5B,REQ_F174EBB84998,21,1019.9999999999999,v0.1
INS_17DA1F779A5B,REQ_D65AB2D6389C,22,9020.0,v0.1
INS_17DA1F779A5B,REQ_DBAC03F2F0B0,23,229.99999999999997,v0.1
INS_17DA1F779A5B,REQ_4233135F1FE9,24,1650.0,v0.1
INS_17DA1F779A5B,REQ_ECA0B685816A,25,2000.0,v0.1
INS_17DA1F779A5B,REQ_B73C3EE0150A,26,15980.0,v0.1
INS_17DA1F779A5B,REQ_520ADB567A26,27,4400.0,v0.1
INS_17DA1F779A5B,REQ_D4D7614E9167,28,8710.0,v0.1
INS_17DA1F779A5B,REQ_E14FFDF57755,29,750.0,v0.1
INS_17DA1F779A5B,REQ_80074563DB1A,30,960.0,v0.1
INS_17DA1F779A5B,REQ_4A77E2CE878A,31,6160.0,v0.1
INS_17DA1F779A5B,REQ_14DC4685BF6F,32,110.00000000000001,v0.1
INS_17DA1F779A5B,REQ_B71C3184F485,33,120.0,v0.1
INS_17DA1F779A5B,REQ_634BA69DCF17,34,3290.0,v0.1
INS_17DA1F779A5B,REQ_BBE878A38965,35,800.0,v0.1
INS_17DA1F779A5B,REQ_BD21DFC00097,36,660.0,v0.1
INS_17DA1F779A5B,REQ_57F4721345D4,37,490.00000000000006,v0.1
INS_17DA1F779A5B,REQ_64C6E1FD8C25,38,1080.0,v0.1
INS_17DA1F779A5B,REQ_FC3630AB495E,39,2970.0,v0.1
INS_17DA1F779A5B,REQ_C4C4BB169BE5,40,8290.0,v0.1
INS_17DA1F779A5B,REQ_4862C1121FAE,41,8960.0,v0.1
INS_17DA1F779A5B,REQ_B33225AD93F9,42,150.0,v0.1
INS_17DA1F779A5B,REQ_03394C5DF86B,43,21150.0,v0.1
INS_774A890FB4BE,REQ_7CF9F5A90A05,0,14280.0,v0.1
INS_774A890FB4BE,REQ_A7BC46973A10,1,15700.0,v0.1
INS_774A890FB4BE,REQ_8F717200F89D,2,11430.0,v0.1
INS_774A890FB4BE,REQ_1FF03DAE2839,3,30000.0,v0.1
INS_774A890FB4BE,REQ_C40ABD233FAB,4,30000.0,v0.1
INS_774A890FB4BE,REQ_811D4A5B9CC3,5,30000.0,v0.1
INS_774A890FB4BE,REQ_5397DF010582,6,30000.0,v0.1
INS_774A890FB4BE,REQ_EDCDD411CC74,7,30000.0,v0.1
INS_774A890FB4BE,REQ_D6A702805405,8,13950.0,v0.1
INS_774A890FB4BE,REQ_546A19D960B0,9,30000.0,v0.1
INS_774A890FB4BE,REQ_BBCB6F5C41EE,10,27060.0,v0.1
INS_774A890FB4BE,REQ_8D6E1C7C1E4E,11,30000.0,v0.1
INS_17C1FAF2F60E,REQ_BBF589ACEE89,0,4190.0,v0.1
INS_17C1FAF2F60E,REQ_239582C07640,1,520.0,v0.1
INS_17C1FAF2F60E,REQ_799C2A05A058,2,4200.0,v0.1
INS_17C1FAF2F60E,REQ_D7991D145302,3,4300.0,v0.1
INS_17C1FAF2F60E,REQ_F039590B9CD0,4,890.0,v0.1
INS_17C1FAF2F60E,REQ_9FAC20421B31,5,2660.0,v0.1
INS_17C1FAF2F60E,REQ_6877C8BCC899,6,160.0,v0.1
INS_17C1FAF2F60E,REQ_4476DC7FAF88,7,4670.0,v0.1
INS_17C1FAF2F60E,REQ_B9D82CEE954C,8,4700.0,v0.1
INS_17C1FAF2F60E,REQ_D3C30F9D68B5,9,220.0,v0.1
INS_17C1FAF2F60E,REQ_752CA8A0CA69,10,229.99999999999997,v0.1
INS_17C1FAF2F60E,REQ_AC90A22FF1C2,11,300.0,v0.1
INS_17C1FAF2F60E,REQ_E9BA9A580F94,12,770.0,v0.1
INS_17C1FAF2F60E,REQ_1CA3AB5F011E,13,8500.0,v0.1
INS_17C1FAF2F60E,REQ_EAC0D78F42AE,14,990.0,v0.1
INS_17C1FAF2F60E,REQ_E4EA724530C7,15,1380.0,v0.1
INS_17C1FAF2F60E,REQ_5E1ED3E18C54,16,240.0,v0.1
INS_17C1FAF2F60E,REQ_3395C40FF298,17,4270.0,v0.1
INS_17C1FAF2F60E,REQ_C5D74A1D553A,18,7500.0,v0.1
INS_17C1FAF2F60E,REQ_0A3C5A95467A,19,4760.0,v0.1
INS_17C1FAF2F60E,REQ_BA1F397032D8,20,6820.0,v0.1
INS_17C1FAF2F60E,REQ_076194017D2F,21,370.0,v0.1
INS_17C1FAF2F60E,REQ_AF0BCB67791C,22,9660.0,v0.1
INS_AF72D564EC1B,REQ_BA715687CED5,0,1689.9999999999998,v0.1
INS_AF72D564EC1B,REQ_DB82A3E4E873,1,1450.0,v0.1
INS_AF72D564EC1B,REQ_A096D26794C8,2,350.0,v0.1
INS_AF72D564EC1B,REQ_6F328305F06D,3,3880.0,v0.1
INS_AF72D564EC1B,REQ_538428BF3184,4,30000.0,v0.1
INS_AF72D564EC1B,REQ_E9D0D3B778A7,5,10550.0,v0.1
INS_AF72D564EC1B,REQ_AA494EFDF59D,6,30000.0,v0.1
INS_AF72D564EC1B,REQ_FE62BE30CA90,7,440.0,v0.1
INS_AF72D564EC1B,REQ_DDEB460BCD32,8,1630.0,v0.1
INS_AF72D564EC1B,REQ_E9C09104D640,9,21270.0,v0.1
INS_AF72D564EC1B,REQ_0A23061C7D9F,10,1780.0,v0.1
INS_AF72D564EC1B,REQ_199CBF629B59,11,12400.0,v0.1
INS_AF72D564EC1B,REQ_890EF5D57ECC,12,2770.0,v0.1
INS_AF72D564EC1B,REQ_0E96456F579F,13,1530.0,v0.1
INS_AF72D564EC1B,REQ_27D4EE8103C5,14,19850.0,v0.1
INS_AF72D564EC1B,REQ_91BBEC068828,15,2080.0,v0.1
INS_AF72D564EC1B,REQ_B7B57F5E3A10,16,30000.0,v0.1
INS_AF72D564EC1B,REQ_C5D654112913,17,30000.0,v0.1
INS_AF72D564EC1B,REQ_7BD1AAE7A5F5,18,30000.0,v0.1
INS_AF72D564EC1B,REQ_E39028F7DDAD,19,4780.0,v0.1
INS_AF72D564EC1B,REQ_419099622B9D,20,3290.0,v0.1
INS_AF72D564EC1B,REQ_711E3F076ABC,21,1380.0,v0.1
INS_AF72D564EC1B,REQ_5E7E3BD4C3AD,22,14880.0,v0.1
INS_AF72D564EC1B,REQ_59EB36629AFB,23,3320.0000000000005,v0.1
INS_AF72D564EC1B,REQ_5000409C2AB4,24,24720.0,v0.1
INS_AF72D564EC1B,REQ_DEFCF33777E9,25,30000.0,v0.1
INS_0C7E7F6E8CD3,REQ_ABF98ED98303,0,30000.0,v0.1
INS_0C7E7F6E8CD3,REQ_867C7EB79D0B,1,1000.0,v0.1
INS_0C7E7F6E8CD3,REQ_3ABED05CC3AF,2,1880.0,v0.1
INS_0C7E7F6E8CD3,REQ_FBB110998B9F,3,1460.0,v0.1
INS_0C7E7F6E8CD3,REQ_8C4DF39DC3D5,4,5100.0,v0.1
INS_0C7E7F6E8CD3,REQ_528A58B24529,5,2350.0,v0.1
INS_0C7E7F6E8CD3,REQ_C420AD786536,6,1560.0,v0.1
INS_0C7E7F6E8CD3,REQ_D7CC06F810DF,7,1900.0,v0.1
INS_0C7E7F6E8CD3,REQ_4BD5544F086F,8,30000.0,v0.1
INS_0C7E7F6E8CD3,REQ_27418E1FE431,9,640.0,v0.1
INS_0C7E7F6E8CD3,REQ_522F90AD1B81,10,510.0,v0.1
INS_0C7E7F6E8CD3,REQ_C973967A3928,11,30000.0,v0.1
INS_0C7E7F6E8CD3,REQ_ED7777A32FEB,12,5750.0,v0.1
INS_0C7E7F6E8CD3,REQ_3B2CEE462043,13,1760.0000000000002,v0.1
INS_7B6E344CEFC4,REQ_F2B7B161F780,0,26960.0,v0.1
INS_7B6E344CEFC4,REQ_59428E836BBB,1,180.0,v0.1
INS_7B6E344CEFC4,REQ_94F94592CEC3,2,11270.0,v0.1
INS_7B6E344CEFC4,REQ_1E48D147BBCE,3,17290.0,v0.1
INS_7B6E344CEFC4,REQ_0D198DB26C1B,4,6860.0,v0.1
INS_7B6E344CEFC4,REQ_EA3669AA6074,5,5740.0,v0.1
INS_7B6E344CEFC4,REQ_B1E97114686A,6,13175.0,v0.1
INS_7B6E344CEFC4,REQ_35CA3AE5E7BF,7,80.0,v0.1
INS_7B6E344CEFC4,REQ_C00AE3B8C27D,8,100.0,v0.1
INS_7B6E344CEFC4,REQ_59D9E4D665A4,9,9290.0,v0.1
INS_7B6E344CEFC4,REQ_1C9DA336D244,10,710.0,v0.1
INS_4A96EBDC0BA3,REQ_266FB88C0285,0,3240.0,v0.1
INS_4A96EBDC0BA3,REQ_D947F3E07FE7,1,550.0,v0.1
INS_4A96EBDC0BA3,REQ_B174347B404E,2,10500.0,v0.1
INS_4A96EBDC0BA3,REQ_55E21E7008AB,3,30000.0,v0.1
INS_4A96EBDC0BA3,REQ_9CEA1EDABCC4,4,30000.0,v0.1
INS_4A96EBDC0BA3,REQ_28295AD4C9CE,5,3300.0,v0.1
INS_4A96EBDC0BA3,REQ_09BAE6F1E84C,6,2070.0,v0.1
INS_4A96EBDC0BA3,REQ_784C38B1BB70,7,28930.0,v0.1
INS_4A96EBDC0BA3,REQ_08E1D549EF1C,8,20930.0,v0.1
INS_4A96EBDC0BA3,REQ_49A935C756F4,9,6060.0,v0.1
INS_4A96EBDC0BA3,REQ_09882789478D,10,30000.0,v0.1
INS_4A96EBDC0BA3,REQ_6F4E27F639CC,11,850.0,v0.1
INS_4A96EBDC0BA3,REQ_A3DDECA3D8D2,12,30000.0,v0.1
INS_4A96EBDC0BA3,REQ_04D6587A13E6,13,30000.0,v0.1
INS_4A96EBDC0BA3,REQ_B0DB739B1B2C,14,10070.0,v0.1
INS_4A96EBDC0BA3,REQ_90E42D3FBA72,15,30000.0,v0.1
INS_4A96EBDC0BA3,REQ_6B3674688BF6,16,13840.0,v0.1
INS_4A96EBDC0BA3,REQ_6F43B416D1E7,17,28700.0,v0.1
INS_4A96EBDC0BA3,REQ_21C0B47291EB,18,5370.0,v0.1
INS_4A96EBDC0BA3,REQ_28A375DE6AAA,19,8840.0,v0.1
INS_4A96EBDC0BA3,REQ_672872653816,20,1460.0,v0.1
INS_4A96EBDC0BA3,REQ_AE2333F644E5,21,30000.0,v0.1
INS_4A96EBDC0BA3,REQ_6F62FF5FFFFA,22,11270.0,v0.1
INS_4A96EBDC0BA3,REQ_1E3410F4B0A4,23,400.0,v0.1
INS_4A96EBDC0BA3,REQ_2DD2DB04CE7D,24,21570.0,v0.1
INS_4A96EBDC0BA3,REQ_2775B34FA673,25,30000.0,v0.1
INS_4A96EBDC0BA3,REQ_1EB93EA4E4E6,26,30000.0,v0.1
INS_DA619F8CFBC4,REQ_C26930DC452A,0,2150.0,v0.1
INS_DA619F8CFBC4,REQ_6B61ABFF6DE9,1,1900.0,v0.1
INS_DA619F8CFBC4,REQ_CD4A6D8BD164,2,480.0,v0.1
INS_DA619F8CFBC4,REQ_EA8E97D9DF37,3,7300.0,v0.1
INS_DA619F8CFBC4,REQ_875CBDA6B82D,4,2640.0,v0.1
INS_DA619F8CFBC4,REQ_7E3253FC327C,5,24680.0,v0.1
INS_DA619F8CFBC4,REQ_B7783E42C845,6,1650.0,v0.1
INS_DA619F8CFBC4,REQ_8C91A671E2C7,7,1550.0,v0.1
INS_DA619F8CFBC4,REQ_3B048A4EA9C9,8,180.0,v0.1
INS_99AC5B98D44B,REQ_F7DCF8749E3C,0,3720.0,v0.1
INS_99AC5B98D44B,REQ_645EFBFD4663,1,880.0,v0.1
INS_99AC5B98D44B,REQ_3BE08DF5243A,2,750.0,v0.1
INS_99AC5B98D44B,REQ_C5AE969A111D,3,10950.0,v0.1
INS_99AC5B98D44B,REQ_E24BC30C6418,4,100.0,v0.1
INS_99AC5B98D44B,REQ_8C1A26832658,5,780.0,v0.1
INS_99AC5B98D44B,REQ_9FC6490B402D,6,790.0,v0.1
INS_99AC5B98D44B,REQ_AC57CBB3E353,7,1250.0,v0.1
INS_99AC5B98D44B,REQ_0A0FB44CC766,8,9980.0,v0.1
INS_8727492D581C,REQ_2E33E3208605,0,250.0,v0.1
INS_8727492D581C,REQ_07794900B507,1,7440.0,v0.1
INS_8727492D581C,REQ_95815901770A,2,10200.0,v0.1
INS_8727492D581C,REQ_E3B399F19965,3,1400.0,v0.1
INS_8727492D581C,REQ_EFC9B89969F0,4,30000.0,v0.1
INS_8727492D581C,REQ_0AE7844DEE5A,5,30000.0,v0.1
INS_8727492D581C,REQ_A637BB6EF5D9,6,18980.0,v0.1
INS_8727492D581C,REQ_25132B563F8A,7,22700.0,v0.1
INS_8727492D581C,REQ_49799CC12586,8,17030.0,v0.1
INS_8727492D581C,REQ_425D14044E35,9,6690.000000000001,v0.1
INS_8727492D581C,REQ_354DA022C969,10,3160.0,v0.1
INS_8727492D581C,REQ_CD9EAE107BCA,11,470.0,v0.1
INS_8727492D581C,REQ_0BF2B9942B68,12,30000.0,v0.1
INS_8727492D581C,REQ_6D49C2576D08,13,500.0,v0.1
INS_8727492D581C,REQ_84953845313F,14,30000.0,v0.1
INS_8727492D581C,REQ_4C1AEA972B6C,15,9030.0,v0.1
INS_8727492D581C,REQ_EEE22F9E9791,16,560.0,v0.1
INS_8727492D581C,REQ_23525532F2C1,17,850.0,v0.1
INS_8727492D581C,REQ_A4D067EDDA41,18,5420.0,v0.1
INS_8727492D581C,REQ_A2AA25F786D3,19,500.0,v0.1
INS_8727492D581C,REQ_4E226E46BD15,20,6420.0,v0.1
INS_8727492D581C,REQ_1F96530716A8,21,1240.0,v0.1
INS_8727492D581C,REQ_2718C84A845D,22,1750.0,v0.1
INS_8727492D581C,REQ_521C6BBF1BA6,23,21560.0,v0.1
INS_8727492D581C,REQ_295E46B7E897,24,1210.0,v0.1
INS_8727492D581C,REQ_809691E45A83,25,16170.000000000002,v0.1
INS_8727492D581C,REQ_E4121A0B1257,26,30000.0,v0.1
INS_8727492D581C,REQ_4267FC332CF4,27,4880.0,v0.1
INS_9E1DB0741431,REQ_CC5A547B6557,0,23360.0,v0.1
INS_9E1DB0741431,REQ_DAFE6C80BD50,1,30000.0,v0.1
INS_9E1DB0741431,REQ_160D9FE554FF,2,30000.0,v0.1
INS_9E1DB0741431,REQ_AC8C79DC23AC,3,30000.0,v0.1
INS_9E1DB0741431,REQ_D09B14797496,4,30000.0,v0.1
INS_9E1DB0741431,REQ_F7E253D0A958,5,30000.0,v0.1
INS_9E1DB0741431,REQ_66C3BF61C5CC,6,26720.0,v0.1
INS_9E1DB0741431,REQ_D53D2A8D9117,7,30000.0,v0.1
INS_9E1DB0741431,REQ_A1522B97F8C2,8,30000.0,v0.1
INS_9E1DB0741431,REQ_3EA4A01242E3,9,25200.0,v0.1
INS_9E1DB0741431,REQ_4D79D46DFF98,10,500.0,v0.1
INS_9E1DB0741431,REQ_7C82D856E4DF,11,1500.0,v0.1
INS_9E1DB0741431,REQ_AA1BA9DB59A1,12,800.0,v0.1
INS_9E1DB0741431,REQ_D1103C092ED9,13,30000.0,v0.1
INS_9E1DB0741431,REQ_829A6AABFD5F,14,30000.0,v0.1
INS_9E1DB0741431,REQ_65FBE0283CAF,15,30000.0,v0.1
INS_9E1DB0741431,REQ_9F137379FC36,16,24850.0,v0.1
INS_9E1DB0741431,REQ_92FD5EFD22D3,17,30000.0,v0.1
INS_9E1DB0741431,REQ_33E1A6788418,18,30000.0,v0.1
INS_9E1DB0741431,REQ_88351F3B8D32,19,30000.0,v0.1
INS_9E1DB0741431,REQ_CBF27A2DAACD,20,800.0,v0.1
INS_9E1DB0741431,REQ_9CBAB0D00B27,21,30000.0,v0.1
INS_9E1DB0741431,REQ_A2016CEB1B9A,22,11440.0,v0.1
INS_9E1DB0741431,REQ_17FD3064533F,23,30000.0,v0.1
INS_9E1DB0741431,REQ_E711ACB22092,24,30000.0,v0.1
INS_9E1DB0741431,REQ_A1AD7B4E66F6,25,30000.0,v0.1
INS_9E1DB0741431,REQ_CE6688EAAF11,26,30000.0,v0.1
INS_2ED9FC516F58,REQ_587E1EA10952,0,30000.0,v0.1
INS_2ED9FC516F58,REQ_74A931FA1079,1,18820.0,v0.1
INS_2ED9FC516F58,REQ_E50524A96B19,2,20540.0,v0.1
INS_2ED9FC516F58,REQ_C467DA777186,3,26070.0,v0.1
INS_2ED9FC516F58,REQ_0B9FFD6545E3,4,18720.0,v0.1
INS_2ED9FC516F58,REQ_337340C30D2E,5,13080.0,v0.1
INS_2ED9FC516F58,REQ_BD3278D236A9,6,12460.0,v0.1
INS_2ED9FC516F58,REQ_8B90D2883DEA,7,30000.0,v0.1
INS_2ED9FC516F58,REQ_C86DE41EA334,8,29460.0,v0.1
INS_2ED9FC516F58,REQ_DED8AA21E0B6,9,29790.0,v0.1
INS_2ED9FC516F58,REQ_948820C577EE,10,30000.0,v0.1
INS_2ED9FC516F58,REQ_F6D705542F1C,11,13680.0,v0.1
INS_2ED9FC516F58,REQ_0391EBB527B6,12,30000.0,v0.1
INS_2ED9FC516F58,REQ_75F10E935EE1,13,30000.0,v0.1
INS_2ED9FC516F58,REQ_C6251C50FCA6,14,30000.0,v0.1
INS_2ED9FC516F58,REQ_5128C36DC078,15,17060.0,v0.1
INS_2ED9FC516F58,REQ_CFCB418FB1B4,16,30000.0,v0.1
INS_2ED9FC516F58,REQ_299A9F4AA5CE,17,30000.0,v0.1
INS_2ED9FC516F58,REQ_2D6D358E8DCC,18,30000.0,v0.1
INS_2ED9FC516F58,REQ_C86E98612EAD,19,30000.0,v0.1
INS_2ED9FC516F58,REQ_D11FE85E3355,20,30000.0,v0.1
INS_2ED9FC516F58,REQ_2BEAC4526E54,21,30000.0,v0.1
INS_620EA519DAD1,REQ_9854F22FFC9A,0,470.0,v0.1
INS_620EA519DAD1,REQ_80A0CD71E9AA,1,23250.0,v0.1
INS_620EA519DAD1,REQ_61AAF1A16775,2,30000.0,v0.1
INS_620EA519DAD1,REQ_4B0BA39F6C34,3,13050.0,v0.1
INS_620EA519DAD1,REQ_072D5D427A73,4,16440.0,v0.1
INS_620EA519DAD1,REQ_F6D219960707,5,1440.0,v0.1
INS_620EA519DAD1,REQ_C7AE263E845F,6,26350.0,v0.1
INS_620EA519DAD1,REQ_84A1FB6EB7A5,7,30000.0,v0.1
INS_620EA519DAD1,REQ_031A651A7125,8,22580.0,v0.1
INS_620EA519DAD1,REQ_2939A5BDA18F,9,550.0,v0.1
INS_620EA519DAD1,REQ_7E0DB3DC29AA,10,30000.0,v0.1
INS_620EA519DAD1,REQ_67FDF48977B0,11,520.0,v0.1
INS_8F08A8D432C4,REQ_D274743E6FA0,0,1360.0,v0.1
INS_8F08A8D432C4,REQ_7C01C3EF2EFB,1,200.0,v0.1
INS_8F08A8D432C4,REQ_105740ABF28D,2,11740.0,v0.1
INS_8F08A8D432C4,REQ_08B0B353426C,3,28290.0,v0.1
INS_8F08A8D432C4,REQ_319CB32AEE3C,4,18400.0,v0.1
INS_8F08A8D432C4,REQ_EACDC5E29505,5,1660.0000000000002,v0.1
INS_8F08A8D432C4,REQ_61277E07769E,6,1260.0,v0.1
INS_8F08A8D432C4,REQ_9D5F5F08BC8B,7,6500.0,v0.1
INS_8F08A8D432C4,REQ_6C0651204526,8,1000.0,v0.1
INS_8F08A8D432C4,REQ_97F5C3AE2253,9,670.0,v0.1
INS_8F08A8D432C4,REQ_3C1B28185BAA,10,3740.0,v0.1
INS_8F08A8D432C4,REQ_9FA96F59246C,11,2650.0,v0.1
INS_D94964AFAB91,REQ_BE56207A12D2,0,8850.0,v0.1
INS_D94964AFAB91,REQ_4D5FB5191AEC,1,1080.0,v0.1
INS_D94964AFAB91,REQ_741D7C899A40,2,28300.0,v0.1
INS_D94964AFAB91,REQ_DB42944C83C4,3,4930.0,v0.1
INS_D94964AFAB91,REQ_39BEE024CA06,4,12670.0,v0.1
INS_D94964AFAB91,REQ_836F4CCBF694,5,650.0,v0.1
INS_D94964AFAB91,REQ_04A9B2D1ED2B,6,80.0,v0.1
INS_D94964AFAB91,REQ_AE7CC7EA497A,7,7310.0,v0.1
INS_D94964AFAB91,REQ_017C470AA3A8,8,23290.0,v0.1
INS_D94964AFAB91,REQ_0A02FB8B58FB,9,100.0,v0.1
INS_D94964AFAB91,REQ_5E0DA6BC301B,10,100.0,v0.1
INS_D94964AFAB91,REQ_71C51952DC57,11,1100.0,v0.1
INS_D94964AFAB91,REQ_1B462831047E,12,450.0,v0.1
INS_D94964AFAB91,REQ_8CB3B3306FC2,13,1100.0,v0.1
INS_D94964AFAB91,REQ_1DD75B0AAE93,14,15040.0,v0.1
INS_D94964AFAB91,REQ_E4400C321994,15,12810.0,v0.1
INS_D94964AFAB91,REQ_683BF862349E,16,1100.0,v0.1
INS_D94964AFAB91,REQ_7FCC4E0BF2FC,17,15610.0,v0.1
INS_D94964AFAB91,REQ_B9CA0C45C5AC,18,600.0,v0.1
INS_D94964AFAB91,REQ_BFC46FD89DFE,19,2860.0,v0.1
INS_D94964AFAB91,REQ_8C15E616A467,20,370.0,v0.1
INS_D94964AFAB91,REQ_ACB368D6E2F1,21,5510.0,v0.1
INS_D94964AFAB91,REQ_DCA05B9CC796,22,2510.0,v0.1
INS_D94964AFAB91,REQ_76A2DEF927DF,23,29580.0,v0.1
INS_7F39E61508D5,REQ_E07B3BFA71F8,0,560.0,v0.1
INS_7F39E61508D5,REQ_F19E9493291B,1,5200.0,v0.1
INS_7F39E61508D5,REQ_3B9EF0191F4F,2,30000.0,v0.1
INS_7F39E61508D5,REQ_856F2F4A87A9,3,8080.0,v0.1
INS_7F39E61508D5,REQ_680762FBBC8A,4,5160.0,v0.1
INS_7F39E61508D5,REQ_CB6F537038DD,5,30000.0,v0.1
INS_7F39E61508D5,REQ_E913C9099751,6,7700.0,v0.1
INS_7F39E61508D5,REQ_2ED82E98DC42,7,1470.0,v0.1
INS_7F39E61508D5,REQ_B4FE0584BCB7,8,30000.0,v0.1
INS_7F39E61508D5,REQ_40726269F621,9,10130.0,v0.1
INS_7F39E61508D5,REQ_72BE011BE751,10,30000.0,v0.1
INS_0F03095230E5,REQ_A9E4CD4A499C,0,30000.0,v0.1
INS_0F03095230E5,REQ_5B617224C6EC,1,420.0,v0.1
INS_0F03095230E5,REQ_2F893422E480,2,1150.0,v0.1
INS_0F03095230E5,REQ_231344AC2E11,3,960.0,v0.1
INS_0F03095230E5,REQ_55A072ECD520,4,750.0,v0.1
INS_0F03095230E5,REQ_DEFDBFF38764,5,30000.0,v0.1
INS_0F03095230E5,REQ_BEDC45CFB93D,6,360.0,v0.1
INS_0F03095230E5,REQ_F7146B35EDF9,7,29220.0,v0.1
INS_0F03095230E5,REQ_A9F21BEC5CA0,8,640.0,v0.1
INS_0F03095230E5,REQ_50769AE2E859,9,290.0,v0.1
INS_0F03095230E5,REQ_983EDAAC30B8,10,3370.0000000000005,v0.1
INS_0F03095230E5,REQ_3B64E6CFB926,11,30000.0,v0.1
INS_76BEFDD582FD,REQ_98DC5AACBBAA,0,320.0,v0.1
INS_76BEFDD582FD,REQ_BC9AEC6C7E73,1,869.9999999999999,v0.1
INS_76BEFDD582FD,REQ_FEA77BF6B558,2,600.0,v0.1
INS_76BEFDD582FD,REQ_E722E66EC7AE,3,1230.0,v0.1
INS_76BEFDD582FD,REQ_1C9F0B3B388B,4,2370.0,v0.1
INS_76BEFDD582FD,REQ_29417744D98C,5,600.0,v0.1
INS_76BEFDD582FD,REQ_39A99B3597CE,6,1100.0,v0.1
INS_76BEFDD582FD,REQ_81F482E0353B,7,1100.0,v0.1
INS_76BEFDD582FD,REQ_3A0869572F47,8,30000.0,v0.1
INS_76BEFDD582FD,REQ_2DAB114F5128,9,21200.0,v0.1
INS_C7E38E7AD5BA,REQ_456881F0BC67,0,30000.0,v0.1
INS_C7E38E7AD5BA,REQ_EBCCFA1E6A7F,1,17640.0,v0.1
INS_C7E38E7AD5BA,REQ_290207E6E90E,2,20590.0,v0.1
INS_C7E38E7AD5BA,REQ_1FBD7665CEF8,3,30000.0,v0.1
INS_C7E38E7AD5BA,REQ_F79786BE1AE9,4,30000.0,v0.1
INS_C7E38E7AD5BA,REQ_ECEB0B1438B0,5,26630.0,v0.1
INS_C7E38E7AD5BA,REQ_8495F52429CF,6,30000.0,v0.1
INS_C7E38E7AD5BA,REQ_D41663ABDA7E,7,18930.0,v0.1
INS_C7E38E7AD5BA,REQ_5CB3314F49C3,8,30000.0,v0.1
INS_C7E38E7AD5BA,REQ_E74EE37E0E0B,9,13730.0,v0.1
INS_C7E38E7AD5BA,REQ_A3B267051658,10,22480.0,v0.1
INS_C7E38E7AD5BA,REQ_B7AFBFEAA524,11,25850.0,v0.1
INS_48BB058BD992,REQ_EA1AAB35C178,0,10380.0,v0.1
INS_48BB058BD992,REQ_BEDC45CFB93D,1,360.0,v0.1
INS_48BB058BD992,REQ_32EE723E5550,2,2350.0,v0.1
INS_48BB058BD992,REQ_F4589A61CA9B,3,110.0,v0.1
INS_48BB058BD992,REQ_4AD5008D926C,4,30000.0,v0.1
INS_48BB058BD992,REQ_D45AAC989689,5,1650.0,v0.1
INS_48BB058BD992,REQ_6405019A3E7D,6,90.0,v0.1
INS_48BB058BD992,REQ_F4A5532F36CC,7,30000.0,v0.1
INS_48BB058BD992,REQ_65447B2A7CCB,8,950.0,v0.1
INS_48BB058BD992,REQ_983EDAAC30B8,9,3370.0000000000005,v0.1
INS_48BB058BD992,REQ_A9E4CD4A499C,10,30000.0,v0.1
INS_48BB058BD992,REQ_A389342E1E42,11,600.0,v0.1
INS_48BB058BD992,REQ_C7638874468A,12,30000.0,v0.1
INS_48BB058BD992,REQ_99BDAD29094C,13,480.0,v0.1
INS_48BB058BD992,REQ_BC823A16BF77,14,1689.9999999999998,v0.1
INS_48BB058BD992,REQ_0FF36E81EF07,15,1970.0,v0.1
INS_8560EC1B0D24,REQ_9AE4BA7FB8C4,0,18850.0,v0.1
INS_8560EC1B0D24,REQ_BD2D6B2E0207,1,9650.0,v0.1
INS_8560EC1B0D24,REQ_C8B54E643DAF,2,30000.0,v0.1
INS_8560EC1B0D24,REQ_5B4E59234BC1,3,280.0,v0.1
INS_8560EC1B0D24,REQ_0926F3376515,4,940.0,v0.1
INS_8560EC1B0D24,REQ_50C163893990,5,330.0,v0.1
INS_8560EC1B0D24,REQ_E420D913E16D,6,30000.0,v0.1
INS_8560EC1B0D24,REQ_0CCDCB0D44A8,7,3820.0,v0.1
INS_8560EC1B0D24,REQ_3E52F7FF91EF,8,30000.0,v0.1
INS_8560EC1B0D24,REQ_6C33F6E19DCB,9,30000.0,v0.1
INS_8560EC1B0D24,REQ_04C5EB60AB97,10,30000.0,v0.1
INS_8560EC1B0D24,REQ_6B7709588F57,11,1290.0,v0.1
INS_8560EC1B0D24,REQ_809E38F7BDBD,12,5620.0,v0.1
INS_8560EC1B0D24,REQ_BED4A4AC3CFC,13,1080.0,v0.1
INS_8560EC1B0D24,REQ_CD46E38AE293,14,19010.0,v0.1
INS_8560EC1B0D24,REQ_03DC46CF1F87,15,30000.0,v0.1
INS_8560EC1B0D24,REQ_C4B0A7BD85F7,16,430.0,v0.1
INS_8560EC1B0D24,REQ_39CC47DC0642,17,930.0,v0.1
INS_16345AD7545B,REQ_796072D5F2FA,0,1140.0,v0.1
INS_16345AD7545B,REQ_A36D09D55EFB,1,19490.0,v0.1
INS_16345AD7545B,REQ_D0E1A6E8E17C,2,110.00000000000001,v0.1
INS_16345AD7545B,REQ_5E559E182C3F,3,1620.0,v0.1
INS_16345AD7545B,REQ_D750C23E222E,4,110.0,v0.1
INS_16345AD7545B,REQ_ABD2DF89A881,5,260.0,v0.1
INS_16345AD7545B,REQ_291D8EC2C9FC,6,230.0,v0.1
INS_16345AD7545B,REQ_EA4BCA0AD60D,7,17900.0,v0.1
INS_16345AD7545B,REQ_15FBFBF390D8,8,18370.0,v0.1
INS_16345AD7545B,REQ_5870FF936B9F,9,1850.0,v0.1
INS_16345AD7545B,REQ_7FA0EE482D5E,10,260.0,v0.1
INS_16345AD7545B,REQ_B528C4AD3B8D,11,150.0,v0.1
INS_16345AD7545B,REQ_D8EE42C936DA,12,1500.0,v0.1
INS_16345AD7545B,REQ_1ACC781774DC,13,640.0,v0.1
INS_5091CD4A0BE0,REQ_8FD0943C9A93,0,8850.0,v0.1
INS_5091CD4A0BE0,REQ_CDC9C58BD45F,1,3940.0,v0.1
INS_5091CD4A0BE0,REQ_D23706861FD0,2,4530.0,v0.1
INS_5091CD4A0BE0,REQ_2EF4D7EE15E9,3,15060.0,v0.1
INS_5091CD4A0BE0,REQ_6F7B592133E2,4,27380.0,v0.1
INS_5091CD4A0BE0,REQ_C1BE57E93AFE,5,900.0,v0.1
INS_5091CD4A0BE0,REQ_C5FA5DE356E7,6,6880.0,v0.1
INS_5091CD4A0BE0,REQ_8B12E44344EE,7,200.0,v0.1
INS_5091CD4A0BE0,REQ_F2C8243105A7,8,210.0,v0.1
INS_5091CD4A0BE0,REQ_BCEEBC697E67,9,18630.0,v0.1
INS_5091CD4A0BE0,REQ_07EA4E92CD1D,10,8720.0,v0.1
INS_5091CD4A0BE0,REQ_724D5CE7DDE9,11,3070.0,v0.1
INS_5091CD4A0BE0,REQ_5592EEFA28F6,12,5480.0,v0.1
INS_5091CD4A0BE0,REQ_3CADB1F5F626,13,2040.0,v0.1
INS_5091CD4A0BE0,REQ_7282CD179C08,14,12170.0,v0.1
INS_5091CD4A0BE0,REQ_18F16BC42AC9,15,1850.0,v0.1
INS_5091CD4A0BE0,REQ_2A847D4C605B,16,190.0,v0.1
INS_5091CD4A0BE0,REQ_E846BD9621EE,17,1100.0,v0.1
INS_F5B989F83CE2,REQ_BA4765F3E68D,0,30000.0,v0.1
INS_F5B989F83CE2,REQ_C21D9002E4B1,1,22540.0,v0.1
INS_F5B989F83CE2,REQ_2A92DFD89864,2,17760.0,v0.1
INS_F5B989F83CE2,REQ_AA4AFAE13C6E,3,9800.0,v0.1
INS_F5B989F83CE2,REQ_A673DE68CE58,4,26980.0,v0.1
INS_F5B989F83CE2,REQ_919DD27012C6,5,30000.0,v0.1
INS_F5B989F83CE2,REQ_0C29D1C7632C,6,30000.0,v0.1
INS_F5B989F83CE2,REQ_BC1B952684D8,7,30000.0,v0.1
INS_F5B989F83CE2,REQ_16000AC93CBF,8,17000.0,v0.1
INS_F5B989F83CE2,REQ_9137C155DD72,9,13460.0,v0.1
INS_F5B989F83CE2,REQ_895E7DF735BD,10,14200.0,v0.1
INS_F5B989F83CE2,REQ_89498E831993,11,30000.0,v0.1
INS_F5B989F83CE2,REQ_75AB6204EF53,12,390.0,v0.1
INS_F5B989F83CE2,REQ_48C9BCADCABD,13,30000.0,v0.1
INS_F5B989F83CE2,REQ_4CC2DA46AECF,14,30000.0,v0.1
INS_F5B989F83CE2,REQ_B928B17119AE,15,6080.0,v0.1
INS_F5B989F83CE2,REQ_43CCF80E4E99,16,30000.0,v0.1
INS_F5B989F83CE2,REQ_05AC31DD7CD8,17,9310.0,v0.1
INS_F5B989F83CE2,REQ_788FAF911A5E,18,550.0,v0.1
INS_F5B989F83CE2,REQ_CB81322F5C84,19,6800.0,v0.1
INS_F5B989F83CE2,REQ_8BEBDFC315FC,20,15350.0,v0.1
INS_F5B989F83CE2,REQ_0CC67604B2B7,21,24350.0,v0.1
INS_F5B989F83CE2,REQ_CECF7A168639,22,30000.0,v0.1
INS_F5B989F83CE2,REQ_AF8CDDA4D5E0,23,30000.0,v0.1
INS_F5B989F83CE2,REQ_6C087EA6F86F,24,30000.0,v0.1
INS_B4EA8C365060,REQ_757CABCDC760,0,510.0,v0.1
INS_B4EA8C365060,REQ_3017DAF66A13,1,30000.0,v0.1
INS_B4EA8C365060,REQ_169449095CD6,2,350.0,v0.1
INS_B4EA8C365060,REQ_607E7C590B6A,3,3700.0,v0.1
INS_B4EA8C365060,REQ_E04643C940A5,4,8890.0,v0.1
INS_B4EA8C365060,REQ_7174B55A2E9F,5,7500.0,v0.1
INS_B4EA8C365060,REQ_B4E0D95527C2,6,1860.0,v0.1
INS_B4EA8C365060,REQ_39276FD15E22,7,1450.0,v0.1
INS_B4EA8C365060,REQ_5742808346BB,8,3920.0,v0.1
INS_B4EA8C365060,REQ_B22A3E1AED63,9,30000.0,v0.1
INS_B4EA8C365060,REQ_0E282533281A,10,1839.9999999999998,v0.1
INS_B4EA8C365060,REQ_8A7FA70289D1,11,11850.0,v0.1
INS_B4EA8C365060,REQ_789765C15041,12,30000.0,v0.1
INS_B4EA8C365060,REQ_8305B3A25D11,13,3260.0,v0.1
INS_B4EA8C365060,REQ_D03E4CBD7965,14,3850.0,v0.1
INS_B4EA8C365060,REQ_206EA3FABFA2,15,11600.0,v0.1
INS_B4EA8C365060,REQ_87A0CD1F39C8,16,30000.0,v0.1
INS_B4EA8C365060,REQ_AE712D34803D,17,30000.0,v0.1
INS_B4EA8C365060,REQ_7E1916286D72,18,4800.0,v0.1
INS_B4EA8C365060,REQ_4987927250E6,19,2240.0,v0.1
INS_B4EA8C365060,REQ_F1644652E3CA,20,11760.0,v0.1
INS_B4EA8C365060,REQ_4371F407B87B,21,25150.0,v0.1
INS_B4EA8C365060,REQ_519B37D8AAA1,22,5030.0,v0.1
INS_B4EA8C365060,REQ_ADF541D8DBFF,23,840.0,v0.1
INS_B4EA8C365060,REQ_6674FBD8B1CA,24,6220.0,v0.1
INS_B4EA8C365060,REQ_AEC1D6EBA813,25,710.0,v0.1
INS_B4EA8C365060,REQ_384A09579A17,26,15270.0,v0.1
INS_4A4996D56256,REQ_226CE00A49EB,0,30000.0,v0.1
INS_4A4996D56256,REQ_4CD7B5DF35B2,1,400.0,v0.1
INS_4A4996D56256,REQ_AB33E031B664,2,1250.0,v0.1
INS_4A4996D56256,REQ_6003B1A84A49,3,1260.0,v0.1
INS_4A4996D56256,REQ_E6932C6312C1,4,370.0,v0.1
INS_4A4996D56256,REQ_525C7375A0E2,5,190.0,v0.1
INS_4A4996D56256,REQ_40062865307E,6,21160.0,v0.1
INS_4A4996D56256,REQ_1ABF5EAA6EE0,7,10150.0,v0.1
INS_4A4996D56256,REQ_870302A9A467,8,409.99999999999994,v0.1
INS_4A4996D56256,REQ_2F90EC5F8598,9,4440.0,v0.1
INS_4A4996D56256,REQ_AC4F5691342A,10,7720.0,v0.1
INS_4A4996D56256,REQ_2D45DB3DB986,11,22500.0,v0.1
INS_4A4996D56256,REQ_07F57F3DBFB0,12,1200.0,v0.1
INS_4A4996D56256,REQ_AE3AA7FAD080,13,1900.0,v0.1
INS_4A4996D56256,REQ_89D647E1FD3F,14,860.0,v0.1
INS_4A4996D56256,REQ_7D55D1541412,15,26900.0,v0.1
INS_1DEFDBFAF36B,REQ_3418D62F8989,0,30000.0,v0.1
INS_1DEFDBFAF36B,REQ_C4C88F09234B,1,15140.0,v0.1
INS_1DEFDBFAF36B,REQ_7868BDF12EC9,2,3560.0,v0.1
INS_1DEFDBFAF36B,REQ_9BEEBE911F18,3,26490.0,v0.1
INS_1DEFDBFAF36B,REQ_23597F191A8D,4,11100.0,v0.1
INS_1DEFDBFAF36B,REQ_DBA4E7252854,5,9400.0,v0.1
INS_1DEFDBFAF36B,REQ_50A2F45747C0,6,9160.0,v0.1
INS_1DEFDBFAF36B,REQ_BC4F48241900,7,30000.0,v0.1
INS_1DEFDBFAF36B,REQ_7C94B21AD1E4,8,30000.0,v0.1
INS_1DEFDBFAF36B,REQ_7F35A3B51B46,9,14420.0,v0.1
INS_1DEFDBFAF36B,REQ_53FCCA9803C4,10,11710.0,v0.1
INS_409D1D79733B,REQ_C2BD83278770,0,3010.0,v0.1
INS_409D1D79733B,REQ_3936EFF04C82,1,1050.0,v0.1
INS_409D1D79733B,REQ_809691E45A83,2,16170.000000000002,v0.1
INS_409D1D79733B,REQ_2C29B3195DEE,3,13460.0,v0.1
INS_409D1D79733B,REQ_3323698211DB,4,4470.0,v0.1
INS_409D1D79733B,REQ_D65EBB16DA40,5,30000.0,v0.1
INS_409D1D79733B,REQ_10AE1C006508,6,950.0,v0.1
INS_409D1D79733B,REQ_76FA90B1BB8D,7,18730.0,v0.1
INS_409D1D79733B,REQ_3EC24C692AE7,8,290.0,v0.1
INS_409D1D79733B,REQ_2F8A85BE4EE4,9,5330.0,v0.1
INS_409D1D79733B,REQ_A57F636C399A,10,30000.0,v0.1
INS_409D1D79733B,REQ_6D49C2576D08,11,500.0,v0.1
INS_409D1D79733B,REQ_004CF960777F,12,1300.0,v0.1
INS_409D1D79733B,REQ_95815901770A,13,10200.0,v0.1
INS_541AF8DF6DC0,REQ_8276FF2639DC,0,1850.0,v0.1
INS_541AF8DF6DC0,REQ_908CB7D54068,1,30000.0,v0.1
INS_541AF8DF6DC0,REQ_7E154A96ADFA,2,30000.0,v0.1
INS_541AF8DF6DC0,REQ_BEE986DE2DBD,3,30000.0,v0.1
INS_541AF8DF6DC0,REQ_9D20E59AEEFA,4,8720.0,v0.1
INS_541AF8DF6DC0,REQ_6A39B0D15421,5,30000.0,v0.1
INS_541AF8DF6DC0,REQ_F7E22DEF3253,6,30000.0,v0.1
INS_541AF8DF6DC0,REQ_D6FCDABA16C2,7,2030.0,v0.1
INS_541AF8DF6DC0,REQ_BBC711A36519,8,30000.0,v0.1
INS_541AF8DF6DC0,REQ_8C7E3A8413FF,9,3110.0,v0.1
INS_541AF8DF6DC0,REQ_1B9A75FF5727,10,30000.0,v0.1
INS_541AF8DF6DC0,REQ_8637059E5BE3,11,700.0,v0.1
INS_D8DBAEE3CD4F,REQ_D6801A2A056F,0,2080.0,v0.1
INS_D8DBAEE3CD4F,REQ_C76729E2123B,1,1700.0,v0.1
INS_D8DBAEE3CD4F,REQ_F7AE8B0D5D3F,2,1350.0,v0.1
INS_D8DBAEE3CD4F,REQ_2187AB10BB7B,3,6540.0,v0.1
INS_D8DBAEE3CD4F,REQ_E59F0BDECF20,4,2040.0,v0.1
INS_D8DBAEE3CD4F,REQ_EAA07A6AB1C5,5,26620.0,v0.1
INS_D8DBAEE3CD4F,REQ_7992844C52ED,6,2610.0,v0.1
INS_D8DBAEE3CD4F,REQ_8A3EEB44043D,7,2610.0,v0.1
INS_51E025DD9844,REQ_73328300E17E,0,4810.0,v0.1
INS_51E025DD9844,REQ_E6CF643844B3,1,1450.0,v0.1
INS_51E025DD9844,REQ_090D5CBC17A8,2,21790.0,v0.1
INS_51E025DD9844,REQ_D50F955F90E6,3,2420.0,v0.1
INS_51E025DD9844,REQ_D30C97D04245,4,4730.0,v0.1
INS_51E025DD9844,REQ_2F68EF24CE01,5,150.0,v0.1
INS_51E025DD9844,REQ_DD3CBA6465DD,6,530.0,v0.1
INS_51E025DD9844,REQ_E13F8385A1BE,7,30000.0,v0.1
INS_51E025DD9844,REQ_7440F2D20C0F,8,30000.0,v0.1
INS_51E025DD9844,REQ_8DD922F23BC9,9,2780.0,v0.1
INS_51E025DD9844,REQ_D57F3493C929,10,1800.0,v0.1
INS_51E025DD9844,REQ_32A3A9FCE641,11,11900.0,v0.1
INS_51E025DD9844,REQ_7CC16254BE5C,12,1000.0,v0.1
INS_51E025DD9844,REQ_B577CF199162,13,1400.0,v0.1
INS_51E025DD9844,REQ_F12828296E1A,14,1300.0,v0.1
INS_51E025DD9844,REQ_909C1DF7594C,15,1400.0,v0.1
INS_4935C92F3CED,REQ_ED62AEB32A83,0,1830.0,v0.1
INS_4935C92F3CED,REQ_331752B8F388,1,30000.0,v0.1
INS_4935C92F3CED,REQ_35CBCAD7AD96,2,7280.0,v0.1
INS_4935C92F3CED,REQ_58E91D996FBF,3,7930.0,v0.1
INS_4935C92F3CED,REQ_6025582F7607,4,2520.0,v0.1
INS_4935C92F3CED,REQ_77A790C4EE5D,5,420.0,v0.1
INS_4935C92F3CED,REQ_9CCC97DBF2A0,6,17650.0,v0.1
INS_4935C92F3CED,REQ_846ADC85F3B9,7,17980.0,v0.1
INS_4935C92F3CED,REQ_3C570F88B231,8,30000.0,v0.1
INS_4935C92F3CED,REQ_7F48CFE92239,9,8320.0,v0.1
INS_4935C92F3CED,REQ_53C441B673EA,10,100.0,v0.1
INS_4935C92F3CED,REQ_D0C83F32ACAE,11,7130.0,v0.1
INS_4935C92F3CED,REQ_446BC5C41E84,12,1530.0,v0.1
INS_4935C92F3CED,REQ_D41C70A8CCAF,13,1580.0,v0.1
INS_4935C92F3CED,REQ_6EB71398ACDB,14,5650.0,v0.1
INS_4935C92F3CED,REQ_7E58655ED73E,15,30000.0,v0.1
INS_4935C92F3CED,REQ_7E61D5698435,16,4340.0,v0.1
INS_4935C92F3CED,REQ_7268BBC0BA04,17,7600.0,v0.1
INS_4935C92F3CED,REQ_6232A32EDBF9,18,1750.0,v0.1
INS_4935C92F3CED,REQ_B01A6DE75CB4,19,20040.0,v0.1
INS_3E3E4BD86A0E,REQ_A93B773F5CEF,0,1410.0,v0.1
INS_3E3E4BD86A0E,REQ_4A21D6558B6F,1,880.0,v0.1
INS_3E3E4BD86A0E,REQ_1516B5B055CD,2,700.0,v0.1
INS_3E3E4BD86A0E,REQ_D36873AC4FA3,3,9690.0,v0.1
INS_3E3E4BD86A0E,REQ_563D190C8909,4,920.0,v0.1
INS_3E3E4BD86A0E,REQ_AB76EA88470A,5,1530.0,v0.1
INS_3E3E4BD86A0E,REQ_0A695B8D8FD1,6,3750.0,v0.1
INS_3E3E4BD86A0E,REQ_149C23D97F75,7,30000.0,v0.1
INS_8CBB420ADE09,REQ_D036D4D11B64,0,3490.0,v0.1
INS_8CBB420ADE09,REQ_1B4080D28F68,1,1710.0000000000002,v0.1
INS_8CBB420ADE09,REQ_157E1F2B0375,2,16590.0,v0.1
INS_8CBB420ADE09,REQ_9B9A15D12597,3,30000.0,v0.1
INS_8CBB420ADE09,REQ_137E1FB1C150,4,7080.0,v0.1
INS_8CBB420ADE09,REQ_8BEEA6475E71,5,330.0,v0.1
INS_8CBB420ADE09,REQ_C686F676A9EE,6,450.0,v0.1
INS_8CBB420ADE09,REQ_947D65C5F540,7,9350.0,v0.1
INS_8CBB420ADE09,REQ_B94DF8A361E4,8,20530.0,v0.1
INS_8CBB420ADE09,REQ_487A563D9596,9,560.0,v0.1
INS_8CBB420ADE09,REQ_55FD51605663,10,1560.0,v0.1
INS_8CBB420ADE09,REQ_0F65D5BBDC14,11,1280.0,v0.1
INS_8CBB420ADE09,REQ_B89380E12DFF,12,470.0,v0.1
INS_8CBB420ADE09,REQ_255AD214CC0A,13,1500.0,v0.1
INS_8CBB420ADE09,REQ_ABEA462EF0DC,14,3430.0,v0.1
INS_8CBB420ADE09,REQ_6D4257FC1B78,15,520.0,v0.1
INS_8CBB420ADE09,REQ_B203D3444ADA,16,15170.0,v0.1
INS_8CBB420ADE09,REQ_AFA38D4309E8,17,1390.0,v0.1
INS_8CBB420ADE09,REQ_B407853D6625,18,459.99999999999994,v0.1
INS_8CBB420ADE09,REQ_8CE6A1D4382D,19,550.0,v0.1
INS_8CBB420ADE09,REQ_B46F69BBBAE6,20,1650.0,v0.1
INS_02639B12DD5A,REQ_E6932C6312C1,0,370.0,v0.1
INS_02639B12DD5A,REQ_33887F7C4E08,1,2000.0,v0.1
INS_02639B12DD5A,REQ_A1FF141A1BAA,2,7880.0,v0.1
INS_02639B12DD5A,REQ_A9F09F52F2C0,3,15500.0,v0.1
INS_02639B12DD5A,REQ_F2AC05270E6C,4,6480.0,v0.1
INS_02639B12DD5A,REQ_37E9D0E3FE52,5,400.0,v0.1
INS_02639B12DD5A,REQ_3BEED42C5921,6,15790.0,v0.1
INS_02639B12DD5A,REQ_1ABF5EAA6EE0,7,10150.0,v0.1
INS_02639B12DD5A,REQ_61C5B70AF4B9,8,30000.0,v0.1
INS_02639B12DD5A,REQ_E00D164BB154,9,150.0,v0.1
INS_02639B12DD5A,REQ_51F47DF58003,10,14090.0,v0.1
INS_02639B12DD5A,REQ_BB41F75A89C2,11,24970.0,v0.1
INS_02639B12DD5A,REQ_97FD4DF5602E,12,1750.0,v0.1
INS_02639B12DD5A,REQ_7E5536654395,13,650.0,v0.1
INS_02639B12DD5A,REQ_A6661FF626EB,14,720.0,v0.1
INS_02639B12DD5A,REQ_C63DE9650239,15,5160.0,v0.1
INS_02639B12DD5A,REQ_2FCFE4BFA3D9,16,720.0,v0.1
INS_02639B12DD5A,REQ_7F063E1D200E,17,5300.0,v0.1
INS_02639B12DD5A,REQ_F7A0FDF29899,18,2490.0,v0.1
INS_02639B12DD5A,REQ_3A8E6A0AABB7,19,30000.0,v0.1
INS_02639B12DD5A,REQ_387EA495D200,20,1019.9999999999999,v0.1
INS_02639B12DD5A,REQ_C43EBCA36B91,21,940.0,v0.1
INS_02639B12DD5A,REQ_0796184F908B,22,390.0,v0.1
INS_02639B12DD5A,REQ_E26CFE416D95,23,30000.0,v0.1
INS_02639B12DD5A,REQ_3607AB64CB06,24,9610.0,v0.1
INS_AF05552B43C4,REQ_323DCEC8DCDD,0,11625.0,v0.1
INS_AF05552B43C4,REQ_A7B0121CFDE1,1,1010.0,v0.1
INS_AF05552B43C4,REQ_A0C352A12267,2,140.0,v0.1
INS_AF05552B43C4,REQ_18E2D113F4F0,3,4520.0,v0.1
INS_AF05552B43C4,REQ_EC0008096C72,4,2200.0,v0.1
INS_AF05552B43C4,REQ_FDB285482F8B,5,650.0,v0.1
INS_AF05552B43C4,REQ_AF0A89AB0582,6,8039.999999999999,v0.1
INS_AF05552B43C4,REQ_FB4829D7125E,7,30000.0,v0.1
INS_AF05552B43C4,REQ_1975C32DBDAB,8,1010.0,v0.1
INS_AF05552B43C4,REQ_07F57F3DBFB0,9,1200.0,v0.1
INS_AF05552B43C4,REQ_9FE6107D4621,10,3329.9999999999995,v0.1
INS_AF05552B43C4,REQ_05476D259BED,11,6390.0,v0.1
INS_AF05552B43C4,REQ_A81247C6A99B,12,3970.0000000000005,v0.1
INS_AF05552B43C4,REQ_E93D289A1146,13,2560.0,v0.1
INS_AF05552B43C4,REQ_660945C8F774,14,2700.0,v0.1
INS_AF05552B43C4,REQ_E3D8B95C82AB,15,7420.0,v0.1
INS_AF05552B43C4,REQ_D82CFCD53C8B,16,8600.0,v0.1
INS_AF05552B43C4,REQ_9F97C73251F4,17,340.0,v0.1
INS_AF05552B43C4,REQ_6003B1A84A49,18,1260.0,v0.1
INS_AF05552B43C4,REQ_A84CC0CD2FED,19,8410.0,v0.1
INS_AF05552B43C4,REQ_31E357384F1D,20,2510.0,v0.1
INS_AF05552B43C4,REQ_7FD4B4FF7B61,21,2380.0,v0.1
INS_AF05552B43C4,REQ_856BF95526A4,22,1110.0,v0.1
INS_AF05552B43C4,REQ_F8EDAD6D486E,23,400.0,v0.1
INS_AF05552B43C4,REQ_4062DCFD6C12,24,320.0,v0.1
INS_AF05552B43C4,REQ_7F1EE68387F3,25,2330.0,v0.1
INS_AF05552B43C4,REQ_40A833198CD0,26,6300.0,v0.1
INS_AF05552B43C4,REQ_3530B929BCF6,27,420.0,v0.1
INS_85629A49FCC0,REQ_E3A7DA182272,0,320.0,v0.1
INS_85629A49FCC0,REQ_D4DA138EA4D4,1,4560.0,v0.1
INS_85629A49FCC0,REQ_8720112ECCDB,2,4450.0,v0.1
INS_85629A49FCC0,REQ_4CDC0443EDE7,3,7080.0,v0.1
INS_85629A49FCC0,REQ_384B14E64D10,4,4360.0,v0.1
INS_85629A49FCC0,REQ_69EF292A7EEA,5,30000.0,v0.1
INS_85629A49FCC0,REQ_CAC1EC056EE7,6,22250.0,v0.1
INS_85629A49FCC0,REQ_9549F2A621F7,7,8030.0,v0.1
INS_85629A49FCC0,REQ_A1EF844F7946,8,6270.0,v0.1
INS_85629A49FCC0,REQ_590357C9F2CA,9,27670.0,v0.1
INS_2338F0F9FC16,REQ_AEBF8A8CDD4A,0,6200.0,v0.1
INS_2338F0F9FC16,REQ_707F933D6E6C,1,1500.0,v0.1
INS_2338F0F9FC16,REQ_7DB46DABE8FE,2,500.0,v0.1
INS_2338F0F9FC16,REQ_CEEB84E373D7,3,420.0,v0.1
INS_2338F0F9FC16,REQ_C38398D1A72C,4,30000.0,v0.1
INS_2338F0F9FC16,REQ_D53934DBB430,5,9670.0,v0.1
INS_2338F0F9FC16,REQ_0E813C059CD6,6,9200.0,v0.1
INS_2338F0F9FC16,REQ_5F5E89604EEB,7,22950.0,v0.1
INS_2338F0F9FC16,REQ_514AD7EF47A9,8,1000.0,v0.1
INS_2338F0F9FC16,REQ_DAA347725DE7,9,2890.0,v0.1
INS_2338F0F9FC16,REQ_E3BB91E2E85A,10,1700.0,v0.1
INS_8A592A1C77AF,REQ_09CB61FA57BA,0,21850.0,v0.1
INS_8A592A1C77AF,REQ_F3C0E05A73E3,1,9930.0,v0.1
INS_8A592A1C77AF,REQ_E989CFFC443D,2,2780.0,v0.1
INS_8A592A1C77AF,REQ_1058F95C0428,3,1689.9999999999998,v0.1
INS_8A592A1C77AF,REQ_E20634AC5159,4,4300.0,v0.1
INS_8A592A1C77AF,REQ_7EC5BA8CC895,5,30000.0,v0.1
INS_8A592A1C77AF,REQ_7365F21B65DA,6,24970.0,v0.1
INS_8A592A1C77AF,REQ_16F1662D0E6E,7,12870.0,v0.1
INS_8A592A1C77AF,REQ_C95F213FB458,8,17260.0,v0.1
INS_8A592A1C77AF,REQ_24F6B148911F,9,14270.0,v0.1
INS_8A592A1C77AF,REQ_7BF3DD4989EB,10,4710.0,v0.1
INS_8A592A1C77AF,REQ_6338C217971C,11,5270.0,v0.1
INS_8A592A1C77AF,REQ_8A52D88055F1,12,2910.0,v0.1
INS_8A592A1C77AF,REQ_01C79D752A4B,13,10520.0,v0.1
INS_8A592A1C77AF,REQ_076D261B9240,14,30000.0,v0.1
INS_8A592A1C77AF,REQ_22CBD6D56B79,15,250.0,v0.1
INS_CDF7590E7A77,REQ_3F34BB2C8792,0,260.0,v0.1
INS_CDF7590E7A77,REQ_0324BE6ABFD8,1,9270.0,v0.1
INS_CDF7590E7A77,REQ_140EDF94C185,2,16090.0,v0.1
INS_CDF7590E7A77,REQ_2F7B23B9BA13,3,26500.0,v0.1
INS_CDF7590E7A77,REQ_2E0583BE7835,4,2720.0,v0.1
INS_CDF7590E7A77,REQ_5E0DA6BC301B,5,100.0,v0.1
INS_CDF7590E7A77,REQ_8589EFE08C6C,6,17090.0,v0.1
INS_CDF7590E7A77,REQ_387FC04CB0D2,7,8540.0,v0.1
INS_CDF7590E7A77,REQ_C3BFB99F3940,8,23940.0,v0.1
INS_CDF7590E7A77,REQ_683BF862349E,9,1100.0,v0.1
INS_CDF7590E7A77,REQ_BE56207A12D2,10,8850.0,v0.1
INS_CDF7590E7A77,REQ_6A96D2D13B3C,11,11260.0,v0.1
INS_CDF7590E7A77,REQ_C5F91943C6B3,12,130.0,v0.1
INS_CDF7590E7A77,REQ_E4D8046DF96D,13,340.0,v0.1
INS_CDF7590E7A77,REQ_CB8870481A81,14,200.0,v0.1
INS_CDF7590E7A77,REQ_F315057BDA65,15,1550.0,v0.1
INS_CDF7590E7A77,REQ_BECC0F673CF0,16,30000.0,v0.1
INS_CDF7590E7A77,REQ_3F393DED38EB,17,200.0,v0.1
INS_CDF7590E7A77,REQ_4D13BB1B1AD6,18,14219.999999999998,v0.1
INS_CDF7590E7A77,REQ_A2C99B411D9B,19,17310.0,v0.1
INS_CDF7590E7A77,REQ_ACB368D6E2F1,20,5510.0,v0.1
INS_CDF7590E7A77,REQ_07358B073408,21,1470.0,v0.1
INS_CDF7590E7A77,REQ_23AE1A4F5118,22,1160.0,v0.1
INS_CDF7590E7A77,REQ_8C15E616A467,23,370.0,v0.1
INS_CDF7590E7A77,REQ_F3B0B3B940DF,24,8700.0,v0.1
INS_CDF7590E7A77,REQ_C0E3A072EB20,25,2490.0,v0.1
INS_CDF7590E7A77,REQ_C83D17FB2AB0,26,750.0,v0.1
INS_CDF7590E7A77,REQ_95D8300CB67F,27,30000.0,v0.1
INS_6DF7CB510EA4,REQ_B16ACA10DFB8,0,3230.0,v0.1
INS_6DF7CB510EA4,REQ_1F0AA02A0D18,1,530.0,v0.1
INS_6DF7CB510EA4,REQ_C75C67960DE4,2,700.0,v0.1
INS_6DF7CB510EA4,REQ_981CF96177D0,3,13850.0,v0.1
INS_6DF7CB510EA4,REQ_42683BD90E2F,4,5980.0,v0.1
INS_6DF7CB510EA4,REQ_AA3F197A14B0,5,2150.0,v0.1
INS_6DF7CB510EA4,REQ_035AAC066F7F,6,650.0,v0.1
INS_6DF7CB510EA4,REQ_4712EF9C6169,7,3200.0,v0.1
INS_6DF7CB510EA4,REQ_3E7838F80EDF,8,15200.0,v0.1
INS_6DF7CB510EA4,REQ_B89A851BAF38,9,370.0,v0.1
INS_6DF7CB510EA4,REQ_C2EB3BE80C53,10,940.0,v0.1
INS_6DF7CB510EA4,REQ_66BACBAC92C7,11,9680.0,v0.1
INS_6DF7CB510EA4,REQ_E61FACF1A599,12,10080.0,v0.1
INS_6DF7CB510EA4,REQ_DC3703545022,13,2200.0,v0.1
INS_D076F6438A22,REQ_0DD59D795B94,0,1220.0,v0.1
INS_D076F6438A22,REQ_4E25C335B0BC,1,23770.0,v0.1
INS_D076F6438A22,REQ_8B082EBE67DF,2,520.0,v0.1
INS_D076F6438A22,REQ_BC054F09CF7A,3,1240.0,v0.1
INS_D076F6438A22,REQ_D7E84A8CB4E1,4,1750.0,v0.1
INS_D076F6438A22,REQ_1A70DA8FE291,5,430.0,v0.1
INS_D076F6438A22,REQ_22256639C8A7,6,3420.0000000000005,v0.1
INS_D076F6438A22,REQ_DBC67B8E396A,7,250.0,v0.1
INS_D076F6438A22,REQ_04A4EE32FFCD,8,6530.0,v0.1
INS_D076F6438A22,REQ_BDB59579054F,9,3310.0,v0.1
INS_D076F6438A22,REQ_42F18B6DF629,10,840.0,v0.1
INS_D076F6438A22,REQ_AA296532AD74,11,7240.0,v0.1
INS_D076F6438A22,REQ_C08C4A6B09F9,12,30000.0,v0.1
INS_E4C4EA45CC8A,REQ_C08CF7889EDC,0,2400.0,v0.1
INS_E4C4EA45CC8A,REQ_062DCB8931CB,1,310.0,v0.1
INS_E4C4EA45CC8A,REQ_8114F0082169,2,530.0,v0.1
INS_E4C4EA45CC8A,REQ_496668EFFEC4,3,8940.0,v0.1
INS_E4C4EA45CC8A,REQ_3690D7D128AA,4,30000.0,v0.1
INS_E4C4EA45CC8A,REQ_3CD7BDEA44AC,5,420.0,v0.1
INS_E4C4EA45CC8A,REQ_39CEB29D7D1F,6,330.0,v0.1
INS_E4C4EA45CC8A,REQ_5784F7C658D1,7,1140.0,v0.1
INS_E4C4EA45CC8A,REQ_068EEF634B46,8,22975.0,v0.1
INS_E4C4EA45CC8A,REQ_DD24F7A8C9F5,9,10820.0,v0.1
INS_E4C4EA45CC8A,REQ_A66AA48B482C,10,30000.0,v0.1
INS_E4C4EA45CC8A,REQ_E6BCF27A3CB5,11,11130.0,v0.1
INS_E4C4EA45CC8A,REQ_7EE25FD01096,12,4500.0,v0.1
INS_EDC7E4ED7849,REQ_749A23F36B5F,0,240.0,v0.1
INS_EDC7E4ED7849,REQ_6F54C4C6EA6B,1,1600.0,v0.1
INS_EDC7E4ED7849,REQ_3309EB87F1CE,2,409.99999999999994,v0.1
INS_EDC7E4ED7849,REQ_2E2AF77F2E44,3,450.0,v0.1
INS_EDC7E4ED7849,REQ_655D47944819,4,11980.0,v0.1
INS_EDC7E4ED7849,REQ_4BCB9BD8B793,5,2330.0,v0.1
INS_EDC7E4ED7849,REQ_11F1138AAB1A,6,11240.0,v0.1
INS_EDC7E4ED7849,REQ_B119C749CDC7,7,7970.0,v0.1
INS_EDC7E4ED7849,REQ_2F0ABE4018DD,8,3230.0,v0.1
INS_EDC7E4ED7849,REQ_2F3FDB480DBD,9,480.0,v0.1
INS_EDC7E4ED7849,REQ_812FE5510FCA,10,2970.0,v0.1
INS_EDC7E4ED7849,REQ_D18137DF8DEB,11,1030.0,v0.1
INS_EDC7E4ED7849,REQ_66B440158875,12,4200.0,v0.1
INS_EDC7E4ED7849,REQ_F0896DC27C7C,13,12460.0,v0.1
INS_EDC7E4ED7849,REQ_FA4AA0619872,14,11770.0,v0.1
INS_E59CC69A5F72,REQ_353659939B55,0,4170.0,v0.1
INS_E59CC69A5F72,REQ_1EE226D19579,1,11900.0,v0.1
INS_E59CC69A5F72,REQ_3F8D90E7B904,2,12900.0,v0.1
INS_E59CC69A5F72,REQ_E629FD0DAA0A,3,10650.0,v0.1
INS_39343EFAF86E,REQ_4A6968A7B4B4,0,1030.0,v0.1
INS_39343EFAF86E,REQ_F13690C7B3B6,1,30000.0,v0.1
INS_39343EFAF86E,REQ_584E571F24D4,2,5590.0,v0.1
INS_39343EFAF86E,REQ_8AD2AA38B1DF,3,30000.0,v0.1
INS_39343EFAF86E,REQ_F3BC7FF2C0CD,4,2750.0,v0.1
INS_39343EFAF86E,REQ_CA78BA838027,5,500.0,v0.1
INS_39343EFAF86E,REQ_37F7EB3DFB07,6,30000.0,v0.1
INS_39343EFAF86E,REQ_1CA1BBEF7CBA,7,430.0,v0.1
INS_39343EFAF86E,REQ_1DB96C622F88,8,4920.0,v0.1
INS_39343EFAF86E,REQ_618D8D9D7218,9,1110.0,v0.1
INS_39343EFAF86E,REQ_6E25F830CFDF,10,30750.0,v0.1
INS_39343EFAF86E,REQ_4BADC816B436,11,30000.0,v0.1
INS_39343EFAF86E,REQ_F147C564BFF8,12,520.0,v0.1
INS_39343EFAF86E,REQ_C494655EDC92,13,30000.0,v0.1
INS_39343EFAF86E,REQ_952302094D68,14,25790.0,v0.1
INS_39343EFAF86E,REQ_3D254A4C4335,15,30000.0,v0.1
INS_36DDF07E4AFA,REQ_80771C4C801D,0,570.0,v0.1
INS_36DDF07E4AFA,REQ_0DC923DFAEAD,1,12810.0,v0.1
INS_36DDF07E4AFA,REQ_E5E472A22536,2,30000.0,v0.1
INS_36DDF07E4AFA,REQ_8F5FBEEACA66,3,330.0,v0.1
INS_36DDF07E4AFA,REQ_1586694A1C7B,4,30000.0,v0.1
INS_36DDF07E4AFA,REQ_A2A26A16BD54,5,3000.0,v0.1
INS_36DDF07E4AFA,REQ_2B6D8AC09656,6,880.0,v0.1
INS_36DDF07E4AFA,REQ_3FC72B8D263D,7,770.0,v0.1
INS_36DDF07E4AFA,REQ_45B1B05E1350,8,1850.0,v0.1
INS_36DDF07E4AFA,REQ_7D2300A52234,9,2300.0,v0.1
INS_36DDF07E4AFA,REQ_788816E63695,10,28280.0,v0.1
INS_36DDF07E4AFA,REQ_C95DE455A9D4,11,180.0,v0.1
INS_10192323EC3D,REQ_9DC4499F7272,0,20050.0,v0.1
INS_10192323EC3D,REQ_F7E6DB68C231,1,3550.0,v0.1
INS_10192323EC3D,REQ_81B64047C1E0,2,360.0,v0.1
INS_10192323EC3D,REQ_A9E4CD4A499C,3,30000.0,v0.1
INS_10192323EC3D,REQ_A93FA9CC3542,4,5360.0,v0.1
INS_10192323EC3D,REQ_55A072ECD520,5,750.0,v0.1
INS_10192323EC3D,REQ_DEFDBFF38764,6,30000.0,v0.1
INS_10192323EC3D,REQ_DE8C045C05AF,7,4029.9999999999995,v0.1
INS_10192323EC3D,REQ_907C5B8D861D,8,160.0,v0.1
INS_10192323EC3D,REQ_7F5F8F00B267,9,1520.0,v0.1
INS_10192323EC3D,REQ_0DFBD5D7FF27,10,3330.0,v0.1
INS_10192323EC3D,REQ_0069BA60F8CE,11,6480.0,v0.1
INS_10192323EC3D,REQ_EF89108B1742,12,720.0,v0.1
INS_10192323EC3D,REQ_9E409FDFD498,13,850.0,v0.1
INS_E66C161E9532,REQ_DED8AA21E0B6,0,29790.0,v0.1
INS_E66C161E9532,REQ_D11FE85E3355,1,30000.0,v0.1
INS_E66C161E9532,REQ_5128C36DC078,2,17060.0,v0.1
INS_E66C161E9532,REQ_587E1EA10952,3,30000.0,v0.1
INS_E66C161E9532,REQ_C86DE41EA334,4,29460.0,v0.1
INS_E66C161E9532,REQ_2D6D358E8DCC,5,30000.0,v0.1
INS_E66C161E9532,REQ_BD3278D236A9,6,12460.0,v0.1
INS_E66C161E9532,REQ_74A931FA1079,7,18820.0,v0.1
INS_E66C161E9532,REQ_8B90D2883DEA,8,30000.0,v0.1
INS_E66C161E9532,REQ_3A14AA639842,9,30000.0,v0.1
INS_E66C161E9532,REQ_0391EBB527B6,10,30000.0,v0.1
INS_E66C161E9532,REQ_C6251C50FCA6,11,30000.0,v0.1
INS_E66C161E9532,REQ_299A9F4AA5CE,12,30000.0,v0.1
INS_E66C161E9532,REQ_75F10E935EE1,13,30000.0,v0.1
INS_E66C161E9532,REQ_0B9FFD6545E3,14,18720.0,v0.1
INS_E66C161E9532,REQ_CFCB418FB1B4,15,30000.0,v0.1
INS_E66C161E9532,REQ_337340C30D2E,16,13080.0,v0.1
INS_E66C161E9532,REQ_948820C577EE,17,30000.0,v0.1
INS_E66C161E9532,REQ_F6D705542F1C,18,13680.0,v0.1
INS_E66C161E9532,REQ_C467DA777186,19,26070.0,v0.1
INS_E66C161E9532,REQ_C86E98612EAD,20,30000.0,v0.1
INS_E66C161E9532,REQ_E50524A96B19,21,20540.0,v0.1
INS_E66C161E9532,REQ_2BEAC4526E54,22,30000.0,v0.1
INS_120CBBEF7696,REQ_AC80064221EA,0,13790.0,v0.1
INS_120CBBEF7696,REQ_8E8A36557244,1,1010.0,v0.1
INS_120CBBEF7696,REQ_CA4D09C37933,2,21140.0,v0.1
INS_120CBBEF7696,REQ_80FE5F1EE582,3,1600.0,v0.1
INS_120CBBEF7696,REQ_41C71B188DE8,4,30000.0,v0.1
INS_120CBBEF7696,REQ_F39C0F7E1B4E,5,1250.0,v0.1
INS_120CBBEF7696,REQ_3FD3135C6088,6,7550.0,v0.1
INS_120CBBEF7696,REQ_C009BE134268,7,3880.0,v0.1
INS_120CBBEF7696,REQ_31A3AF63C33A,8,820.0,v0.1
INS_120CBBEF7696,REQ_5E7E7DDC98F0,9,30000.0,v0.1
INS_120CBBEF7696,REQ_CF54A647A46B,10,30000.0,v0.1
INS_120CBBEF7696,REQ_23CA652196BF,11,1320.0,v0.1
INS_120CBBEF7696,REQ_B5C8E4C5A577,12,27780.0,v0.1
INS_120CBBEF7696,REQ_E9A0100BC8A2,13,1960.0,v0.1
INS_120CBBEF7696,REQ_7CF4E129CDDD,14,21490.0,v0.1
INS_120CBBEF7696,REQ_C4BBA0EE78C2,15,2350.0,v0.1
INS_120CBBEF7696,REQ_E0FA2C792DEB,16,260.0,v0.1
INS_120CBBEF7696,REQ_0316DE5D0E73,17,23550.0,v0.1
INS_120CBBEF7696,REQ_41235A9BEED4,18,1280.0,v0.1
INS_120CBBEF7696,REQ_AE82884DF2C1,19,30000.0,v0.1
INS_120CBBEF7696,REQ_A6E7F18FCC36,20,2980.0,v0.1
INS_0B520A1DBAC2,REQ_4053336759A5,0,9390.0,v0.1
INS_0B520A1DBAC2,REQ_6566B5C79988,1,3390.0,v0.1
INS_0B520A1DBAC2,REQ_9432766FE77E,2,390.0,v0.1
INS_0B520A1DBAC2,REQ_44804A2EA7BC,3,29570.0,v0.1
INS_0B520A1DBAC2,REQ_29176F9FE197,4,1670.0,v0.1
INS_0B520A1DBAC2,REQ_71CD5A9C46F8,5,8030.0,v0.1
INS_0B520A1DBAC2,REQ_D2A2AD41B2B9,6,16560.0,v0.1
INS_0B520A1DBAC2,REQ_B4E2176817D9,7,360.0,v0.1
INS_0B520A1DBAC2,REQ_A5D3916030EA,8,819.9999999999999,v0.1
INS_0B520A1DBAC2,REQ_1712BDF98E57,9,9560.0,v0.1
INS_0B520A1DBAC2,REQ_D5269601D9A9,10,30000.0,v0.1
INS_0B520A1DBAC2,REQ_5F2F382CB5D3,11,10160.0,v0.1
INS_0B520A1DBAC2,REQ_564DBA2EDD99,12,330.0,v0.1
INS_BCFCD8AED44B,REQ_DDB54E009D9B,0,30000.0,v0.1
INS_BCFCD8AED44B,REQ_EFA0B37D7B2A,1,30000.0,v0.1
INS_BCFCD8AED44B,REQ_8C1A26832658,2,780.0,v0.1
INS_BCFCD8AED44B,REQ_C92CA53F2D4C,3,3360.0,v0.1
INS_BCFCD8AED44B,REQ_1C3F5E7E600C,4,300.0,v0.1
INS_BCFCD8AED44B,REQ_39CE37AE74FE,5,700.0,v0.1
INS_BCFCD8AED44B,REQ_45B5950601AB,6,10790.0,v0.1
INS_BCFCD8AED44B,REQ_9FC6490B402D,7,790.0,v0.1
INS_FD2C9E0D8BBA,REQ_C6251C50FCA6,0,30000.0,v0.1
INS_FD2C9E0D8BBA,REQ_2BEAC4526E54,1,30000.0,v0.1
INS_FD2C9E0D8BBA,REQ_C86DE41EA334,2,29460.0,v0.1
INS_FD2C9E0D8BBA,REQ_CFCB418FB1B4,3,30000.0,v0.1
INS_FD2C9E0D8BBA,REQ_8B90D2883DEA,4,30000.0,v0.1
INS_FD2C9E0D8BBA,REQ_74A931FA1079,5,18820.0,v0.1
INS_FD2C9E0D8BBA,REQ_F6D705542F1C,6,13680.0,v0.1
INS_FD2C9E0D8BBA,REQ_BD3278D236A9,7,12460.0,v0.1
INS_FD2C9E0D8BBA,REQ_E50524A96B19,8,20540.0,v0.1
INS_FD2C9E0D8BBA,REQ_2D6D358E8DCC,9,30000.0,v0.1
INS_FD2C9E0D8BBA,REQ_5128C36DC078,10,17060.0,v0.1
INS_FD2C9E0D8BBA,REQ_DED8AA21E0B6,11,29790.0,v0.1
INS_FD2C9E0D8BBA,REQ_75F10E935EE1,12,30000.0,v0.1
INS_FD2C9E0D8BBA,REQ_D11FE85E3355,13,30000.0,v0.1
INS_FD2C9E0D8BBA,REQ_0B9FFD6545E3,14,18720.0,v0.1
INS_FD2C9E0D8BBA,REQ_C467DA777186,15,26070.0,v0.1
INS_FD2C9E0D8BBA,REQ_3A14AA639842,16,30000.0,v0.1
INS_FD2C9E0D8BBA,REQ_299A9F4AA5CE,17,30000.0,v0.1
INS_FD2C9E0D8BBA,REQ_337340C30D2E,18,13080.0,v0.1
INS_8AE169B6051F,REQ_9BEBE9D039F4,0,2370.0,v0.1
INS_8AE169B6051F,REQ_8694747D0481,1,19350.0,v0.1
INS_8AE169B6051F,REQ_E37AACE1C26E,2,30000.0,v0.1
INS_8AE169B6051F,REQ_0FA67AC6E1BB,3,2860.0,v0.1
INS_8AE169B6051F,REQ_508565D0D257,4,30000.0,v0.1
INS_8AE169B6051F,REQ_FBEFAFA72897,5,19740.0,v0.1
INS_8AE169B6051F,REQ_98D9DCDD6B7D,6,15380.000000000002,v0.1
INS_8AE169B6051F,REQ_908D46061B13,7,1490.0,v0.1
INS_8AE169B6051F,REQ_10F9F137725F,8,6900.0,v0.1
INS_8AE169B6051F,REQ_963F5F749881,9,960.0,v0.1
INS_8AE169B6051F,REQ_1516B5B055CD,10,700.0,v0.1
INS_8AE169B6051F,REQ_8DF3F0BBB18A,11,700.0,v0.1
INS_8AE169B6051F,REQ_5E9D3F1F2F70,12,7550.0,v0.1
INS_8AE169B6051F,REQ_636E4CBC0E87,13,10760.0,v0.1
INS_8AE169B6051F,REQ_EFF8C63C395B,14,900.0,v0.1
INS_8AE169B6051F,REQ_037C5789DFAD,15,1780.0,v0.1
INS_8AE169B6051F,REQ_0F37F93FA85B,16,11900.0,v0.1
INS_8AE169B6051F,REQ_05E9AC25E870,17,10650.0,v0.1
INS_8AE169B6051F,REQ_3D7BC6898E20,18,680.0,v0.1
INS_8AE169B6051F,REQ_E6011102DD02,19,2750.0,v0.1
INS_8AE169B6051F,REQ_538B131307AA,20,1480.0,v0.1
INS_8AE169B6051F,REQ_B17719ECB107,21,6250.0,v0.1
INS_8AE169B6051F,REQ_3CB96AB1343B,22,1800.0,v0.1
INS_8AE169B6051F,REQ_A3234DB1FC68,23,410.0,v0.1
INS_8AE169B6051F,REQ_9202E23FE1BF,24,430.0,v0.1
INS_8AE169B6051F,REQ_3D82B68CE94D,25,1190.0,v0.1
INS_8AE169B6051F,REQ_E7FDFEC089D6,26,360.0,v0.1
INS_8AE169B6051F,REQ_D65BAEAC640C,27,11190.0,v0.1
INS_F8D15F8C7A7B,REQ_88D5D9464F75,0,7040.000000000001,v0.1
INS_F8D15F8C7A7B,REQ_02450059788C,1,950.0,v0.1
INS_F8D15F8C7A7B,REQ_414E631D8B38,2,8560.0,v0.1
INS_F8D15F8C7A7B,REQ_29D92C0C4B45,3,30000.0,v0.1
INS_F8D15F8C7A7B,REQ_7B01A281DEFD,4,30000.0,v0.1
INS_F8D15F8C7A7B,REQ_DEE99E24AD37,5,160.0,v0.1
INS_F8D15F8C7A7B,REQ_872EE3CDFDF7,6,740.0,v0.1
INS_F8D15F8C7A7B,REQ_A518DDC1C548,7,5440.0,v0.1
INS_F8D15F8C7A7B,REQ_9B6A3B6A1DF4,8,7160.0,v0.1
INS_F8D15F8C7A7B,REQ_1601C6871161,9,30000.0,v0.1
INS_F8D15F8C7A7B,REQ_735F70CD2B5E,10,30000.0,v0.1
INS_F8D15F8C7A7B,REQ_FC8B63D9D7BD,11,940.0,v0.1
INS_9AE62FD218B6,REQ_A992DBB8E90E,0,30000.0,v0.1
INS_9AE62FD218B6,REQ_175DDC3B46DA,1,500.0,v0.1
INS_9AE62FD218B6,REQ_DFC08757532D,2,30000.0,v0.1
INS_9AE62FD218B6,REQ_64D8B5636D10,3,4080.0,v0.1
INS_9AE62FD218B6,REQ_2658218CD89F,4,780.0,v0.1
INS_9AE62FD218B6,REQ_FB49AAE2DD1A,5,7890.000000000001,v0.1
INS_9AE62FD218B6,REQ_077614E57E70,6,6930.0,v0.1
INS_9AE62FD218B6,REQ_0DCFB0B29493,7,21740.0,v0.1
INS_9AE62FD218B6,REQ_5EC6A859117B,8,430.0,v0.1
INS_9AE62FD218B6,REQ_B5A241828E2A,9,30000.0,v0.1
INS_9AE62FD218B6,REQ_2F2FD41ED2F3,10,25370.0,v0.1
INS_9AE62FD218B6,REQ_DD9F5A981483,11,800.0,v0.1
INS_9AE62FD218B6,REQ_9D6A42C49944,12,30000.0,v0.1
INS_9AE62FD218B6,REQ_A2BF9A3A92A0,13,24320.0,v0.1
INS_9AE62FD218B6,REQ_B72BC3D9FE15,14,3160.0,v0.1
INS_9AE62FD218B6,REQ_A9444A9F8868,15,1300.0,v0.1
INS_9AE62FD218B6,REQ_564A5800647E,16,1639.9999999999998,v0.1
INS_9AE62FD218B6,REQ_549DFC59330C,17,26140.0,v0.1
INS_9AE62FD218B6,REQ_E0F9B52FB897,18,30560.0,v0.1
INS_9AE62FD218B6,REQ_101D7733E79C,19,740.0,v0.1
INS_9AE62FD218B6,REQ_E2B0CE29A84C,20,10930.0,v0.1
INS_9AE62FD218B6,REQ_D70451B25F53,21,17210.0,v0.1
INS_9AE62FD218B6,REQ_700F3225B519,22,1480.0,v0.1
INS_9AE62FD218B6,REQ_6EC517640203,23,870.0,v0.1
INS_9AE62FD218B6,REQ_958997C92583,24,23040.0,v0.1
INS_9AE62FD218B6,REQ_8704BE7B712A,25,16820.0,v0.1
INS_830FE9A6991D,REQ_4FC865CCE654,0,150.0,v0.1
INS_830FE9A6991D,REQ_AAC95858C759,1,8300.0,v0.1
INS_830FE9A6991D,REQ_2D92DED237B1,2,270.0,v0.1
INS_830FE9A6991D,REQ_7124A11F9AC9,3,3790.0,v0.1
INS_830FE9A6991D,REQ_A50C6073AA98,4,3970.0000000000005,v0.1
INS_830FE9A6991D,REQ_2FBFB2C57386,5,770.0,v0.1
INS_830FE9A6991D,REQ_7762CA625C89,6,6430.0,v0.1
INS_830FE9A6991D,REQ_D082289A740A,7,1550.0,v0.1
INS_830FE9A6991D,REQ_73601E28AE1F,8,30000.0,v0.1
INS_830FE9A6991D,REQ_4DC4B31ADD06,9,30000.0,v0.1
INS_AC6B29FFAE0B,REQ_81C44AF3E007,0,4300.0,v0.1
INS_AC6B29FFAE0B,REQ_533060D51E61,1,30000.0,v0.1
INS_AC6B29FFAE0B,REQ_A8BD89A4E1B9,2,2720.0,v0.1
INS_AC6B29FFAE0B,REQ_2FB99D68533B,3,630.0,v0.1
INS_AC6B29FFAE0B,REQ_BD11A90B5188,4,1100.0,v0.1
INS_AC6B29FFAE0B,REQ_B8795AB9533C,5,30000.0,v0.1
INS_AC6B29FFAE0B,REQ_65123354C33F,6,23170.0,v0.1
INS_AC6B29FFAE0B,REQ_55539842AFE6,7,11470.0,v0.1
INS_AC6B29FFAE0B,REQ_E4CCED47AFC2,8,30000.0,v0.1
INS_AC6B29FFAE0B,REQ_F054A524EED7,9,3860.0,v0.1
INS_AC6B29FFAE0B,REQ_AF08E7528AB6,10,470.0,v0.1
INS_AC6B29FFAE0B,REQ_7EB02D54B95F,11,240.0,v0.1
INS_AC6B29FFAE0B,REQ_8419FCA35B93,12,440.00000000000006,v0.1
INS_AC6B29FFAE0B,REQ_6DE30DACE934,13,3729.9999999999995,v0.1
INS_AC6B29FFAE0B,REQ_707155FCA894,14,6280.0,v0.1
INS_AC6B29FFAE0B,REQ_6841275FE39C,15,8100.0,v0.1
INS_AC6B29FFAE0B,REQ_EE6780C6E2DB,16,400.0,v0.1
INS_AC6B29FFAE0B,REQ_F7F00EFB7AEC,17,30000.0,v0.1
INS_AC6B29FFAE0B,REQ_E6F97886BF20,18,1160.0,v0.1
INS_AC6B29FFAE0B,REQ_F2B61E6AD832,19,760.0,v0.1
INS_AC6B29FFAE0B,REQ_33EF4F90AAC0,20,30000.0,v0.1
INS_AC6B29FFAE0B,REQ_B5286A1C1ED6,21,11570.0,v0.1
INS_AC6B29FFAE0B,REQ_B5B8C56177A6,22,1220.0,v0.1
INS_AC6B29FFAE0B,REQ_D59EEBDE537A,23,2760.0,v0.1
INS_AC6B29FFAE0B,REQ_1ECCCD9B0737,24,860.0,v0.1
INS_AC6B29FFAE0B,REQ_2825352B58FA,25,1160.0,v0.1
INS_AC6B29FFAE0B,REQ_127AC607B84C,26,4120.0,v0.1
INS_AC6B29FFAE0B,REQ_F5FAD2F9EF54,27,30000.0,v0.1
INS_AC6B29FFAE0B,REQ_27200E69BBE6,28,1780.0,v0.1
INS_AC6B29FFAE0B,REQ_F65D4AD94CE6,29,1120.0,v0.1
INS_8F7189CFCBC9,REQ_754B564BFE92,0,24630.0,v0.1
INS_8F7189CFCBC9,REQ_98A6CCF209C2,1,200.0,v0.1
INS_8F7189CFCBC9,REQ_85F29648EDFB,2,590.0,v0.1
INS_8F7189CFCBC9,REQ_6384D898B4B9,3,5420.0,v0.1
INS_8F7189CFCBC9,REQ_5287A52A5D36,4,19870.0,v0.1
INS_8F7189CFCBC9,REQ_804FECD1658A,5,15570.0,v0.1
INS_8F7189CFCBC9,REQ_48773FF1DD3F,6,130.0,v0.1
INS_8F7189CFCBC9,REQ_392E0F074C7D,7,3060.0,v0.1
INS_8F7189CFCBC9,REQ_8665D469F08E,8,280.0,v0.1
INS_8F7189CFCBC9,REQ_E30C3EB31170,9,3100.0,v0.1
INS_8F7189CFCBC9,REQ_7D10AFD56D7F,10,30000.0,v0.1
INS_8F7189CFCBC9,REQ_856F2F4A87A9,11,8080.0,v0.1
INS_8F7189CFCBC9,REQ_07D5C761961B,12,1930.0,v0.1
INS_8F7189CFCBC9,REQ_A8C50015BC45,13,8880.0,v0.1
INS_8F7189CFCBC9,REQ_1C547F3C9E0A,14,6470.0,v0.1
INS_8F7189CFCBC9,REQ_268DBBC99876,15,4180.0,v0.1
INS_8F7189CFCBC9,REQ_831270F8291A,16,900.0,v0.1
INS_8F7189CFCBC9,REQ_8BE51C145FAC,17,3660.0,v0.1
INS_8F7189CFCBC9,REQ_C973967A3928,18,30000.0,v0.1
INS_8F7189CFCBC9,REQ_C81FBC18E0CA,19,3100.0,v0.1
INS_8F7189CFCBC9,REQ_A54529AFC230,20,17790.0,v0.1
INS_8F7189CFCBC9,REQ_4BB9A3B4FFDC,21,2200.0,v0.1
INS_8F7189CFCBC9,REQ_DDA7268AAA4A,22,5300.0,v0.1
INS_8F7189CFCBC9,REQ_797B6AFB0593,23,1280.0,v0.1
INS_8F7189CFCBC9,REQ_765DCF66C517,24,23310.0,v0.1
INS_8F7189CFCBC9,REQ_10EEF4EF2288,25,400.0,v0.1
INS_8F7189CFCBC9,REQ_D501732B0D7A,26,150.0,v0.1
INS_8F7189CFCBC9,REQ_D3DFFE7727A1,27,250.0,v0.1
INS_8F7189CFCBC9,REQ_72BE011BE751,28,30000.0,v0.1
INS_8F7189CFCBC9,REQ_D52E31EB8FAB,29,800.0,v0.1
INS_0EE9668B34C3,REQ_E4B46347436E,0,18380.0,v0.1
INS_0EE9668B34C3,REQ_2F695DF874B8,1,1730.0,v0.1
INS_0EE9668B34C3,REQ_98B42D323E4F,2,23000.0,v0.1
INS_0EE9668B34C3,REQ_38BF676922D9,3,500.0,v0.1
INS_0EE9668B34C3,REQ_15FC455F2684,4,15610.0,v0.1
INS_0EE9668B34C3,REQ_4633412FDB6B,5,8920.0,v0.1
INS_0EE9668B34C3,REQ_D0B12BF04914,6,2770.0,v0.1
INS_0EE9668B34C3,REQ_A443FBF101B6,7,30000.0,v0.1
INS_0EE9668B34C3,REQ_51252982F97D,8,2200.0,v0.1
INS_0EE9668B34C3,REQ_C27BA38D88AB,9,320.0,v0.1
INS_0EE9668B34C3,REQ_5CB6003D7E4D,10,200.0,v0.1
INS_0EE9668B34C3,REQ_89C7C2259547,11,30000.0,v0.1
INS_0EE9668B34C3,REQ_EAF4F097283A,12,770.0,v0.1
INS_0EE9668B34C3,REQ_3CD9C40FC60D,13,30000.0,v0.1
INS_22889754EA48,REQ_C2224BAB0D20,0,900.0,v0.1
INS_22889754EA48,REQ_80EAB69FD5ED,1,1360.0,v0.1
INS_22889754EA48,REQ_80A0CD71E9AA,2,23250.0,v0.1
INS_22889754EA48,REQ_7191A28F7BB3,3,930.0000000000001,v0.1
INS_22889754EA48,REQ_A1AD7B4E66F6,4,30000.0,v0.1
INS_22889754EA48,REQ_CC5A547B6557,5,23360.0,v0.1
INS_22889754EA48,REQ_5DDDFAE007CE,6,30000.0,v0.1
INS_22889754EA48,REQ_072D5D427A73,7,16440.0,v0.1
INS_22889754EA48,REQ_01C5EF112911,8,30000.0,v0.1
INS_22889754EA48,REQ_D1103C092ED9,9,30000.0,v0.1
INS_22889754EA48,REQ_AA1BA9DB59A1,10,800.0,v0.1
INS_E0330AC29A3C,REQ_23BFA346994C,0,30000.0,v0.1
INS_E0330AC29A3C,REQ_921DC3F884A2,1,7909.999999999999,v0.1
INS_E0330AC29A3C,REQ_36648F35AD83,2,290.0,v0.1
INS_E0330AC29A3C,REQ_A884253EBCFD,3,30000.0,v0.1
INS_E0330AC29A3C,REQ_6731F62464FA,4,7890.0,v0.1
INS_E0330AC29A3C,REQ_3B7E55E6C00F,5,300.0,v0.1
INS_E0330AC29A3C,REQ_C9D123E707D4,6,1300.0,v0.1
INS_E0330AC29A3C,REQ_5B093649BAF8,7,8880.0,v0.1
INS_E0330AC29A3C,REQ_92DB6AEA59DE,8,26850.0,v0.1
INS_E0330AC29A3C,REQ_46817DF8D720,9,27740.0,v0.1
INS_E0330AC29A3C,REQ_4706BBD6F05A,10,3320.0000000000005,v0.1
INS_E0330AC29A3C,REQ_7C4E4DDFBB90,11,7230.0,v0.1
INS_E0330AC29A3C,REQ_2F29D9231CBB,12,860.0,v0.1
INS_E0330AC29A3C,REQ_611A348F0E01,13,3630.0,v0.1
INS_E0330AC29A3C,REQ_F0E09107B64A,14,2510.0,v0.1
INS_E0330AC29A3C,REQ_DBFA2241CA9B,15,5200.0,v0.1
INS_E0330AC29A3C,REQ_D5E4FB03A937,16,3770.0,v0.1
INS_E0330AC29A3C,REQ_B3951033B964,17,2875.0,v0.1
INS_E0330AC29A3C,REQ_741C2E14884A,18,4990.0,v0.1
INS_E0330AC29A3C,REQ_0724726AB87A,19,2520.0,v0.1
INS_E0330AC29A3C,REQ_FD59E788D819,20,19000.0,v0.1
INS_E0330AC29A3C,REQ_77027B8F9A40,21,30000.0,v0.1
INS_E0330AC29A3C,REQ_D091DE5DDEC3,22,1170.0,v0.1
INS_E0330AC29A3C,REQ_B6B0059181B8,23,20540.0,v0.1
INS_E0330AC29A3C,REQ_579A571E910E,24,2670.0,v0.1
INS_E0330AC29A3C,REQ_BD8BD130C64A,25,2010.0000000000002,v0.1
INS_E0330AC29A3C,REQ_021B5A9180CE,26,30000.0,v0.1
INS_E0330AC29A3C,REQ_20BB721A413E,27,16219.999999999998,v0.1
INS_E0330AC29A3C,REQ_C279FEB42BEE,28,3090.0,v0.1
INS_E0330AC29A3C,REQ_3F44C218B8C6,29,13630.0,v0.1
INS_E0330AC29A3C,REQ_378774BA64C5,30,229.99999999999997,v0.1
INS_E0330AC29A3C,REQ_8540673066ED,31,30000.0,v0.1
INS_E0330AC29A3C,REQ_AD69AC94FA2E,32,30000.0,v0.1
INS_E0330AC29A3C,REQ_6DAA4D4B934D,33,15910.0,v0.1
INS_E0330AC29A3C,REQ_B64F65CC1B0B,34,1180.0,v0.1
INS_E0330AC29A3C,REQ_9E113262CDBE,35,650.0,v0.1
INS_E0330AC29A3C,REQ_D536B8A3F250,36,1770.0,v0.1
INS_E0330AC29A3C,REQ_FC0992C18C7B,37,29590.0,v0.1
INS_E0330AC29A3C,REQ_96048286027C,38,30000.0,v0.1
INS_E0330AC29A3C,REQ_28D9C0804ADC,39,1300.0,v0.1
INS_E0330AC29A3C,REQ_FEAE417025F5,40,30000.0,v0.1
INS_E0330AC29A3C,REQ_DD6C4E9023E4,41,630.0,v0.1
INS_E0330AC29A3C,REQ_3E0EC9CBB681,42,9100.0,v0.1
INS_A45F94985025,REQ_7948123D6BBF,0,120.0,v0.1
INS_A45F94985025,REQ_1A08E24EE751,1,2160.0,v0.1
INS_A45F94985025,REQ_AC7EAF4002CF,2,1550.0,v0.1
INS_A45F94985025,REQ_A276DEC5CFA0,3,300.0,v0.1
INS_A45F94985025,REQ_2FC47FDB29F1,4,19040.0,v0.1
INS_A45F94985025,REQ_D455AFFBD733,5,3200.0,v0.1
INS_A45F94985025,REQ_B179C2D3ECD4,6,11730.0,v0.1
INS_A45F94985025,REQ_F1DB6D8DEDFB,7,4320.0,v0.1
INS_A45F94985025,REQ_F42E33CB502E,8,13310.0,v0.1
INS_A45F94985025,REQ_199F0BD4D7C8,9,11320.0,v0.1
INS_51559FC16D56,REQ_2427A7E4E801,0,3940.0,v0.1
INS_51559FC16D56,REQ_8DA52EE77702,1,1770.0,v0.1
INS_51559FC16D56,REQ_DDAACD217D12,2,22100.0,v0.1
INS_51559FC16D56,REQ_2DA1A6632A02,3,1470.0,v0.1
INS_51559FC16D56,REQ_6D7A8DEC7147,4,250.0,v0.1
INS_51559FC16D56,REQ_AD26CA534E14,5,9620.0,v0.1
INS_51559FC16D56,REQ_8A068FC25E36,6,30000.0,v0.1
INS_51559FC16D56,REQ_64803EAF582C,7,560.0,v0.1
INS_51559FC16D56,REQ_BF4A39A9FC1F,8,3700.0,v0.1
INS_51559FC16D56,REQ_E7AAA68503E8,9,21800.0,v0.1
INS_51559FC16D56,REQ_6F26E100E1C2,10,2300.0,v0.1
INS_51559FC16D56,REQ_E741384E8C8A,11,450.0,v0.1
INS_51559FC16D56,REQ_C2DF5209FB70,12,30000.0,v0.1
INS_51559FC16D56,REQ_FCD15A3EAE14,13,250.0,v0.1
INS_51559FC16D56,REQ_C4C116CE8DFC,14,20720.0,v0.1
INS_51559FC16D56,REQ_0C5038CF8355,15,1600.0,v0.1
INS_51559FC16D56,REQ_84F8D4923DD0,16,30000.0,v0.1
INS_51559FC16D56,REQ_B3A72D25A0DC,17,20010.0,v0.1
INS_51559FC16D56,REQ_35A02644C634,18,20650.0,v0.1
INS_51559FC16D56,REQ_52726326E205,19,30000.0,v0.1
INS_51559FC16D56,REQ_69D56BBCF26F,20,6030.0,v0.1
INS_EDB0DE1C8596,REQ_234088716DE5,0,2050.0,v0.1
INS_EDB0DE1C8596,REQ_B420BB67B3AE,1,1550.0,v0.1
INS_EDB0DE1C8596,REQ_FB8E8B9E2F47,2,280.0,v0.1
INS_EDB0DE1C8596,REQ_E3C13FE787E2,3,550.0,v0.1
INS_EDB0DE1C8596,REQ_EF564539A0A4,4,1900.0,v0.1
INS_EDB0DE1C8596,REQ_7C8E20EA3B61,5,30000.0,v0.1
INS_EDB0DE1C8596,REQ_5DAA228F14B9,6,1190.0,v0.1
INS_EDB0DE1C8596,REQ_2C1B56919898,7,20200.0,v0.1
INS_EDB0DE1C8596,REQ_6A46049C2971,8,30000.0,v0.1
INS_EDB0DE1C8596,REQ_08A8282C1D58,9,850.0,v0.1
INS_EDB0DE1C8596,REQ_04B53CCBBCF6,10,1019.9999999999999,v0.1
INS_EDB0DE1C8596,REQ_43A66843AE26,11,1320.0,v0.1
INS_EDB0DE1C8596,REQ_04667EEF443A,12,310.0,v0.1
INS_EDB0DE1C8596,REQ_9EABB9DE4354,13,30000.0,v0.1
INS_EDB0DE1C8596,REQ_D136EC4FFDF8,14,28230.0,v0.1
INS_EDB0DE1C8596,REQ_6472B9E0640A,15,11900.0,v0.1
INS_EDB0DE1C8596,REQ_6DC95D5582F8,16,640.0,v0.1
INS_EDB0DE1C8596,REQ_1B066E1EEF2F,17,800.0,v0.1
INS_EDB0DE1C8596,REQ_24BF69FC254E,18,960.0,v0.1
INS_EDB0DE1C8596,REQ_0F96CDBA6D9F,19,2280.0,v0.1
INS_EDB0DE1C8596,REQ_3814F0CA9F40,20,350.0,v0.1
INS_EDB0DE1C8596,REQ_272E63DDEAF8,21,2300.0,v0.1
INS_EDB0DE1C8596,REQ_528D2F81C8C2,22,8159.999999999999,v0.1
INS_EDB0DE1C8596,REQ_82FA89EAA5AE,23,310.0,v0.1
INS_EDB0DE1C8596,REQ_22D4DC145834,24,950.0,v0.1
INS_EDB0DE1C8596,REQ_A05C628031D1,25,1260.0,v0.1
INS_EDB0DE1C8596,REQ_32502C5D3E7A,26,30000.0,v0.1
INS_EDB0DE1C8596,REQ_6655D27DDB16,27,250.0,v0.1
INS_EDB0DE1C8596,REQ_D6570FAD07D4,28,1690.0,v0.1
INS_EDB0DE1C8596,REQ_2485C392F3E7,29,2010.0000000000002,v0.1
INS_EDB0DE1C8596,REQ_F459B2CE951C,30,2730.0,v0.1
INS_EDB0DE1C8596,REQ_5D101552B8B2,31,250.0,v0.1
INS_8D876578356D,REQ_DEF9C7BCFF0D,0,1260.0,v0.1
INS_8D876578356D,REQ_17D7A620E309,1,620.0,v0.1
INS_8D876578356D,REQ_9B6A3B6A1DF4,2,7160.0,v0.1
INS_8D876578356D,REQ_3E0777A66585,3,700.0,v0.1
INS_8D876578356D,REQ_800C85EB2F21,4,180.0,v0.1
INS_8D876578356D,REQ_EAF4F097283A,5,770.0,v0.1
INS_8D876578356D,REQ_BF578E7CC909,6,30000.0,v0.1
INS_8D876578356D,REQ_97CB87315B1C,7,12710.0,v0.1
INS_8D876578356D,REQ_2872475F390F,8,9120.0,v0.1
INS_8D876578356D,REQ_9CAEB74EC220,9,970.0,v0.1
INS_A5367D9CE8A5,REQ_5A2D78231B92,0,500.0,v0.1
INS_A5367D9CE8A5,REQ_4062B2987BBB,1,30000.0,v0.1
INS_A5367D9CE8A5,REQ_031242229A4A,2,3160.0,v0.1
INS_A5367D9CE8A5,REQ_C6BD0F768288,3,30000.0,v0.1
INS_A5367D9CE8A5,REQ_DA39C335CF46,4,140.0,v0.1
INS_A5367D9CE8A5,REQ_B4413A1F35BD,5,2990.0,v0.1
INS_A5367D9CE8A5,REQ_71E7E2E0B7F0,6,280.0,v0.1
INS_A5367D9CE8A5,REQ_C97EC54616FE,7,30000.0,v0.1
INS_A5367D9CE8A5,REQ_4508536AC8AE,8,2320.0,v0.1
INS_A5367D9CE8A5,REQ_6BC60292F003,9,3390.0,v0.1
INS_A5367D9CE8A5,REQ_C30882FEAF2A,10,3550.0,v0.1
INS_A5367D9CE8A5,REQ_FCB77BB930D6,11,1280.0,v0.1
INS_A5367D9CE8A5,REQ_39710B033C9B,12,2580.0,v0.1
INS_A5367D9CE8A5,REQ_A54EC414C339,13,1400.0,v0.1
INS_A5367D9CE8A5,REQ_73601E28AE1F,14,30000.0,v0.1
INS_73925E2C0BEF,REQ_211CD4F86418,0,1060.0,v0.1
INS_73925E2C0BEF,REQ_D70628D6D423,1,550.0,v0.1
INS_73925E2C0BEF,REQ_721CC092DD23,2,16180.0,v0.1
INS_73925E2C0BEF,REQ_2F8CBB1C9FAD,3,200.0,v0.1
INS_73925E2C0BEF,REQ_4906FC80D54D,4,9320.0,v0.1
INS_73925E2C0BEF,REQ_28A2481023D5,5,1500.0,v0.1
INS_73925E2C0BEF,REQ_C89ED64BE17C,6,23830.0,v0.1
INS_73925E2C0BEF,REQ_063AB026BDA0,7,1370.0,v0.1
INS_73925E2C0BEF,REQ_DD71B45A6D82,8,1400.0,v0.1
INS_73925E2C0BEF,REQ_00CADBDE7D2F,9,30000.0,v0.1
INS_73925E2C0BEF,REQ_09E62CF51BA0,10,540.0,v0.1
INS_73925E2C0BEF,REQ_E8EB2A97FA01,11,680.0,v0.1
INS_73925E2C0BEF,REQ_335956CBD0D0,12,1080.0,v0.1
INS_73925E2C0BEF,REQ_302C03537D07,13,16975.0,v0.1
INS_73925E2C0BEF,REQ_21AFB93DE244,14,2400.0,v0.1
INS_73925E2C0BEF,REQ_29BBD75A1DF9,15,14380.0,v0.1
INS_830BA9F834C0,REQ_78D10E8C4807,0,5060.0,v0.1
INS_830BA9F834C0,REQ_196F5F428592,1,5320.0,v0.1
INS_830BA9F834C0,REQ_15A5EE6C660D,2,21940.0,v0.1
INS_830BA9F834C0,REQ_E66382F20142,3,8040.0,v0.1
INS_830BA9F834C0,REQ_708B5A5D5C22,4,1210.0,v0.1
INS_830BA9F834C0,REQ_42EFE2840429,5,540.0,v0.1
INS_830BA9F834C0,REQ_8B27D90F9EE4,6,20860.0,v0.1
INS_830BA9F834C0,REQ_461D9868612A,7,27100.0,v0.1
INS_830BA9F834C0,REQ_81E108DAD6A9,8,5120.0,v0.1
INS_830BA9F834C0,REQ_17532EA14446,9,600.0,v0.1
INS_830BA9F834C0,REQ_9E1A9BFCF469,10,1090.0,v0.1
INS_830BA9F834C0,REQ_DCE4FDC22D1E,11,30000.0,v0.1
INS_830BA9F834C0,REQ_445D0883A223,12,30000.0,v0.1
INS_830BA9F834C0,REQ_93EB95D3BF37,13,19010.0,v0.1
INS_ED35C6724C6E,REQ_3F771536C199,0,8190.000000000001,v0.1
INS_ED35C6724C6E,REQ_B0B1551C0EB5,1,1360.0,v0.1
INS_ED35C6724C6E,REQ_6473BC31BD5A,2,1970.0,v0.1
INS_ED35C6724C6E,REQ_1C0478B95847,3,18830.0,v0.1
INS_ED35C6724C6E,REQ_D8F16BA3F666,4,15350.0,v0.1
INS_ED35C6724C6E,REQ_924CC091C291,5,30000.0,v0.1
INS_ED35C6724C6E,REQ_6B1BF084FD80,6,29160.0,v0.1
INS_ED35C6724C6E,REQ_59D3CFAD1C58,7,20850.0,v0.1
INS_ED35C6724C6E,REQ_6025582F7607,8,2520.0,v0.1
INS_ED35C6724C6E,REQ_547D987308D2,9,4120.0,v0.1
INS_BF1A8495D2DC,REQ_9992BE8B594D,0,100.0,v0.1
INS_BF1A8495D2DC,REQ_2B57DB723306,1,13240.0,v0.1
INS_BF1A8495D2DC,REQ_E4EF27D11EA0,2,24180.0,v0.1
INS_BF1A8495D2DC,REQ_CD3138801AB8,3,80.0,v0.1
INS_BF1A8495D2DC,REQ_57A441F5A092,4,30000.0,v0.1
INS_BF1A8495D2DC,REQ_B8BC7A88DD3F,5,3340.0,v0.1
INS_BF1A8495D2DC,REQ_EF615D67E644,6,19860.0,v0.1
INS_BF1A8495D2DC,REQ_B8626305861C,7,30000.0,v0.1
INS_BF1A8495D2DC,REQ_82229E51F722,8,280.0,v0.1
INS_D6550B1C651C,REQ_B31236823D4A,0,3520.0,v0.1
INS_D6550B1C651C,REQ_A9A51A4E22B6,1,3800.0,v0.1
INS_D6550B1C651C,REQ_7BE146990446,2,30000.0,v0.1
INS_D6550B1C651C,REQ_628CA6BB9AF9,3,190.0,v0.1
INS_D6550B1C651C,REQ_0AA212354F11,4,1700.0,v0.1
INS_D6550B1C651C,REQ_8FC974EB5931,5,1160.0,v0.1
INS_D6550B1C651C,REQ_5EF90481D0F8,6,30000.0,v0.1
INS_D6550B1C651C,REQ_D3969E420CB8,7,22030.0,v0.1
INS_D6550B1C651C,REQ_5BC44807E56B,8,22230.0,v0.1
INS_D6550B1C651C,REQ_50B854B09498,9,560.0,v0.1
INS_D6550B1C651C,REQ_895C223076BB,10,1850.0,v0.1
INS_D6550B1C651C,REQ_3966229E9E74,11,1270.0,v0.1
INS_7E1733F00303,REQ_933DC062F327,0,3880.0,v0.1
INS_7E1733F00303,REQ_34556FD91AE4,1,810.0,v0.1
INS_7E1733F00303,REQ_1BA3DFFF697B,2,2480.0,v0.1
INS_7E1733F00303,REQ_146A5E298845,3,2450.0,v0.1
INS_7E1733F00303,REQ_129288E2D82A,4,4780.0,v0.1
INS_7E1733F00303,REQ_80D47D3C5E83,5,30000.0,v0.1
INS_7E1733F00303,REQ_9A2BFD69D064,6,27550.0,v0.1
INS_7E1733F00303,REQ_615F963B5154,7,2060.0,v0.1
INS_7E1733F00303,REQ_240E16095971,8,1430.0,v0.1
INS_7E1733F00303,REQ_6EB29B309DEA,9,1350.0,v0.1
INS_7E1733F00303,REQ_0CB3B66E45CD,10,8860.0,v0.1
INS_7E1733F00303,REQ_D91A4DD6F2B5,11,2350.0,v0.1
INS_7E1733F00303,REQ_504C7832718D,12,12500.0,v0.1
INS_7E1733F00303,REQ_F21EB54FB8F9,13,1100.0,v0.1
INS_7E1733F00303,REQ_B3AAC55CA6F6,14,1000.0,v0.1
INS_7E1733F00303,REQ_E03D234E33EB,15,2540.0,v0.1
INS_7E1733F00303,REQ_E64956A59FDA,16,7570.0,v0.1
INS_7E1733F00303,REQ_536E7D54C81B,17,1770.0,v0.1
INS_7E1733F00303,REQ_7F31234A41DC,18,1320.0,v0.1
INS_7E1733F00303,REQ_958B257A820B,19,2760.0,v0.1
INS_7E1733F00303,REQ_9858C6B74A3F,20,970.0,v0.1
INS_7E1733F00303,REQ_1990375E67BE,21,7680.0,v0.1
INS_7E1733F00303,REQ_F0A24A2123EE,22,1250.0,v0.1
INS_E346DFFF7660,REQ_86CA18343535,0,1200.0,v0.1
INS_E346DFFF7660,REQ_F529BAB16C23,1,240.0,v0.1
INS_E346DFFF7660,REQ_F8A73CF304C2,2,1200.0,v0.1
INS_E346DFFF7660,REQ_55539842AFE6,3,11470.0,v0.1
INS_E346DFFF7660,REQ_3581A6AE76C0,4,23900.0,v0.1
INS_E346DFFF7660,REQ_C7EA31057142,5,30000.0,v0.1
INS_E346DFFF7660,REQ_EE6780C6E2DB,6,400.0,v0.1
INS_E346DFFF7660,REQ_DC350E028F4C,7,2530.0,v0.1
INS_E346DFFF7660,REQ_2CD501C8D866,8,10000.0,v0.1
INS_E346DFFF7660,REQ_05D7C77D7D3D,9,18490.0,v0.1
INS_E346DFFF7660,REQ_3846FC6935B0,10,280.0,v0.1
INS_E346DFFF7660,REQ_B8795AB9533C,11,30000.0,v0.1
INS_E346DFFF7660,REQ_B5B8C56177A6,12,1220.0,v0.1
INS_E346DFFF7660,REQ_0334CCD7EF24,13,11780.0,v0.1
INS_E346DFFF7660,REQ_DB06C2FFD327,14,1750.0,v0.1
INS_5AC47038B03D,REQ_35262BD34430,0,13210.0,v0.1
INS_5AC47038B03D,REQ_E844A4980007,1,2150.0,v0.1
INS_5AC47038B03D,REQ_F8B27784A548,2,200.0,v0.1
INS_5AC47038B03D,REQ_50CA21A9568E,3,6800.0,v0.1
INS_5AC47038B03D,REQ_FC677AC3BBC4,4,1740.0,v0.1
INS_5AC47038B03D,REQ_58856CEDEC4B,5,13880.0,v0.1
INS_5AC47038B03D,REQ_F0400934433E,6,1360.0,v0.1
INS_5AC47038B03D,REQ_DA84C89578D1,7,840.0,v0.1
INS_5AC47038B03D,REQ_D237D586179F,8,22410.0,v0.1
INS_5AC47038B03D,REQ_81407F2332FD,9,6409.999999999999,v0.1
INS_5AC47038B03D,REQ_E5F5093F8218,10,15230.0,v0.1
INS_5AC47038B03D,REQ_2D96322F2022,11,550.0,v0.1
INS_5AC47038B03D,REQ_20EAE135F8FD,12,4630.0,v0.1
INS_5AC47038B03D,REQ_9DC7FB938194,13,30000.0,v0.1
INS_5AC47038B03D,REQ_B546331E8938,14,3580.0,v0.1
INS_5AC47038B03D,REQ_65CE0028384B,15,1400.0,v0.1
INS_5AC47038B03D,REQ_87B02B52FD80,16,12190.0,v0.1
INS_5AC47038B03D,REQ_6C49F78236B2,17,840.0,v0.1
INS_5AC47038B03D,REQ_9D099C7E5E91,18,350.0,v0.1
INS_5AC47038B03D,REQ_6B7F0A7C09EF,19,2880.0,v0.1
INS_5AC47038B03D,REQ_180AEAD865FD,20,24890.0,v0.1
INS_5AC47038B03D,REQ_EE0AB6C254E5,21,2070.0,v0.1
INS_5AC47038B03D,REQ_1B7162A3DBDC,22,4450.0,v0.1
INS_5AC47038B03D,REQ_C9D520EC9E09,23,10380.0,v0.1
INS_5AC47038B03D,REQ_1496631BA2D3,24,210.0,v0.1
INS_5AC47038B03D,REQ_D5D80330823F,25,9500.0,v0.1
INS_5AC47038B03D,REQ_F308308870CC,26,350.0,v0.1
INS_5AC47038B03D,REQ_762C33B954F0,27,229.99999999999997,v0.1
INS_5AC47038B03D,REQ_6343C8BF017C,28,18640.0,v0.1
INS_5AC47038B03D,REQ_DF06A99C976A,29,1840.0,v0.1
INS_5AC47038B03D,REQ_53267476CB50,30,440.00000000000006,v0.1
INS_5AC47038B03D,REQ_0CCAF14C6D8A,31,11250.0,v0.1
INS_5AC47038B03D,REQ_08209EDBE027,32,13010.0,v0.1
INS_5AC47038B03D,REQ_CB94E1645CA1,33,15210.0,v0.1
INS_5AC47038B03D,REQ_B2CF259F3F0C,34,21750.0,v0.1
INS_5AC47038B03D,REQ_A0939033CB2E,35,790.0,v0.1
INS_5AC47038B03D,REQ_020EBAF00BC6,36,30000.0,v0.1
INS_5AC47038B03D,REQ_BFD041F7A2C6,37,509.99999999999994,v0.1
INS_702A9003B5FC,REQ_55CD954B5D3F,0,13360.0,v0.1
INS_702A9003B5FC,REQ_4CFE7070C24B,1,2750.0,v0.1
INS_702A9003B5FC,REQ_7416697D8DE2,2,30000.0,v0.1
INS_702A9003B5FC,REQ_384B14E64D10,3,4360.0,v0.1
INS_702A9003B5FC,REQ_0B915180F5B4,4,550.0,v0.1
INS_702A9003B5FC,REQ_F4CA547CD4D2,5,22010.0,v0.1
INS_702A9003B5FC,REQ_6B94341088CE,6,3350.0,v0.1
INS_702A9003B5FC,REQ_A109534943FB,7,4880.0,v0.1
INS_702A9003B5FC,REQ_C61925C25828,8,26160.0,v0.1
INS_702A9003B5FC,REQ_08B00E074678,9,10630.0,v0.1
INS_702A9003B5FC,REQ_EA4B2B7CA528,10,680.0,v0.1
INS_702A9003B5FC,REQ_8CBD357ED03A,11,17230.0,v0.1
INS_702A9003B5FC,REQ_EB7EACBC5598,12,400.0,v0.1
INS_702A9003B5FC,REQ_417C6D72317E,13,660.0,v0.1
INS_B328DB971E69,REQ_73FEF92C2C65,0,1380.0,v0.1
INS_B328DB971E69,REQ_0960EE089F98,1,6350.0,v0.1
INS_B328DB971E69,REQ_764F264B838C,2,360.0,v0.1
INS_B328DB971E69,REQ_45A9048ABA5C,3,1050.0,v0.1
INS_B328DB971E69,REQ_80A9E7D8379C,4,1060.0,v0.1
INS_B328DB971E69,REQ_D364C509D8F4,5,30000.0,v0.1
INS_B328DB971E69,REQ_45158392069D,6,200.0,v0.1
INS_B328DB971E69,REQ_13AB4E50A776,7,990.0,v0.1
INS_B328DB971E69,REQ_9A97F98D8B5F,8,1939.9999999999998,v0.1
INS_31EAE82A3EB4,REQ_9548C1369C46,0,2600.0,v0.1
INS_31EAE82A3EB4,REQ_3234730ED51A,1,1050.0,v0.1
INS_31EAE82A3EB4,REQ_0610F7EE7B5B,2,9400.0,v0.1
INS_31EAE82A3EB4,REQ_417688E303B6,3,8170.0,v0.1
INS_31EAE82A3EB4,REQ_CA36FFD89C24,4,630.0,v0.1
INS_31EAE82A3EB4,REQ_7ABE8BAA5661,5,210.0,v0.1
INS_31EAE82A3EB4,REQ_AB491208947E,6,19640.0,v0.1
INS_31EAE82A3EB4,REQ_04A4EE32FFCD,7,6530.0,v0.1
INS_31EAE82A3EB4,REQ_D356137D6E25,8,490.00000000000006,v0.1
INS_31EAE82A3EB4,REQ_FDDC0F4356D5,9,3620.0000000000005,v0.1
INS_31EAE82A3EB4,REQ_65696677976D,10,1200.0,v0.1
INS_31EAE82A3EB4,REQ_FA7CD38E808E,11,21970.0,v0.1
INS_31EAE82A3EB4,REQ_22D261A9F773,12,24050.0,v0.1
INS_31EAE82A3EB4,REQ_156D7C57E3BD,13,1000.0,v0.1
INS_31EAE82A3EB4,REQ_F5518AB0F222,14,750.0,v0.1
INS_31EAE82A3EB4,REQ_C5A4CB19CB3B,15,21950.0,v0.1
INS_31EAE82A3EB4,REQ_81954D0B749D,16,28790.0,v0.1
INS_31EAE82A3EB4,REQ_421C61F9CB09,17,2090.0,v0.1
INS_31EAE82A3EB4,REQ_754A847340B6,18,300.0,v0.1
INS_31EAE82A3EB4,REQ_E77939A69FB6,19,900.0,v0.1
INS_31EAE82A3EB4,REQ_CB18E8BFDCFE,20,28610.0,v0.1
INS_31EAE82A3EB4,REQ_66682726482C,21,23280.0,v0.1
INS_31EAE82A3EB4,REQ_6870D1AEAE62,22,300.0,v0.1
INS_31EAE82A3EB4,REQ_329C12477630,23,900.0,v0.1
INS_31EAE82A3EB4,REQ_35778326AD5F,24,420.0,v0.1
INS_31EAE82A3EB4,REQ_ADBE6CC69195,25,2420.0,v0.1
INS_31EAE82A3EB4,REQ_8FADF0376549,26,30000.0,v0.1
INS_31EAE82A3EB4,REQ_4113E784FD60,27,23160.0,v0.1
INS_31EAE82A3EB4,REQ_5C3B1E8D15E8,28,15750.0,v0.1
INS_31EAE82A3EB4,REQ_779141642080,29,17980.0,v0.1
INS_31EAE82A3EB4,REQ_39C42B1119AB,30,6570.0,v0.1
INS_31EAE82A3EB4,REQ_F7A3FD938422,31,1600.0,v0.1
INS_31EAE82A3EB4,REQ_0E5BE0CF4B2F,32,8950.0,v0.1
INS_31EAE82A3EB4,REQ_3B681F77A690,33,12600.0,v0.1
INS_31EAE82A3EB4,REQ_6EA5E9687075,34,440.0,v0.1
INS_31EAE82A3EB4,REQ_EAACEBDAA3B1,35,19160.0,v0.1
INS_31EAE82A3EB4,REQ_47167FD89C33,36,30000.0,v0.1
INS_31EAE82A3EB4,REQ_164202319EA8,37,1600.0,v0.1
INS_31EAE82A3EB4,REQ_5EB8E5D4E350,38,6020.0,v0.1
INS_31EAE82A3EB4,REQ_A8FCB08CF170,39,1150.0,v0.1
INS_31EAE82A3EB4,REQ_A23632729378,40,4890.0,v0.1
INS_31EAE82A3EB4,REQ_B6FBECE15B8A,41,300.0,v0.1
INS_31EAE82A3EB4,REQ_BC054F09CF7A,42,1240.0,v0.1
INS_31EAE82A3EB4,REQ_8A75EFCAF335,43,4150.0,v0.1
INS_31EAE82A3EB4,REQ_81B5BDBBD6D5,44,3800.0,v0.1
INS_31EAE82A3EB4,REQ_8D77D791A7DC,45,1750.0,v0.1
INS_31EAE82A3EB4,REQ_6127B187A84E,46,1780.0,v0.1
INS_31EAE82A3EB4,REQ_EC3320B25E5C,47,740.0,v0.1
INS_31EAE82A3EB4,REQ_B57B6DBE4F79,48,1100.0,v0.1
INS_31EAE82A3EB4,REQ_40D02BE59021,49,1460.0,v0.1
INS_31EAE82A3EB4,REQ_E19CEF824B18,50,20670.0,v0.1
INS_31EAE82A3EB4,REQ_68C0978C2CC4,51,3500.0,v0.1
INS_31EAE82A3EB4,REQ_0920BC17AEEF,52,390.0,v0.1
INS_31EAE82A3EB4,REQ_BDB59579054F,53,3310.0,v0.1
INS_31EAE82A3EB4,REQ_9FD82701CB87,54,1580.0,v0.1
INS_31EAE82A3EB4,REQ_1A70DA8FE291,55,430.0,v0.1
INS_31EAE82A3EB4,REQ_ACF65DFBB97B,56,4640.0,v0.1
INS_31EAE82A3EB4,REQ_CF594C0DE3F3,57,520.0,v0.1
INS_31EAE82A3EB4,REQ_788242E97850,58,650.0,v0.1
INS_31EAE82A3EB4,REQ_2F0E5C7874E9,59,4140.0,v0.1
INS_D43E934F328F,REQ_CD143F188619,0,1320.0,v0.1
INS_D43E934F328F,REQ_6D4773D6C17E,1,30000.0,v0.1
INS_D43E934F328F,REQ_489F1CA27C28,2,30000.0,v0.1
INS_D43E934F328F,REQ_3BE9AD36BFAC,3,1430.0,v0.1
INS_D43E934F328F,REQ_1CDFCF38CB5B,4,29200.0,v0.1
INS_D43E934F328F,REQ_813BBE29D7ED,5,390.0,v0.1
INS_D43E934F328F,REQ_F3A5F55BC7CB,6,3600.0,v0.1
INS_D43E934F328F,REQ_B20938BCFB82,7,400.0,v0.1
INS_D43E934F328F,REQ_C6849D6BDF85,8,7170.0,v0.1
INS_D43E934F328F,REQ_145229B67590,9,8600.0,v0.1
INS_D43E934F328F,REQ_332FC56AF959,10,590.0,v0.1
INS_D43E934F328F,REQ_41A64136F506,11,1350.0,v0.1
INS_D43E934F328F,REQ_18AB3C9204FF,12,4450.0,v0.1
INS_D43E934F328F,REQ_2354741B6A5C,13,830.0000000000001,v0.1
INS_D43E934F328F,REQ_A0FFD31F9BAB,14,1270.0,v0.1
INS_D43E934F328F,REQ_0C668307F0E7,15,6550.0,v0.1
INS_D43E934F328F,REQ_F8A97E7E9C81,16,3950.0,v0.1
INS_D43E934F328F,REQ_8EEA3C768916,17,30000.0,v0.1
INS_D43E934F328F,REQ_644AEBF2693B,18,30000.0,v0.1
INS_D43E934F328F,REQ_FC982EBB1A49,19,310.0,v0.1
INS_33EBA15642E2,REQ_255C7032B991,0,1440.0,v0.1
INS_33EBA15642E2,REQ_756CC06BCD55,1,1520.0,v0.1
INS_33EBA15642E2,REQ_4D3512709E44,2,380.0,v0.1
INS_33EBA15642E2,REQ_E300214DB8D9,3,2940.0,v0.1
INS_33EBA15642E2,REQ_F33FD947D3D8,4,1820.0,v0.1
INS_33EBA15642E2,REQ_9B792ED83DB4,5,2160.0,v0.1
INS_33EBA15642E2,REQ_27F8FEF4B80D,6,7380.0,v0.1
INS_33EBA15642E2,REQ_1ABF5EAA6EE0,7,10150.0,v0.1
INS_33EBA15642E2,REQ_54651364C373,8,1170.0,v0.1
INS_33EBA15642E2,REQ_A2110569DCE5,9,4810.0,v0.1
INS_33EBA15642E2,REQ_23C9AE4BA71D,10,10420.0,v0.1
INS_33EBA15642E2,REQ_573985E779C2,11,18250.0,v0.1
INS_33EBA15642E2,REQ_F5348D31C960,12,830.0000000000001,v0.1
INS_33EBA15642E2,REQ_F7A0FDF29899,13,2490.0,v0.1
INS_33EBA15642E2,REQ_CD4D3F330F5A,14,12600.0,v0.1
INS_33EBA15642E2,REQ_4062DCFD6C12,15,320.0,v0.1
INS_33EBA15642E2,REQ_A1E13458957A,16,30000.0,v0.1
INS_33EBA15642E2,REQ_F20BAFCE4779,17,1450.0,v0.1
INS_33EBA15642E2,REQ_16FFDE5890DB,18,14700.0,v0.1
INS_33EBA15642E2,REQ_234C07E92579,19,16100.0,v0.1
INS_33EBA15642E2,REQ_C6076231BB0B,20,780.0,v0.1
INS_33EBA15642E2,REQ_FB4829D7125E,21,30000.0,v0.1
INS_C54872B5B961,REQ_1A91A2C8CEDA,0,30000.0,v0.1
INS_C54872B5B961,REQ_BD76909C719F,1,30000.0,v0.1
INS_C54872B5B961,REQ_5D0DE971D0B8,2,2880.0,v0.1
INS_C54872B5B961,REQ_7DDB5E6E375A,3,3879.9999999999995,v0.1
INS_C54872B5B961,REQ_D1F570780BD5,4,250.0,v0.1
INS_C54872B5B961,REQ_0B04F32B6A58,5,1200.0,v0.1
INS_C54872B5B961,REQ_6B0E71FC6641,6,28810.0,v0.1
INS_C54872B5B961,REQ_D70628D6D423,7,550.0,v0.1
INS_C54872B5B961,REQ_8C1AF4B8A2BB,8,28350.0,v0.1
INS_C54872B5B961,REQ_957E1F91B23C,9,550.0,v0.1
INS_C54872B5B961,REQ_ABEF335172A0,10,17750.0,v0.1
INS_C54872B5B961,REQ_29AE87B62529,11,1710.0,v0.1
INS_C54872B5B961,REQ_93AC3FE041A2,12,12670.0,v0.1
INS_C54872B5B961,REQ_5B0A5CCEA574,13,30000.0,v0.1
INS_C54872B5B961,REQ_80A9322160C1,14,260.0,v0.1
INS_C54872B5B961,REQ_F5D1D0896DB1,15,30000.0,v0.1
INS_C54872B5B961,REQ_64B6A329A3BB,16,1320.0,v0.1
INS_C54872B5B961,REQ_E1711384022E,17,3110.0,v0.1
INS_C54872B5B961,REQ_2EE69D58373E,18,250.0,v0.1
INS_C54872B5B961,REQ_774485510E1D,19,19790.0,v0.1
INS_C54872B5B961,REQ_3434125F463C,20,1010.0,v0.1
INS_C54872B5B961,REQ_6F9AB16963D5,21,30000.0,v0.1
INS_C54872B5B961,REQ_C3ACF7A6C380,22,1470.0,v0.1
INS_C54872B5B961,REQ_1444A2A27075,23,9420.0,v0.1
INS_C54872B5B961,REQ_B13EA8400538,24,23350.0,v0.1
INS_3391B89E95AD,REQ_4CB2EE0F6D66,0,1810.0000000000002,v0.1
INS_3391B89E95AD,REQ_8AF8F47EDD3D,1,8010.0,v0.1
INS_3391B89E95AD,REQ_2B1EBFA33E30,2,13500.0,v0.1
INS_3391B89E95AD,REQ_BF17E948DB6D,3,3450.0,v0.1
INS_3391B89E95AD,REQ_ED333A95F29A,4,160.0,v0.1
INS_3391B89E95AD,REQ_4CF8DC986F18,5,750.0,v0.1
INS_3391B89E95AD,REQ_6BA84C4BC00F,6,1620.0,v0.1
INS_3391B89E95AD,REQ_5223D6134559,7,22530.0,v0.1
INS_740B04A31013,REQ_A4F8F2255FEC,0,2940.0,v0.1
INS_740B04A31013,REQ_998844DD49F9,1,6310.0,v0.1
INS_740B04A31013,REQ_D9E10B88C511,2,1350.0,v0.1
INS_740B04A31013,REQ_A86EE14212E1,3,20500.0,v0.1
INS_740B04A31013,REQ_D9AD3E52CC9E,4,13080.0,v0.1
INS_740B04A31013,REQ_E435CEF3B666,5,17990.0,v0.1
INS_740B04A31013,REQ_F19A713C6415,6,11950.0,v0.1
INS_740B04A31013,REQ_A637BB6EF5D9,7,18980.0,v0.1
INS_740B04A31013,REQ_A4D067EDDA41,8,5420.0,v0.1
INS_740B04A31013,REQ_59E2942DC42F,9,1250.0,v0.1
INS_740B04A31013,REQ_C77E1817DD13,10,16590.0,v0.1
INS_740B04A31013,REQ_A2AA25F786D3,11,500.0,v0.1
INS_740B04A31013,REQ_226564DDA886,12,19260.0,v0.1
INS_740B04A31013,REQ_76FA90B1BB8D,13,18730.0,v0.1
INS_740B04A31013,REQ_5A91E8271E61,14,1250.0,v0.1
INS_740B04A31013,REQ_E2EA62F2A579,15,12830.0,v0.1
INS_740B04A31013,REQ_FA5D1CBDAA38,16,30000.0,v0.1
INS_740B04A31013,REQ_89F38CB3E87F,17,30000.0,v0.1
INS_740B04A31013,REQ_86ECEB249303,18,30000.0,v0.1
INS_740B04A31013,REQ_51FDA98BFCC4,19,14880.0,v0.1
INS_740B04A31013,REQ_0433ADD71B03,20,30000.0,v0.1
INS_740B04A31013,REQ_425D14044E35,21,6690.000000000001,v0.1
INS_740B04A31013,REQ_9D6BBDA98C05,22,23090.0,v0.1
INS_740B04A31013,REQ_7D9BA37A0AF5,23,1120.0,v0.1
INS_740B04A31013,REQ_58B28C73054A,24,830.0,v0.1
INS_740B04A31013,REQ_E21BE2BADCBF,25,30680.0,v0.1
INS_740B04A31013,REQ_3D725004B4A6,26,30000.0,v0.1
INS_740B04A31013,REQ_6E22447D77D1,27,550.0,v0.1
INS_740B04A31013,REQ_10DF52F171A2,28,2640.0,v0.1
INS_A0D2FD54F016,REQ_F29DAD285DF6,0,3329.9999999999995,v0.1
INS_A0D2FD54F016,REQ_B44F4F3D2A3D,1,18380.0,v0.1
INS_A0D2FD54F016,REQ_0170FE0E85D7,2,1730.0,v0.1
INS_A0D2FD54F016,REQ_10F41F4B9CEE,3,1490.0,v0.1
INS_A0D2FD54F016,REQ_67D37E5B3249,4,7100.0,v0.1
INS_A0D2FD54F016,REQ_54B9C996E7AC,5,30000.0,v0.1
INS_A0D2FD54F016,REQ_FAA491E0FCC1,6,30000.0,v0.1
INS_A0D2FD54F016,REQ_859BDEB96A5A,7,440.0,v0.1
INS_A0D2FD54F016,REQ_EF56F3573DB3,8,2210.0,v0.1
INS_A0D2FD54F016,REQ_85D10FFC5B61,9,3410.0,v0.1
INS_A0D2FD54F016,REQ_3334C736B182,10,2060.0,v0.1
INS_A0D2FD54F016,REQ_8D487FB40E97,11,1840.0,v0.1
INS_A0D2FD54F016,REQ_F2944B1216ED,12,4520.0,v0.1
INS_A0D2FD54F016,REQ_8D426B651E57,13,280.0,v0.1
INS_A0D2FD54F016,REQ_E079AEB96B8D,14,16580.0,v0.1
INS_A0D2FD54F016,REQ_50E5C5F54B70,15,830.0,v0.1
INS_A0D2FD54F016,REQ_AA9E600F42B1,16,3350.0,v0.1
INS_A0D2FD54F016,REQ_924559477FA6,17,10520.0,v0.1
INS_A0D2FD54F016,REQ_8B0C04DE00F8,18,16940.0,v0.1
INS_A0D2FD54F016,REQ_1F80D988D089,19,760.0,v0.1
INS_A0D2FD54F016,REQ_E717A4C6FDC7,20,1690.0,v0.1
INS_A0D2FD54F016,REQ_D5B834240A6A,21,10050.0,v0.1
INS_A0D2FD54F016,REQ_EA2FAC5F6427,22,25640.0,v0.1
INS_A0D2FD54F016,REQ_7C4B15441730,23,1500.0,v0.1
INS_AD6F0B608FA0,REQ_3AB0FE12C381,0,700.0,v0.1
INS_AD6F0B608FA0,REQ_A839ECFE52F2,1,6540.0,v0.1
INS_AD6F0B608FA0,REQ_556130B054D2,2,5620.0,v0.1
INS_AD6F0B608FA0,REQ_7C6CFAB774B8,3,260.0,v0.1
INS_AD6F0B608FA0,REQ_90EF14DFD406,4,24840.0,v0.1
INS_AD6F0B608FA0,REQ_079D25F9A0E7,5,13380.0,v0.1
INS_AD6F0B608FA0,REQ_B38C754A34BF,6,14130.0,v0.1
INS_AD6F0B608FA0,REQ_36EF78C1C05E,7,300.0,v0.1
INS_AD6F0B608FA0,REQ_24DBAFEB2A60,8,7470.0,v0.1
INS_AD6F0B608FA0,REQ_3106D9898765,9,630.0,v0.1
INS_AD6F0B608FA0,REQ_ED7777A32FEB,10,5750.0,v0.1
INS_AD6F0B608FA0,REQ_B711BB5DA266,11,30000.0,v0.1
INS_AD6F0B608FA0,REQ_1C547F3C9E0A,12,6470.0,v0.1
INS_AD6F0B608FA0,REQ_DDFF7C5B926F,13,4440.0,v0.1
INS_AD6F0B608FA0,REQ_856F2F4A87A9,14,8080.0,v0.1
INS_AD6F0B608FA0,REQ_988309F8908F,15,31670.0,v0.1
INS_AD6F0B608FA0,REQ_2B3350C2BB79,16,1180.0,v0.1
INS_AD6F0B608FA0,REQ_C973967A3928,17,30000.0,v0.1
INS_AD6F0B608FA0,REQ_C658AEC431BD,18,11840.0,v0.1
INS_AD6F0B608FA0,REQ_EF96F519E8F6,19,900.0,v0.1
INS_AD6F0B608FA0,REQ_E3C9472EFA47,20,28650.0,v0.1
INS_AD6F0B608FA0,REQ_89E70BA885C3,21,1850.0,v0.1
INS_44F3737F8A31,REQ_2EE7177784EB,0,950.0,v0.1
INS_44F3737F8A31,REQ_B23FF46EE9EF,1,1080.0,v0.1
INS_44F3737F8A31,REQ_172BA145CBBB,2,30000.0,v0.1
INS_44F3737F8A31,REQ_7BD2458BE800,3,370.0,v0.1
INS_44F3737F8A31,REQ_36F4CD7760FF,4,1430.0,v0.1
INS_44F3737F8A31,REQ_A667913A890E,5,15030.000000000002,v0.1
INS_44F3737F8A31,REQ_3215B7E38751,6,3770.0,v0.1
INS_44F3737F8A31,REQ_89BB3F540100,7,2550.0,v0.1
INS_44F3737F8A31,REQ_0F676B0DC6C8,8,30000.0,v0.1
INS_44F3737F8A31,REQ_EA4BCA0AD60D,9,17900.0,v0.1
INS_44F3737F8A31,REQ_C2F19754C091,10,4380.0,v0.1
INS_44F3737F8A31,REQ_DE8084732803,11,14120.0,v0.1
INS_44F3737F8A31,REQ_0B060EE32F57,12,600.0,v0.1
INS_44F3737F8A31,REQ_71B61A909F0D,13,1480.0,v0.1
INS_44F3737F8A31,REQ_62FF3485CD75,14,25260.0,v0.1
INS_44F3737F8A31,REQ_82807A79E11C,15,409.99999999999994,v0.1
INS_44F3737F8A31,REQ_DB5DFBBE286A,16,150.0,v0.1
INS_44F3737F8A31,REQ_219FC0579FB5,17,3000.0,v0.1
INS_44F3737F8A31,REQ_5C46BC0A8866,18,12030.0,v0.1
INS_44F3737F8A31,REQ_D8EE42C936DA,19,1500.0,v0.1
INS_44F3737F8A31,REQ_824BB39F9AB9,20,30000.0,v0.1
INS_44F3737F8A31,REQ_CA2FB011887A,21,450.0,v0.1
INS_44F3737F8A31,REQ_CEE00FA64EC1,22,240.0,v0.1
INS_44F3737F8A31,REQ_777B585845CA,23,330.0,v0.1
INS_44F3737F8A31,REQ_1BB40B2B25C3,24,1430.0,v0.1
INS_44F3737F8A31,REQ_F2385138DD7B,25,4930.0,v0.1
INS_44F3737F8A31,REQ_D750C23E222E,26,110.0,v0.1
INS_44F3737F8A31,REQ_1ACC781774DC,27,640.0,v0.1
INS_44F3737F8A31,REQ_E9A12A38A7E6,28,620.0,v0.1
INS_44F3737F8A31,REQ_5E559E182C3F,29,1620.0,v0.1
INS_44F3737F8A31,REQ_825E433E586B,30,2600.0,v0.1
INS_44F3737F8A31,REQ_720C4C702444,31,350.0,v0.1
INS_44F3737F8A31,REQ_7540B8455030,32,2300.0,v0.1
INS_5D041895222B,REQ_F48615C30131,0,480.0,v0.1
INS_5D041895222B,REQ_5F94C6003F18,1,910.0,v0.1
INS_5D041895222B,REQ_DFAA4D0E1DAE,2,27360.0,v0.1
INS_5D041895222B,REQ_1FDAA7CA6EEB,3,7700.0,v0.1
INS_5D041895222B,REQ_D3A093B4231C,4,30000.0,v0.1
INS_5D041895222B,REQ_054A040D3667,5,320.0,v0.1
INS_5D041895222B,REQ_F7597C547B99,6,280.0,v0.1
INS_5D041895222B,REQ_EE26FFF3D9E2,7,30000.0,v0.1
INS_5D041895222B,REQ_5EDE894E958F,8,30000.0,v0.1
INS_5D041895222B,REQ_1DF32164B1EE,9,30000.0,v0.1
INS_5D041895222B,REQ_28ABF8E3802A,10,1190.0,v0.1
INS_5D041895222B,REQ_B39D4D862475,11,5750.0,v0.1
INS_5D041895222B,REQ_DA7142C99201,12,290.0,v0.1
INS_5D041895222B,REQ_D2D4C354AF1F,13,26600.0,v0.1
INS_5D041895222B,REQ_FA329247483A,14,1050.0,v0.1
INS_5D041895222B,REQ_4714279C8A9E,15,1030.0,v0.1
INS_5D041895222B,REQ_89A86762ECED,16,1050.0,v0.1
INS_5D041895222B,REQ_C5F5153E8EB2,17,100.0,v0.1
INS_5D041895222B,REQ_73596CEC27DE,18,2680.0,v0.1
INS_5D041895222B,REQ_37BFED95191D,19,210.0,v0.1
INS_5D041895222B,REQ_E96ACD3B735F,20,509.99999999999994,v0.1
INS_5D041895222B,REQ_3292E9791F14,21,450.0,v0.1
INS_5D041895222B,REQ_9105D62DE1A3,22,6950.0,v0.1
INS_5D041895222B,REQ_F5211DD53E77,23,30000.0,v0.1
INS_5D041895222B,REQ_0818BDBE9A65,24,3480.0,v0.1
INS_5D041895222B,REQ_6BB58FB0EC4E,25,30000.0,v0.1
INS_5D041895222B,REQ_7221038A314F,26,2120.0,v0.1
INS_5D041895222B,REQ_E54F9339AAB1,27,16780.0,v0.1
INS_5D041895222B,REQ_15329729C2AC,28,80.0,v0.1
INS_5D041895222B,REQ_5E3BE217323C,29,550.0,v0.1
INS_5D041895222B,REQ_128052B8163C,30,400.0,v0.1
INS_5D041895222B,REQ_F29D74F9367D,31,500.0,v0.1
INS_600CB4625918,REQ_FDD057568520,0,30000.0,v0.1
INS_600CB4625918,REQ_A7BC46973A10,1,15700.0,v0.1
INS_600CB4625918,REQ_7CF9F5A90A05,2,14280.0,v0.1
INS_600CB4625918,REQ_CBE58178588E,3,10570.0,v0.1
INS_600CB4625918,REQ_BBCB6F5C41EE,4,27060.0,v0.1
INS_600CB4625918,REQ_1FF03DAE2839,5,30000.0,v0.1
INS_600CB4625918,REQ_57FD9283ECDD,6,13890.0,v0.1
INS_600CB4625918,REQ_811D4A5B9CC3,7,30000.0,v0.1
INS_600CB4625918,REQ_8F717200F89D,8,11430.0,v0.1
INS_600CB4625918,REQ_05284FE85B1C,9,25360.0,v0.1
INS_600CB4625918,REQ_D83381E9970B,10,30000.0,v0.1
INS_600CB4625918,REQ_546A19D960B0,11,30000.0,v0.1
INS_600CB4625918,REQ_D6A702805405,12,13950.0,v0.1
INS_600CB4625918,REQ_3EEBB86092EC,13,30000.0,v0.1
INS_600CB4625918,REQ_C40ABD233FAB,14,30000.0,v0.1
INS_600CB4625918,REQ_8D6E1C7C1E4E,15,30000.0,v0.1
INS_600CB4625918,REQ_EDCDD411CC74,16,30000.0,v0.1
INS_600CB4625918,REQ_5397DF010582,17,30000.0,v0.1
INS_760096177CF8,REQ_B19ABFD95BCE,0,1440.0,v0.1
INS_760096177CF8,REQ_2F68EF24CE01,1,150.0,v0.1
INS_760096177CF8,REQ_4107C52E8E2A,2,20470.0,v0.1
INS_760096177CF8,REQ_BF22793DC0C5,3,2680.0,v0.1
INS_760096177CF8,REQ_3588C156554A,4,30000.0,v0.1
INS_760096177CF8,REQ_48375B0A0AAD,5,6920.0,v0.1
INS_760096177CF8,REQ_E9D779BB3E32,6,29770.0,v0.1
INS_760096177CF8,REQ_F16A2043AE70,7,25790.0,v0.1
INS_760096177CF8,REQ_080F08E403AC,8,5390.0,v0.1
INS_760096177CF8,REQ_1CB46F0AB73C,9,5440.0,v0.1
INS_760096177CF8,REQ_0551715B936D,10,11580.0,v0.1
INS_760096177CF8,REQ_8E239BB63C8A,11,1420.0,v0.1
INS_760096177CF8,REQ_79093FC4C226,12,1060.0,v0.1
INS_760096177CF8,REQ_A094EC8941BB,13,21140.0,v0.1
INS_760096177CF8,REQ_4DA552CD7F4F,14,22300.0,v0.1
INS_760096177CF8,REQ_33038E8A020F,15,700.0,v0.1
INS_760096177CF8,REQ_B9F690652585,16,15400.0,v0.1
INS_760096177CF8,REQ_4B90E8A902A4,17,4000.0,v0.1
INS_760096177CF8,REQ_3AB434A200C7,18,2240.0,v0.1
INS_760096177CF8,REQ_4FB6E6FB1916,19,750.0,v0.1
INS_760096177CF8,REQ_306E3B1367BA,20,3100.0,v0.1
INS_760096177CF8,REQ_6BCE8ADCA233,21,1390.0,v0.1
INS_760096177CF8,REQ_D819D5BD3493,22,30900.0,v0.1
INS_DCB7171291BC,REQ_EFA9925942C8,0,2680.0,v0.1
INS_DCB7171291BC,REQ_76760DDA482F,1,30000.0,v0.1
INS_DCB7171291BC,REQ_9A6A2F6EB06D,2,22920.0,v0.1
INS_DCB7171291BC,REQ_D5C4F9338D84,3,11700.0,v0.1
INS_DCB7171291BC,REQ_959024D1CA05,4,30000.0,v0.1
INS_DCB7171291BC,REQ_1C10948595C5,5,220.0,v0.1
INS_DCB7171291BC,REQ_9D20E59AEEFA,6,8720.0,v0.1
INS_DCB7171291BC,REQ_908CB7D54068,7,30000.0,v0.1
INS_DCB7171291BC,REQ_000067DE0D65,8,30000.0,v0.1
INS_DCB7171291BC,REQ_A1F61775D811,9,20490.0,v0.1
INS_DCB7171291BC,REQ_4BBFAA568258,10,30000.0,v0.1
INS_DCB7171291BC,REQ_85F9351ABB24,11,1190.0,v0.1
INS_DCB7171291BC,REQ_F18D00704628,12,7900.0,v0.1
INS_DCB7171291BC,REQ_6277353EBC21,13,760.0,v0.1
INS_36C5EF8CC4BD,REQ_52916B7F48AC,0,290.0,v0.1
INS_36C5EF8CC4BD,REQ_588E1204D477,1,520.0,v0.1
INS_36C5EF8CC4BD,REQ_DD385E54FC12,2,3320.0,v0.1
INS_36C5EF8CC4BD,REQ_ADD1609A11B2,3,10080.0,v0.1
INS_36C5EF8CC4BD,REQ_5E3822251E59,4,490.00000000000006,v0.1
INS_36C5EF8CC4BD,REQ_41449BBC92D0,5,790.0,v0.1
INS_36C5EF8CC4BD,REQ_4428689F64EA,6,4330.0,v0.1
INS_36C5EF8CC4BD,REQ_95590F6238AE,7,4740.0,v0.1
INS_0960527B54D7,REQ_C1FF0A56E783,0,30000.0,v0.1
INS_0960527B54D7,REQ_2E8D626E7BEB,1,500.0,v0.1
INS_0960527B54D7,REQ_8AD07B316D4A,2,27050.0,v0.1
INS_0960527B54D7,REQ_378774BA64C5,3,229.99999999999997,v0.1
INS_0960527B54D7,REQ_D536B8A3F250,4,1770.0,v0.1
INS_0960527B54D7,REQ_60646E2AF258,5,860.0,v0.1
INS_0960527B54D7,REQ_7C4E4DDFBB90,6,7230.0,v0.1
INS_0960527B54D7,REQ_166EDBFA7545,7,100.0,v0.1
INS_0960527B54D7,REQ_1B1C4037FCE5,8,4840.0,v0.1
INS_0960527B54D7,REQ_C0E49F2D07FD,9,10040.0,v0.1
INS_0960527B54D7,REQ_1EA373B6328F,10,2630.0,v0.1
INS_0960527B54D7,REQ_9D95F801868D,11,150.0,v0.1
INS_0960527B54D7,REQ_99F8B0E28E95,12,1200.0,v0.1
INS_0960527B54D7,REQ_AD69AC94FA2E,13,30000.0,v0.1
INS_0960527B54D7,REQ_1FDBE47E8387,14,640.0,v0.1
INS_0960527B54D7,REQ_469BE6037717,15,3310.0,v0.1
INS_0960527B54D7,REQ_6235730B9E2A,16,2080.0,v0.1
INS_0960527B54D7,REQ_998C4F28C0EE,17,2700.0,v0.1
INS_0960527B54D7,REQ_FC0992C18C7B,18,29590.0,v0.1
INS_0960527B54D7,REQ_44FA0637F9DA,19,650.0,v0.1
INS_0960527B54D7,REQ_1DC74487E6E3,20,6680.0,v0.1
INS_0960527B54D7,REQ_741C2E14884A,21,4990.0,v0.1
INS_0960527B54D7,REQ_23BFA346994C,22,30000.0,v0.1
INS_0960527B54D7,REQ_423063F459B2,23,1400.0,v0.1
INS_0960527B54D7,REQ_5777977231AC,24,120.0,v0.1
INS_0960527B54D7,REQ_1437AA719D1A,25,30000.0,v0.1
INS_0960527B54D7,REQ_FCF1274D225B,26,1540.0,v0.1
INS_0960527B54D7,REQ_BFF1EE1FC4F1,27,8480.0,v0.1
INS_0960527B54D7,REQ_434DC78595E4,28,1660.0000000000002,v0.1
INS_0960527B54D7,REQ_5659DFF54A2C,29,270.0,v0.1
INS_0960527B54D7,REQ_4659D0684F96,30,1510.0,v0.1
INS_0960527B54D7,REQ_FB0AA356C5FF,31,2860.0,v0.1
INS_0960527B54D7,REQ_3F44C218B8C6,32,13630.0,v0.1
INS_0960527B54D7,REQ_611A348F0E01,33,3630.0,v0.1
INS_0960527B54D7,REQ_DBB0BAF02B58,34,80.0,v0.1
INS_0960527B54D7,REQ_62230C9A36D1,35,720.0,v0.1
INS_0960527B54D7,REQ_081CA024FA03,36,23840.0,v0.1
INS_0960527B54D7,REQ_14CD8EF603EE,37,270.0,v0.1
INS_0960527B54D7,REQ_43F3BC8DED09,38,7750.0,v0.1
INS_0960527B54D7,REQ_6B4C8C72B9A8,39,9040.0,v0.1
INS_0960527B54D7,REQ_C279FEB42BEE,40,3090.0,v0.1
INS_0960527B54D7,REQ_8ACAF792B112,41,3729.9999999999995,v0.1
INS_0960527B54D7,REQ_101A5AF3B9A1,42,1310.0,v0.1
INS_0960527B54D7,REQ_3E0EC9CBB681,43,9100.0,v0.1
INS_0960527B54D7,REQ_6EAD428E0420,44,22870.0,v0.1
INS_0960527B54D7,REQ_57A451462D20,45,2470.0,v0.1
INS_0960527B54D7,REQ_7899C9D75D55,46,430.0,v0.1
INS_0960527B54D7,REQ_FEAE417025F5,47,30000.0,v0.1
INS_0960527B54D7,REQ_3170BDD3F9C4,48,3040.0,v0.1
INS_0960527B54D7,REQ_2CF58F721B72,49,9850.0,v0.1
INS_0960527B54D7,REQ_C224B33E8EE2,50,2080.0,v0.1
INS_0960527B54D7,REQ_A20B59659DEF,51,29020.0,v0.1
INS_0960527B54D7,REQ_B9C174D99FAE,52,1170.0,v0.1
INS_CAD9ABBEB2E8,REQ_40EB33472588,0,3730.0,v0.1
INS_CAD9ABBEB2E8,REQ_2C33E9123960,1,8475.0,v0.1
INS_CAD9ABBEB2E8,REQ_6293BC6255FA,2,100.0,v0.1
INS_CAD9ABBEB2E8,REQ_E2C349ADE2C3,3,3670.0000000000005,v0.1
INS_CAD9ABBEB2E8,REQ_BB22CEA56608,4,500.0,v0.1
INS_CAD9ABBEB2E8,REQ_5F1B6242C3DD,5,2150.0,v0.1
INS_CAD9ABBEB2E8,REQ_0571559440D8,6,80.0,v0.1
INS_CAD9ABBEB2E8,REQ_174308766537,7,170.0,v0.1
INS_CAD9ABBEB2E8,REQ_C1BE57E93AFE,8,900.0,v0.1
INS_CAD9ABBEB2E8,REQ_B18AE0F45506,9,200.0,v0.1
INS_CAD9ABBEB2E8,REQ_18FB567B8A04,10,18640.0,v0.1
INS_CAD9ABBEB2E8,REQ_294313D19B07,11,90.0,v0.1
INS_CAD9ABBEB2E8,REQ_8A598BEB88D9,12,30000.0,v0.1
INS_CAD9ABBEB2E8,REQ_099DD569C64B,13,12300.0,v0.1
INS_CAD9ABBEB2E8,REQ_6719A6D54561,14,30000.0,v0.1
INS_CAD9ABBEB2E8,REQ_CFC55F5E2AFE,15,2040.0,v0.1
INS_CAD9ABBEB2E8,REQ_D2500AC89062,16,13519.999999999998,v0.1
INS_CAD9ABBEB2E8,REQ_42950C9A6A87,17,150.0,v0.1
INS_CAD9ABBEB2E8,REQ_07EA4E92CD1D,18,8720.0,v0.1
INS_CAD9ABBEB2E8,REQ_6DB96277A703,19,140.0,v0.1
INS_CAD9ABBEB2E8,REQ_9C5D588A5E0E,20,5610.0,v0.1
INS_CAD9ABBEB2E8,REQ_EA40DCC4EBAB,21,14040.0,v0.1
INS_CAD9ABBEB2E8,REQ_D23706861FD0,22,4530.0,v0.1
INS_CAD9ABBEB2E8,REQ_47B0E5F4BD40,23,450.0,v0.1
INS_CAD9ABBEB2E8,REQ_EDC797E0FE46,24,7220.0,v0.1
INS_CAD9ABBEB2E8,REQ_8913B792E168,25,220.00000000000003,v0.1
INS_CAD9ABBEB2E8,REQ_60928DD4F1F4,26,11500.0,v0.1
INS_CAD9ABBEB2E8,REQ_CF46F167EAA7,27,4970.0,v0.1
INS_1E41DEFE2A83,REQ_BBE144F49F9C,0,1350.0,v0.1
INS_1E41DEFE2A83,REQ_155397F5FD3D,1,14390.0,v0.1
INS_1E41DEFE2A83,REQ_B2621A1D7798,2,30000.0,v0.1
INS_1E41DEFE2A83,REQ_49479507A1F0,3,30000.0,v0.1
INS_1E41DEFE2A83,REQ_245C25648A9A,4,30000.0,v0.1
INS_1E41DEFE2A83,REQ_5FB580E6E64A,5,26300.0,v0.1
INS_1E41DEFE2A83,REQ_03EFC06EAEBB,6,320.0,v0.1
INS_1E41DEFE2A83,REQ_9DEFCBE3FC70,7,30000.0,v0.1
INS_1E41DEFE2A83,REQ_4490CD620A45,8,910.0,v0.1
INS_1E41DEFE2A83,REQ_92272EA82130,9,6330.0,v0.1
INS_1E41DEFE2A83,REQ_A71482EDF58D,10,550.0,v0.1
INS_1E41DEFE2A83,REQ_5481EE723E0B,11,600.0,v0.1
INS_1E41DEFE2A83,REQ_DD17D460083B,12,30000.0,v0.1
INS_7377898DA29E,REQ_3FC72B8D263D,0,770.0,v0.1
INS_7377898DA29E,REQ_79CA6714D131,1,2430.0,v0.1
INS_7377898DA29E,REQ_56B7FD5A2903,2,1120.0,v0.1
INS_7377898DA29E,REQ_E0E52C04FDA4,3,13840.0,v0.1
INS_7377898DA29E,REQ_E8F9B5593C16,4,21120.0,v0.1
INS_7377898DA29E,REQ_1828AA87B289,5,9575.0,v0.1
INS_7377898DA29E,REQ_916D6E15603A,6,30000.0,v0.1
INS_7377898DA29E,REQ_D0D8B59AB2D6,7,8900.0,v0.1
INS_7377898DA29E,REQ_A987186C18CC,8,14690.0,v0.1
INS_7377898DA29E,REQ_98AA8717808B,9,3779.9999999999995,v0.1
INS_7377898DA29E,REQ_02A9EC5E2229,10,30000.0,v0.1
INS_7377898DA29E,REQ_0F0060141330,11,950.0,v0.1
INS_7377898DA29E,REQ_9F1507A2B90F,12,4550.0,v0.1
INS_7377898DA29E,REQ_4258A8B4CA2F,13,3020.0,v0.1
INS_7377898DA29E,REQ_B768B32AD427,14,80.0,v0.1
INS_7377898DA29E,REQ_F246E8F236D9,15,3870.0,v0.1
INS_7377898DA29E,REQ_2578ECBD721C,16,30000.0,v0.1
INS_7377898DA29E,REQ_1BE93C217713,17,3720.0,v0.1
INS_7377898DA29E,REQ_1586694A1C7B,18,30000.0,v0.1
INS_7377898DA29E,REQ_FAEE796CD2DD,19,2390.0,v0.1
INS_7377898DA29E,REQ_7D2300A52234,20,2300.0,v0.1
INS_1FD60F42E2EE,REQ_429948A6957B,0,420.0,v0.1
INS_1FD60F42E2EE,REQ_F791E0F401EA,1,819.9999999999999,v0.1
INS_1FD60F42E2EE,REQ_E6F06366EA2A,2,850.0,v0.1
INS_1FD60F42E2EE,REQ_4F657D84176A,3,1150.0,v0.1
INS_1FD60F42E2EE,REQ_2C2C382E2DB2,4,6940.0,v0.1
INS_1FD60F42E2EE,REQ_D356137D6E25,5,490.00000000000006,v0.1
INS_1FD60F42E2EE,REQ_22D261A9F773,6,24050.0,v0.1
INS_1FD60F42E2EE,REQ_3D412C1884DA,7,4940.0,v0.1
INS_1FD60F42E2EE,REQ_71200205AC02,8,25660.0,v0.1
INS_1FD60F42E2EE,REQ_100991061402,9,130.0,v0.1
INS_1FD60F42E2EE,REQ_FB7AFBF0CAA4,10,30000.0,v0.1
INS_1FD60F42E2EE,REQ_DC11A5600508,11,970.0,v0.1
INS_1FD60F42E2EE,REQ_164202319EA8,12,1600.0,v0.1
INS_1FD60F42E2EE,REQ_92DD339A628D,13,9220.0,v0.1
INS_1FD60F42E2EE,REQ_5E30C59950FE,14,20160.0,v0.1
INS_1FD60F42E2EE,REQ_6EA5E9687075,15,440.0,v0.1
INS_1FD60F42E2EE,REQ_23EE053D7A1D,16,1880.0,v0.1
INS_1FD60F42E2EE,REQ_206FAFA57FBB,17,2260.0,v0.1
INS_1FD60F42E2EE,REQ_9FD82701CB87,18,1580.0,v0.1
INS_1FD60F42E2EE,REQ_BF2C2E9F25FD,19,4480.0,v0.1
INS_1FD60F42E2EE,REQ_4460C45019E0,20,12060.0,v0.1
INS_1FD60F42E2EE,REQ_352626272F61,21,2670.0,v0.1
INS_1FD60F42E2EE,REQ_256E134FE119,22,4520.0,v0.1
INS_1FD60F42E2EE,REQ_011D1267A054,23,860.0,v0.1
INS_1FD60F42E2EE,REQ_A23632729378,24,4890.0,v0.1
INS_02BD10FF5AF1,REQ_7333E6F03D75,0,680.0,v0.1
INS_02BD10FF5AF1,REQ_330ACE15AD22,1,30000.0,v0.1
INS_02BD10FF5AF1,REQ_A3EFDDCDF39C,2,15950.0,v0.1
INS_02BD10FF5AF1,REQ_103C6D8DB001,3,300.0,v0.1
INS_02BD10FF5AF1,REQ_7365F21B65DA,4,24970.0,v0.1
INS_02BD10FF5AF1,REQ_219D7623319C,5,1040.0,v0.1
INS_02BD10FF5AF1,REQ_C40C6F1449D6,6,16380.000000000002,v0.1
INS_02BD10FF5AF1,REQ_95595B5C1005,7,750.0,v0.1
INS_02BD10FF5AF1,REQ_2E69D4A1E624,8,1030.0,v0.1
INS_02BD10FF5AF1,REQ_62AC4D4530C1,9,3180.0,v0.1
INS_02BD10FF5AF1,REQ_228529C10052,10,8375.0,v0.1
INS_02BD10FF5AF1,REQ_00DF889C8D7D,11,1540.0,v0.1
INS_02BD10FF5AF1,REQ_29C2581DC417,12,6630.0,v0.1
INS_02BD10FF5AF1,REQ_ACFE437E86B2,13,8560.0,v0.1
INS_02BD10FF5AF1,REQ_3153503BEE5D,14,1960.0000000000002,v0.1
INS_02BD10FF5AF1,REQ_1ECB4E3C1412,15,18510.0,v0.1
INS_02BD10FF5AF1,REQ_504D475441C4,16,9410.0,v0.1
INS_02BD10FF5AF1,REQ_9FA0C39E6734,17,1150.0,v0.1
INS_D8C5E27DC820,REQ_91EA61165B56,0,26400.0,v0.1
INS_D8C5E27DC820,REQ_B2B9D60D2BAE,1,10260.0,v0.1
INS_D8C5E27DC820,REQ_25D2AF758FA0,2,30000.0,v0.1
INS_D8C5E27DC820,REQ_8220628132B5,3,600.0,v0.1
INS_D8C5E27DC820,REQ_B148B0EFB48F,4,1050.0,v0.1
INS_D8C5E27DC820,REQ_02FF16D906FF,5,760.0,v0.1
INS_D8C5E27DC820,REQ_D9E87DE60B9A,6,1870.0,v0.1
INS_D8C5E27DC820,REQ_8250D8F44AFF,7,30000.0,v0.1
INS_D8C5E27DC820,REQ_8568F269A9D7,8,930.0000000000001,v0.1
INS_F0E7AFB8D58D,REQ_3C16E9840B38,0,10640.0,v0.1
INS_F0E7AFB8D58D,REQ_E3E72E28BD4C,1,8350.0,v0.1
INS_F0E7AFB8D58D,REQ_015A00755A2F,2,5190.0,v0.1
INS_F0E7AFB8D58D,REQ_E4ED643EEFE9,3,9360.0,v0.1
INS_F0E7AFB8D58D,REQ_258C399EA57A,4,390.0,v0.1
INS_F0E7AFB8D58D,REQ_B8876C51F492,5,26010.0,v0.1
INS_F0E7AFB8D58D,REQ_0314AEEE4D49,6,420.0,v0.1
INS_F0E7AFB8D58D,REQ_FB81F37C403F,7,1660.0,v0.1
INS_F0E7AFB8D58D,REQ_A96B56A02BFB,8,24110.0,v0.1
INS_F0E7AFB8D58D,REQ_DB47263DD036,9,1000.0,v0.1
INS_F0E7AFB8D58D,REQ_7068169FBC08,10,14650.0,v0.1
INS_F0E7AFB8D58D,REQ_CB990AF9798B,11,30000.0,v0.1
INS_F0E7AFB8D58D,REQ_954FA3A2B89F,12,3479.9999999999995,v0.1
INS_F0E7AFB8D58D,REQ_A31634C93EAB,13,30000.0,v0.1
INS_F0E7AFB8D58D,REQ_F098201C9274,14,6500.0,v0.1
INS_F0E7AFB8D58D,REQ_D1462A3EC1F1,15,1730.0,v0.1
INS_F0E7AFB8D58D,REQ_8C955B4F70EC,16,3390.0,v0.1
INS_F0E7AFB8D58D,REQ_A276DEC5CFA0,17,300.0,v0.1
INS_F0E7AFB8D58D,REQ_BA617193CDA3,18,2530.0,v0.1
INS_F0E7AFB8D58D,REQ_2D46CEB9273F,19,12690.0,v0.1
INS_F0E7AFB8D58D,REQ_F42E33CB502E,20,13310.0,v0.1
INS_F0E7AFB8D58D,REQ_8B877EF74AA3,21,2880.0,v0.1
INS_F0E7AFB8D58D,REQ_351A826497E3,22,2830.0,v0.1
INS_F0E7AFB8D58D,REQ_8BC252EA7C86,23,13400.0,v0.1
INS_F0E7AFB8D58D,REQ_2928034AF9F2,24,3760.0,v0.1
INS_433742E87CB6,REQ_AAEC66475248,0,440.0,v0.1
INS_433742E87CB6,REQ_18E0E6FAF872,1,30000.0,v0.1
INS_433742E87CB6,REQ_91E6D7CB0C7C,2,7350.0,v0.1
INS_433742E87CB6,REQ_48BEA987F6DF,3,30000.0,v0.1
INS_433742E87CB6,REQ_ED0CDF63F01C,4,900.0,v0.1
INS_433742E87CB6,REQ_EFCC5E33D5AF,5,1350.0,v0.1
INS_433742E87CB6,REQ_9BF16612D6DD,6,30000.0,v0.1
INS_433742E87CB6,REQ_543E603E81C4,7,5270.0,v0.1
INS_433742E87CB6,REQ_4A87B29F8C57,8,620.0,v0.1
INS_433742E87CB6,REQ_32502C5D3E7A,9,30000.0,v0.1
INS_433742E87CB6,REQ_5567A18342A2,10,1710.0000000000002,v0.1
INS_433742E87CB6,REQ_867E825A4EF5,11,6370.0,v0.1
INS_433742E87CB6,REQ_CE20449B73AF,12,600.0,v0.1
INS_433742E87CB6,REQ_BBF95E3F94BE,13,2750.0,v0.1
INS_433742E87CB6,REQ_EB6DC41CE86D,14,880.0000000000001,v0.1
INS_433742E87CB6,REQ_45826EA5985F,15,2000.0,v0.1
INS_433742E87CB6,REQ_3B16D1C2185E,16,500.0,v0.1
INS_433742E87CB6,REQ_34D0595D8B9B,17,8260.0,v0.1
INS_433742E87CB6,REQ_79CD69B16BA4,18,20330.0,v0.1
INS_433742E87CB6,REQ_9EABB9DE4354,19,30000.0,v0.1
INS_433742E87CB6,REQ_D4CE64B69508,20,150.0,v0.1
INS_433742E87CB6,REQ_CE0963CC7195,21,5870.0,v0.1
INS_433742E87CB6,REQ_A5487CEDE0A1,22,2200.0,v0.1
INS_433742E87CB6,REQ_E0FCFB802EB9,23,530.0,v0.1
INS_433742E87CB6,REQ_45CDC5252929,24,2150.0,v0.1
INS_433742E87CB6,REQ_68481FAA3D8C,25,1300.0,v0.1
INS_433742E87CB6,REQ_E43EB97CE07E,26,11850.0,v0.1
INS_433742E87CB6,REQ_A136EDE75881,27,310.0,v0.1
INS_433742E87CB6,REQ_86BC52D1B816,28,1400.0,v0.1
INS_433742E87CB6,REQ_04F511B1F2AE,29,1060.0,v0.1
INS_433742E87CB6,REQ_FB8E8B9E2F47,30,280.0,v0.1
INS_433742E87CB6,REQ_7BDBB0A041CE,31,5860.0,v0.1
INS_433742E87CB6,REQ_234D1996E11D,32,9125.0,v0.1
INS_433742E87CB6,REQ_43A66843AE26,33,1320.0,v0.1
INS_433742E87CB6,REQ_5DAA228F14B9,34,1190.0,v0.1
INS_433742E87CB6,REQ_D6B8F7EFFF0F,35,1820.0,v0.1
INS_433742E87CB6,REQ_D6570FAD07D4,36,1690.0,v0.1
INS_433742E87CB6,REQ_083BD102C718,37,1250.0,v0.1
INS_433742E87CB6,REQ_E039C89909E8,38,9080.0,v0.1
INS_433742E87CB6,REQ_B420BB67B3AE,39,1550.0,v0.1
INS_433742E87CB6,REQ_E856ABADDA38,40,1370.0,v0.1
INS_433742E87CB6,REQ_A3570400DDC6,41,11270.0,v0.1
INS_433742E87CB6,REQ_04B53CCBBCF6,42,1019.9999999999999,v0.1
INS_433742E87CB6,REQ_51698461996F,43,1220.0,v0.1
INS_433742E87CB6,REQ_8587C8E69321,44,6790.000000000001,v0.1
INS_433742E87CB6,REQ_7C8E20EA3B61,45,30000.0,v0.1
INS_433742E87CB6,REQ_8E6023862630,46,1019.9999999999999,v0.1
INS_433742E87CB6,REQ_2E5F6EF68497,47,1140.0,v0.1
INS_433742E87CB6,REQ_BC79FBEFD51C,48,30000.0,v0.1
INS_433742E87CB6,REQ_AC00736AEB2E,49,990.0,v0.1
INS_433742E87CB6,REQ_C4E6FD13EBA6,50,12950.0,v0.1
INS_9341E9E32413,REQ_6C177B546B7C,0,22420.0,v0.1
INS_9341E9E32413,REQ_A2F7C4ED0808,1,960.0,v0.1
INS_9341E9E32413,REQ_FA7B7283E151,2,6060.0,v0.1
INS_9341E9E32413,REQ_9EBBDF126BA4,3,14640.0,v0.1
INS_9341E9E32413,REQ_084EC3291213,4,600.0,v0.1
INS_9341E9E32413,REQ_B46B48D3E0B2,5,2400.0,v0.1
INS_9341E9E32413,REQ_7BD2458BE800,6,370.0,v0.1
INS_9341E9E32413,REQ_872ADD2BE372,7,430.0,v0.1
INS_9341E9E32413,REQ_84175AFBEE6F,8,100.0,v0.1
INS_9341E9E32413,REQ_C929FA8FD6FB,9,1400.0,v0.1
INS_9341E9E32413,REQ_720C4C702444,10,350.0,v0.1
INS_9341E9E32413,REQ_9FA4CE4C2A64,11,30000.0,v0.1
INS_9341E9E32413,REQ_4FA65148CD61,12,2830.0,v0.1
INS_9341E9E32413,REQ_BDB9A6908B27,13,4240.0,v0.1
INS_9341E9E32413,REQ_43EA08446472,14,270.0,v0.1
INS_9341E9E32413,REQ_0A95B485E89C,15,1400.0,v0.1
INS_9341E9E32413,REQ_D0E1A6E8E17C,16,110.00000000000001,v0.1
INS_751779F033A3,REQ_C71F7D974E5B,0,27480.0,v0.1
INS_751779F033A3,REQ_B4B45BE9AE0E,1,919.9999999999999,v0.1
INS_751779F033A3,REQ_3F496CE4D6C4,2,869.9999999999999,v0.1
INS_751779F033A3,REQ_EDB7925E26D5,3,1380.0,v0.1
INS_751779F033A3,REQ_EBB57A372956,4,6980.0,v0.1
INS_751779F033A3,REQ_65B56FF360B6,5,450.0,v0.1
INS_751779F033A3,REQ_AB876C096C9E,6,990.0,v0.1
INS_751779F033A3,REQ_77DCCAB6157B,7,7580.0,v0.1
INS_751779F033A3,REQ_81F017923849,8,560.0,v0.1
INS_751779F033A3,REQ_454C6239212E,9,210.0,v0.1
INS_751779F033A3,REQ_78D10E8C4807,10,5060.0,v0.1
INS_751779F033A3,REQ_6CAD0FF9972F,11,19950.0,v0.1
INS_751779F033A3,REQ_D68F4ECC44AD,12,5470.0,v0.1
INS_751779F033A3,REQ_81B83C42F326,13,1270.0,v0.1
INS_751779F033A3,REQ_196F5F428592,14,5320.0,v0.1
INS_751779F033A3,REQ_9D3C60E292AA,15,9660.0,v0.1
INS_751779F033A3,REQ_FC63F3F737E6,16,28940.0,v0.1
INS_751779F033A3,REQ_B8B23206C8F3,17,29770.0,v0.1
INS_751779F033A3,REQ_0585A63F5D8F,18,560.0,v0.1
INS_F9886E794468,REQ_129ED3D58661,0,30000.0,v0.1
INS_F9886E794468,REQ_071CF1B37726,1,10400.0,v0.1
INS_F9886E794468,REQ_418EF76CCD93,2,980.0000000000001,v0.1
INS_F9886E794468,REQ_0C70C80A9D13,3,6020.0,v0.1
INS_F9886E794468,REQ_E6ADD4EB8C7E,4,660.0,v0.1
INS_F9886E794468,REQ_04A75EF23F57,5,6050.0,v0.1
INS_F9886E794468,REQ_7B10951B0863,6,690.0,v0.1
INS_F9886E794468,REQ_8A12BCBCEB0A,7,500.0,v0.1
INS_F9886E794468,REQ_F9B2D1946F8D,8,500.0,v0.1
INS_F9886E794468,REQ_2DAB114F5128,9,21200.0,v0.1
INS_F9886E794468,REQ_20FB754A6DC0,10,130.0,v0.1
INS_F9886E794468,REQ_06863561E196,11,1110.0,v0.1
INS_F9886E794468,REQ_73940FDD1A39,12,3850.0,v0.1
INS_F9886E794468,REQ_29EBFECAF6F8,13,790.0,v0.1
INS_F9886E794468,REQ_104A008571E6,14,23370.0,v0.1
INS_F9886E794468,REQ_B1EB6FE44728,15,2170.0,v0.1
INS_F9886E794468,REQ_3A0869572F47,16,30000.0,v0.1
INS_F9886E794468,REQ_0AE39EB5ADD0,17,550.0,v0.1
INS_F9886E794468,REQ_E634AED6A153,18,1420.0,v0.1
INS_F9886E794468,REQ_616C351C4772,19,670.0,v0.1
INS_F9886E794468,REQ_2E3613D9EC6D,20,250.0,v0.1
INS_F9886E794468,REQ_F1DCE964DCEF,21,23340.0,v0.1
INS_C62A287814A0,REQ_10F0F14D4802,0,550.0,v0.1
INS_C62A287814A0,REQ_46C59AF6D4F8,1,459.99999999999994,v0.1
INS_C62A287814A0,REQ_2C94A23922DB,2,630.0,v0.1
INS_C62A287814A0,REQ_92A3469E27FF,3,600.0,v0.1
INS_C62A287814A0,REQ_6BAADC4B018C,4,920.0,v0.1
INS_C62A287814A0,REQ_2CBF414DE122,5,1500.0,v0.1
INS_C62A287814A0,REQ_076194017D2F,6,370.0,v0.1
INS_C62A287814A0,REQ_07A1FA5C78F9,7,1889.9999999999998,v0.1
INS_C62A287814A0,REQ_BA1F397032D8,8,6820.0,v0.1
INS_C62A287814A0,REQ_0A3C5A95467A,9,4760.0,v0.1
INS_C62A287814A0,REQ_D7991D145302,10,4300.0,v0.1
INS_C62A287814A0,REQ_89F3F9DF5F9A,11,3030.0,v0.1
INS_C62A287814A0,REQ_735CB115FD32,12,21410.0,v0.1
INS_C62A287814A0,REQ_C5FBC7172473,13,1019.9999999999999,v0.1
INS_C62A287814A0,REQ_D73C960F2A3D,14,600.0,v0.1
INS_C62A287814A0,REQ_46638B62F568,15,250.0,v0.1
INS_C62A287814A0,REQ_95BFEF597572,16,6070.0,v0.1
INS_C62A287814A0,REQ_EF8C6B81A9CF,17,830.0000000000001,v0.1
INS_C62A287814A0,REQ_E87A9D50F110,18,4400.0,v0.1
INS_C62A287814A0,REQ_6BA0788AAAB5,19,700.0,v0.1
INS_C62A287814A0,REQ_13003F4B14EC,20,3560.0,v0.1
INS_C62A287814A0,REQ_4AC4C2E4F2B8,21,1190.0,v0.1
INS_C62A287814A0,REQ_59382C7882F6,22,300.0,v0.1
INS_C62A287814A0,REQ_94B04AB5F121,23,730.0,v0.1
INS_C62A287814A0,REQ_21B585055EA0,24,20780.0,v0.1
INS_C62A287814A0,REQ_69074CD6BF92,25,690.0,v0.1
INS_C62A287814A0,REQ_753011F2443B,26,1100.0,v0.1
INS_C62A287814A0,REQ_34E21E9E088D,27,680.0,v0.1
INS_C62A287814A0,REQ_D7CA7F0A15FC,28,18780.0,v0.1
INS_E082D6ED494F,REQ_93BA0CDACA5A,0,150.0,v0.1
INS_E082D6ED494F,REQ_ED800669009D,1,1500.0,v0.1
INS_E082D6ED494F,REQ_4380B5844A57,2,7910.0,v0.1
INS_E082D6ED494F,REQ_9C08ABE17CF7,3,14000.0,v0.1
INS_E082D6ED494F,REQ_0C8EF12DCD97,4,3660.0,v0.1
INS_E082D6ED494F,REQ_A86DD8C34DFB,5,7400.0,v0.1
INS_E082D6ED494F,REQ_807467DFD98B,6,2660.0,v0.1
INS_E082D6ED494F,REQ_93328C95F4F3,7,860.0,v0.1
INS_E082D6ED494F,REQ_2C361E0FF6D2,8,2500.0,v0.1
INS_E082D6ED494F,REQ_974EB1476603,9,390.0,v0.1
INS_E082D6ED494F,REQ_B492421D43A8,10,30000.0,v0.1
INS_E082D6ED494F,REQ_EEB6673BCED3,11,15760.0,v0.1
INS_E082D6ED494F,REQ_8B0804981D76,12,30000.0,v0.1
INS_E082D6ED494F,REQ_9D6E4401F45C,13,8350.0,v0.1
INS_E082D6ED494F,REQ_5BAA1557AC4D,14,19810.0,v0.1
INS_E082D6ED494F,REQ_10160AA91962,15,4480.0,v0.1
INS_E082D6ED494F,REQ_9FD7CF640483,16,2420.0,v0.1
INS_E082D6ED494F,REQ_69F786647A8C,17,200.0,v0.1
INS_E082D6ED494F,REQ_FA75CD8E5F3D,18,360.0,v0.1
INS_E082D6ED494F,REQ_B6B31FD01C0A,19,300.0,v0.1
INS_E082D6ED494F,REQ_462CFDA03F85,20,1150.0,v0.1
INS_E082D6ED494F,REQ_67F2404F832D,21,30000.0,v0.1
INS_E082D6ED494F,REQ_EC356BCDC10F,22,30000.0,v0.1
INS_E082D6ED494F,REQ_747A467B21EA,23,460.0,v0.1
INS_E082D6ED494F,REQ_41B617524AD7,24,2090.0,v0.1
INS_E082D6ED494F,REQ_63E218EAA5DE,25,2260.0,v0.1
INS_E082D6ED494F,REQ_DF3C9ECEA6BC,26,5170.0,v0.1
INS_E082D6ED494F,REQ_FC2B20DACFB5,27,1410.0,v0.1
INS_E082D6ED494F,REQ_5052A5D8ACA2,28,19200.0,v0.1
INS_E082D6ED494F,REQ_9FA510135DFB,29,3540.0,v0.1
INS_D874EE8C0D95,REQ_6D67C3D0E8BE,0,5630.0,v0.1
INS_D874EE8C0D95,REQ_4CC696488439,1,24810.0,v0.1
INS_D874EE8C0D95,REQ_8114BBAAE31F,2,30000.0,v0.1
INS_D874EE8C0D95,REQ_2775B34FA673,3,30000.0,v0.1
INS_D874EE8C0D95,REQ_5B3C200EEC95,4,19010.0,v0.1
INS_D874EE8C0D95,REQ_D5D48A8BAD84,5,25640.0,v0.1
INS_D874EE8C0D95,REQ_244C30CFBECE,6,2310.0,v0.1
INS_D874EE8C0D95,REQ_BC58D1803A15,7,610.0,v0.1
INS_D874EE8C0D95,REQ_312C8A61BB8F,8,760.0,v0.1
INS_D874EE8C0D95,REQ_FDDD71B3933F,9,30000.0,v0.1
INS_D874EE8C0D95,REQ_9FA72F909B2F,10,5290.0,v0.1
INS_D874EE8C0D95,REQ_172DFAEEA86B,11,800.0,v0.1
INS_D874EE8C0D95,REQ_B34B59163E48,12,9140.0,v0.1
INS_D874EE8C0D95,REQ_D4725A0C298B,13,30000.0,v0.1
INS_D874EE8C0D95,REQ_A80D23D686F0,14,2450.0,v0.1
INS_D874EE8C0D95,REQ_BD578A953F1E,15,23410.0,v0.1
INS_D874EE8C0D95,REQ_04D6587A13E6,16,30000.0,v0.1
INS_D874EE8C0D95,REQ_FC70BE40DEFB,17,22760.0,v0.1
INS_D874EE8C0D95,REQ_A3DDECA3D8D2,18,30000.0,v0.1
INS_D874EE8C0D95,REQ_396E6E10F4FE,19,2370.0,v0.1
INS_D874EE8C0D95,REQ_6A538F6C3B60,20,16129.999999999998,v0.1
INS_D874EE8C0D95,REQ_09882789478D,21,30000.0,v0.1
INS_D874EE8C0D95,REQ_DD4570C67EB4,22,30000.0,v0.1
INS_D874EE8C0D95,REQ_98E839C8C9FF,23,6940.0,v0.1
INS_D874EE8C0D95,REQ_409862E7C973,24,3500.0,v0.1
INS_D874EE8C0D95,REQ_A2DBB746A084,25,1100.0,v0.1
INS_D874EE8C0D95,REQ_1E49BBE6B9CB,26,919.9999999999999,v0.1
INS_D874EE8C0D95,REQ_ED558EDFB2BF,27,1100.0,v0.1
INS_D874EE8C0D95,REQ_1C6C4437AA19,28,590.0,v0.1
INS_D874EE8C0D95,REQ_C57CF0A27418,29,3110.0,v0.1
INS_D874EE8C0D95,REQ_422E490E2ED3,30,10310.0,v0.1
INS_D874EE8C0D95,REQ_1A470F4FADB1,31,5010.0,v0.1
INS_D874EE8C0D95,REQ_6F62FF5FFFFA,32,11270.0,v0.1
INS_D874EE8C0D95,REQ_AABA724BA278,33,17560.0,v0.1
INS_D874EE8C0D95,REQ_E1A9BB741908,34,30000.0,v0.1
INS_D874EE8C0D95,REQ_1172562812A6,35,30000.0,v0.1
INS_D874EE8C0D95,REQ_A5706ED197F2,36,3480.0,v0.1
INS_D874EE8C0D95,REQ_2D5A738F6D38,37,30000.0,v0.1
INS_D874EE8C0D95,REQ_F288C4B01477,38,9490.0,v0.1
INS_D874EE8C0D95,REQ_B0DB739B1B2C,39,10070.0,v0.1
INS_D874EE8C0D95,REQ_90E42D3FBA72,40,30000.0,v0.1
INS_D874EE8C0D95,REQ_49A935C756F4,41,6060.0,v0.1
INS_D874EE8C0D95,REQ_4B0608D2931B,42,1860.0000000000002,v0.1
INS_D874EE8C0D95,REQ_F951C5741B0F,43,3700.0,v0.1
INS_D874EE8C0D95,REQ_56723C8729DC,44,16670.0,v0.1
INS_D874EE8C0D95,REQ_2DD2DB04CE7D,45,21570.0,v0.1
INS_D874EE8C0D95,REQ_2C9E7B9F2AAB,46,17660.0,v0.1
INS_D874EE8C0D95,REQ_BEB0C58EAF7F,47,30000.0,v0.1
INS_D874EE8C0D95,REQ_F05425EB4B5F,48,16520.0,v0.1
INS_D874EE8C0D95,REQ_C455481065A1,49,1060.0,v0.1
INS_D874EE8C0D95,REQ_6B3674688BF6,50,13840.0,v0.1
INS_D874EE8C0D95,REQ_4F24421B2107,51,6040.0,v0.1
INS_D874EE8C0D95,REQ_EC9D192840FA,52,7470.0,v0.1
INS_D874EE8C0D95,REQ_D6F1976FF642,53,4490.0,v0.1
INS_D874EE8C0D95,REQ_55E21E7008AB,54,30000.0,v0.1
INS_D874EE8C0D95,REQ_99FEAFD2A4DE,55,27950.0,v0.1
INS_D874EE8C0D95,REQ_56A7135352C1,56,30000.0,v0.1
INS_D874EE8C0D95,REQ_28295AD4C9CE,57,3300.0,v0.1
INS_D874EE8C0D95,REQ_4EF6725009E6,58,5130.0,v0.1
INS_CBB739FC0373,REQ_6E248F53C072,0,2050.0,v0.1
INS_CBB739FC0373,REQ_2D553D95FFE0,1,100.0,v0.1
INS_CBB739FC0373,REQ_6D1F52147345,2,1340.0,v0.1
INS_CBB739FC0373,REQ_C84724948CA7,3,1010.0,v0.1
INS_CBB739FC0373,REQ_0227961B11A5,4,30000.0,v0.1
INS_CBB739FC0373,REQ_C1BCCDF23273,5,860.0,v0.1
INS_CBB739FC0373,REQ_7DF87F969B91,6,650.0,v0.1
INS_CBB739FC0373,REQ_9BAB27DE6C8F,7,170.0,v0.1
INS_CBB739FC0373,REQ_2345353ADBE9,8,1490.0,v0.1
INS_CBB739FC0373,REQ_7880F47388E7,9,100.0,v0.1
INS_CBB739FC0373,REQ_F5652345EBD9,10,2039.9999999999998,v0.1
INS_CBB739FC0373,REQ_E03139B511F0,11,100.0,v0.1
INS_CBB739FC0373,REQ_82569158124F,12,1270.0,v0.1
INS_CBB739FC0373,REQ_F798BCD1D195,13,1190.0,v0.1
INS_1E77636B1614,REQ_3AD0423B3E77,0,13940.0,v0.1
INS_1E77636B1614,REQ_49313FAA0FFE,1,600.0,v0.1
INS_1E77636B1614,REQ_8616D1DFCF12,2,2070.0,v0.1
INS_1E77636B1614,REQ_8F3BD89B8C29,3,19200.0,v0.1
INS_1E77636B1614,REQ_2D2060EB710C,4,15930.0,v0.1
INS_1E77636B1614,REQ_17843B9165BA,5,650.0,v0.1
INS_1E77636B1614,REQ_DE008BA6FDE1,6,620.0,v0.1
INS_1E77636B1614,REQ_814F02C341E2,7,180.0,v0.1
INS_F8DFF8567DBE,REQ_D9786390B3C3,0,150.0,v0.1
INS_F8DFF8567DBE,REQ_F0DAA9803E39,1,470.0,v0.1
INS_F8DFF8567DBE,REQ_E989CFFC443D,2,2780.0,v0.1
INS_F8DFF8567DBE,REQ_154EE595F15E,3,30000.0,v0.1
INS_F8DFF8567DBE,REQ_2E8C7869A15C,4,30000.0,v0.1
INS_F8DFF8567DBE,REQ_79DFD95D7326,5,1280.0,v0.1
INS_F8DFF8567DBE,REQ_884131683B4E,6,10960.0,v0.1
INS_F8DFF8567DBE,REQ_5F350E70727E,7,6825.0,v0.1
INS_F8DFF8567DBE,REQ_2F12BC502EE6,8,1560.0,v0.1
INS_ABC97FD4987C,REQ_3F6174AD753A,0,8680.0,v0.1
INS_ABC97FD4987C,REQ_C2DADEFD4D76,1,1080.0,v0.1
INS_ABC97FD4987C,REQ_F1167A9A29A0,2,17010.0,v0.1
INS_ABC97FD4987C,REQ_CF632DD68839,3,15780.0,v0.1
INS_ABC97FD4987C,REQ_D9465DB666FF,4,30000.0,v0.1
INS_ABC97FD4987C,REQ_A953EDCF02EB,5,200.0,v0.1
INS_ABC97FD4987C,REQ_E92044CFD9BD,6,650.0,v0.1
INS_ABC97FD4987C,REQ_C7C6E0727C2A,7,7150.0,v0.1
INS_ABC97FD4987C,REQ_DEA9CA563F60,8,930.0,v0.1
INS_ABC97FD4987C,REQ_F76591E84B0C,9,2670.0,v0.1
INS_ABC97FD4987C,REQ_E1A30FCA9911,10,5700.0,v0.1
INS_ABC97FD4987C,REQ_27573B58C40B,11,30000.0,v0.1
INS_35BB3F640E2E,REQ_AE2333F644E5,0,30000.0,v0.1
INS_35BB3F640E2E,REQ_712115681DD9,1,9570.0,v0.1
INS_35BB3F640E2E,REQ_BD578A953F1E,2,23410.0,v0.1
INS_35BB3F640E2E,REQ_56A7135352C1,3,30000.0,v0.1
INS_35BB3F640E2E,REQ_FFF9338CA3EE,4,22900.0,v0.1
INS_35BB3F640E2E,REQ_F6C928A98FD1,5,6150.0,v0.1
INS_35BB3F640E2E,REQ_E1A9BB741908,6,30000.0,v0.1
INS_35BB3F640E2E,REQ_A5706ED197F2,7,3480.0,v0.1
INS_35BB3F640E2E,REQ_49A935C756F4,8,6060.0,v0.1
INS_35BB3F640E2E,REQ_D92D5B16E5ED,9,6080.0,v0.1
INS_35BB3F640E2E,REQ_CA4F843F0FED,10,5020.0,v0.1
INS_35BB3F640E2E,REQ_2530E74AC24A,11,900.0,v0.1
INS_35BB3F640E2E,REQ_D6F1976FF642,12,4490.0,v0.1
INS_35BB3F640E2E,REQ_C47304DA83ED,13,4230.0,v0.1
INS_35BB3F640E2E,REQ_0D9B19A76240,14,4240.0,v0.1
INS_35BB3F640E2E,REQ_8114BBAAE31F,15,30000.0,v0.1
INS_35BB3F640E2E,REQ_09BAE6F1E84C,16,2070.0,v0.1
INS_35BB3F640E2E,REQ_54F4B31DC0CE,17,4940.0,v0.1
INS_35BB3F640E2E,REQ_D6BF789E6509,18,7750.0,v0.1
INS_662248DAEDF6,REQ_0E346EC944E8,0,30000.0,v0.1
INS_662248DAEDF6,REQ_2F695DF874B8,1,1730.0,v0.1
INS_662248DAEDF6,REQ_F9774CA51536,2,200.0,v0.1
INS_662248DAEDF6,REQ_E1CFFB6A5C4A,3,26080.0,v0.1
INS_662248DAEDF6,REQ_6C7403B7C646,4,9040.0,v0.1
INS_662248DAEDF6,REQ_0CF26078566E,5,680.0,v0.1
INS_662248DAEDF6,REQ_C2FA6D049525,6,18675.0,v0.1
INS_662248DAEDF6,REQ_8DF3EFD4AB89,7,1390.0,v0.1
INS_662248DAEDF6,REQ_89C7C2259547,8,30000.0,v0.1
INS_662248DAEDF6,REQ_D18F9B2D3720,9,350.0,v0.1
INS_662248DAEDF6,REQ_D7CAEBF8890A,10,11500.0,v0.1
INS_662248DAEDF6,REQ_5CAD177C08AC,11,450.0,v0.1
INS_3563A74AA642,REQ_DBA4E7252854,0,9400.0,v0.1
INS_3563A74AA642,REQ_23597F191A8D,1,11100.0,v0.1
INS_3563A74AA642,REQ_BC4F48241900,2,30000.0,v0.1
INS_3563A74AA642,REQ_7F35A3B51B46,3,14420.0,v0.1
INS_3563A74AA642,REQ_9BEEBE911F18,4,26490.0,v0.1
INS_3563A74AA642,REQ_53FCCA9803C4,5,11710.0,v0.1
INS_3563A74AA642,REQ_7C94B21AD1E4,6,30000.0,v0.1
INS_3563A74AA642,REQ_50A2F45747C0,7,9160.0,v0.1
INS_3563A74AA642,REQ_3418D62F8989,8,30000.0,v0.1
INS_1A525B5BE468,REQ_1B08E4EFB66B,0,1780.0,v0.1
INS_1A525B5BE468,REQ_8E2D8C3C9E7B,1,840.0,v0.1
INS_1A525B5BE468,REQ_7F9309EDD188,2,1150.0,v0.1
INS_1A525B5BE468,REQ_D5B37E885793,3,1070.0,v0.1
INS_1A525B5BE468,REQ_E686AB51D113,4,30000.0,v0.1
INS_1A525B5BE468,REQ_D01A7DA05E86,5,380.0,v0.1
INS_1A525B5BE468,REQ_46A63542D290,6,2930.0,v0.1
INS_1A525B5BE468,REQ_BC5B138DA298,7,14810.0,v0.1
INS_1A525B5BE468,REQ_A4A6F0D63A22,8,13280.0,v0.1
INS_1A525B5BE468,REQ_A8AAAA78F243,9,9620.0,v0.1
INS_1A525B5BE468,REQ_B2BE63C239B8,10,2710.0,v0.1
INS_1A525B5BE468,REQ_0D49831B1ECA,11,150.0,v0.1
INS_1A525B5BE468,REQ_6C2E62831107,12,3280.0,v0.1
INS_1A525B5BE468,REQ_A32C35A4771B,13,400.0,v0.1
INS_1A525B5BE468,REQ_E1969A584824,14,880.0000000000001,v0.1
INS_1A525B5BE468,REQ_C1EE4DCDCE89,15,4400.0,v0.1
INS_1A525B5BE468,REQ_F81A83450A93,16,13400.0,v0.1
INS_1A525B5BE468,REQ_6C47DF158F5C,17,19390.0,v0.1
INS_1A525B5BE468,REQ_26701B27499D,18,390.0,v0.1
INS_1A525B5BE468,REQ_717F3C7391B3,19,240.0,v0.1
INS_1A525B5BE468,REQ_8C1B5C35B8EC,20,10460.0,v0.1
INS_1A525B5BE468,REQ_B4B456C4C4C9,21,17430.0,v0.1
INS_1A525B5BE468,REQ_331FDED52422,22,490.00000000000006,v0.1
INS_1A525B5BE468,REQ_6D778E4A562E,23,2930.0,v0.1
INS_1A525B5BE468,REQ_37B4CAF47951,24,550.0,v0.1
INS_1A525B5BE468,REQ_BAB458354888,25,5410.0,v0.1
INS_1A525B5BE468,REQ_DB7F53CA4ACC,26,23940.0,v0.1
INS_1A525B5BE468,REQ_34869E50361C,27,430.0,v0.1
INS_1A525B5BE468,REQ_657963823440,28,580.0,v0.1
INS_1A525B5BE468,REQ_1D006D474625,29,1220.0,v0.1
INS_1A525B5BE468,REQ_D2A2AD41B2B9,30,16560.0,v0.1
INS_1A525B5BE468,REQ_C790FFC23220,31,3200.0,v0.1
INS_1A525B5BE468,REQ_1864F026059E,32,30000.0,v0.1
INS_1A525B5BE468,REQ_67D7E3DF1456,33,30000.0,v0.1
INS_1A525B5BE468,REQ_48FEBB1FF79A,34,29870.0,v0.1
INS_1A525B5BE468,REQ_C6237F2ABE0E,35,7140.0,v0.1
INS_1A525B5BE468,REQ_D92897F7A970,36,600.0,v0.1
INS_1A525B5BE468,REQ_930B04B61541,37,30000.0,v0.1
INS_1A525B5BE468,REQ_DB616EE1EAE1,38,410.0,v0.1
INS_1A525B5BE468,REQ_6566B5C79988,39,3390.0,v0.1
INS_1A525B5BE468,REQ_6A05F7AF1705,40,100.0,v0.1
INS_1A525B5BE468,REQ_5F2F382CB5D3,41,10160.0,v0.1
INS_1A525B5BE468,REQ_B3F4BD15BD35,42,30000.0,v0.1
INS_1A525B5BE468,REQ_5A466EF62610,43,270.0,v0.1
INS_1A525B5BE468,REQ_91C786C90D0A,44,12400.0,v0.1
INS_1A525B5BE468,REQ_6C22934C9951,45,100.0,v0.1
INS_1A525B5BE468,REQ_6843798E5FEA,46,30000.0,v0.1
INS_1A525B5BE468,REQ_7FE37EBEA800,47,30000.0,v0.1
INS_80A3C430C9E9,REQ_B38D80AAFE3A,0,80.0,v0.1
INS_80A3C430C9E9,REQ_900CA9A37978,1,320.0,v0.1
INS_80A3C430C9E9,REQ_7386BE1FAE8C,2,1420.0,v0.1
INS_80A3C430C9E9,REQ_69A126A58F29,3,15730.0,v0.1
INS_80A3C430C9E9,REQ_E0AF2CC9254A,4,24130.0,v0.1
INS_80A3C430C9E9,REQ_9C4CB973D430,5,2880.0,v0.1
INS_80A3C430C9E9,REQ_83E38817F0AF,6,1760.0000000000002,v0.1
INS_80A3C430C9E9,REQ_CC40AB3247AE,7,850.0,v0.1
INS_80A3C430C9E9,REQ_64DDE7833324,8,1590.0,v0.1
INS_80A3C430C9E9,REQ_56C0EDF359BF,9,22010.0,v0.1
INS_80A3C430C9E9,REQ_B5FDDD6BA446,10,1480.0,v0.1
INS_80A3C430C9E9,REQ_F2520EA57FD6,11,590.0,v0.1
INS_80A3C430C9E9,REQ_5C98C1AA6AC7,12,14850.0,v0.1
INS_80A3C430C9E9,REQ_3D5463A906AB,13,950.0,v0.1
INS_80A3C430C9E9,REQ_F89B62AB0013,14,3100.0,v0.1
INS_80A3C430C9E9,REQ_9829E92DA16D,15,490.00000000000006,v0.1
INS_80A3C430C9E9,REQ_A0F535A64FEC,16,1610.0000000000002,v0.1
INS_AFD5F034D4A8,REQ_05220EDE8B3D,0,350.0,v0.1
INS_AFD5F034D4A8,REQ_DA18A5C62C22,1,1090.0,v0.1
INS_AFD5F034D4A8,REQ_49D365E25487,2,300.0,v0.1
INS_AFD5F034D4A8,REQ_9EE239F274C4,3,720.0,v0.1
INS_AFD5F034D4A8,REQ_2B7907A21734,4,1440.0,v0.1
INS_AFD5F034D4A8,REQ_A986005DC5DD,5,30000.0,v0.1
INS_AFD5F034D4A8,REQ_7B4FCA8A13A8,6,450.0,v0.1
INS_AFD5F034D4A8,REQ_865A7534E732,7,350.0,v0.1
INS_AFD5F034D4A8,REQ_777DE58467BF,8,600.0,v0.1
INS_AFD5F034D4A8,REQ_79C8906CE538,9,4080.0,v0.1
INS_AFD5F034D4A8,REQ_778E5487D294,10,6830.0,v0.1
INS_AFD5F034D4A8,REQ_0F9B966F796D,11,13620.0,v0.1
INS_AFD5F034D4A8,REQ_4AC4C2E4F2B8,12,1190.0,v0.1
INS_AFD5F034D4A8,REQ_0A3C5A95467A,13,4760.0,v0.1
INS_AFD5F034D4A8,REQ_B45123BF99E3,14,3500.0,v0.1
INS_AFD5F034D4A8,REQ_BBF589ACEE89,15,4190.0,v0.1
INS_CCD31FD384AD,REQ_AD7EDEA5284C,0,30000.0,v0.1
INS_CCD31FD384AD,REQ_A433E96AC278,1,23410.0,v0.1
INS_CCD31FD384AD,REQ_3D3EE1ECD47B,2,2760.0,v0.1
INS_CCD31FD384AD,REQ_6A65364139BA,3,1019.9999999999999,v0.1
INS_CCD31FD384AD,REQ_17AF9484CCC4,4,30000.0,v0.1
INS_CCD31FD384AD,REQ_D16FCB8A6CE4,5,1580.0,v0.1
INS_CCD31FD384AD,REQ_F3750623CC83,6,30000.0,v0.1
INS_CCD31FD384AD,REQ_1BFF84C0F850,7,30000.0,v0.1
INS_CCD31FD384AD,REQ_9FDC12CC74E1,8,4520.0,v0.1
INS_CCD31FD384AD,REQ_EF7DC88565BC,9,30000.0,v0.1
INS_BD1BC7523037,REQ_9D7F880D22A4,0,1050.0,v0.1
INS_BD1BC7523037,REQ_D68741D7C464,1,100.0,v0.1
INS_BD1BC7523037,REQ_BFA2E1FE5ADE,2,1300.0,v0.1
INS_BD1BC7523037,REQ_ABC6A6B1C12D,3,300.0,v0.1
INS_BD1BC7523037,REQ_5FF64ED654C1,4,400.0,v0.1
INS_BD1BC7523037,REQ_37C446EB7E31,5,1990.0,v0.1
INS_BD1BC7523037,REQ_05999423A058,6,6080.0,v0.1
INS_BD1BC7523037,REQ_6A6EA2DFA812,7,30000.0,v0.1
INS_BD1BC7523037,REQ_9D85A0DCE311,8,3479.9999999999995,v0.1
INS_BD1BC7523037,REQ_B7A83A74DD0F,9,10260.0,v0.1
INS_BBB4C8764E10,REQ_A71A11C8874E,0,970.0,v0.1
INS_BBB4C8764E10,REQ_025973CC3FA0,1,2250.0,v0.1
INS_BBB4C8764E10,REQ_8E2EF9BD1621,2,10530.0,v0.1
INS_BBB4C8764E10,REQ_1FC74EAC7B2D,3,5720.0,v0.1
INS_BBB4C8764E10,REQ_579EBF312ACA,4,21000.0,v0.1
INS_BBB4C8764E10,REQ_36A9EB662EE1,5,360.0,v0.1
INS_BBB4C8764E10,REQ_A9C70AC440B6,6,380.0,v0.1
INS_BBB4C8764E10,REQ_060DED9167D1,7,130.0,v0.1
INS_746623BBA699,REQ_A095E3AC1D21,0,30000.0,v0.1
INS_746623BBA699,REQ_18D05FE184DB,1,30000.0,v0.1
INS_746623BBA699,REQ_24B4F438D94F,2,30000.0,v0.1
INS_746623BBA699,REQ_A683694C8366,3,30000.0,v0.1
INS_746623BBA699,REQ_B2B151895B58,4,30000.0,v0.1
INS_746623BBA699,REQ_BC3AE572C21A,5,30000.0,v0.1
INS_746623BBA699,REQ_3D137029DB76,6,30000.0,v0.1
INS_746623BBA699,REQ_B65209DD6FB1,7,30000.0,v0.1
INS_53BDD686E4DA,REQ_0B6E0863FA38,0,1810.0000000000002,v0.1
INS_53BDD686E4DA,REQ_E2C349ADE2C3,1,3670.0000000000005,v0.1
INS_53BDD686E4DA,REQ_62F98B0B0C1F,2,450.0,v0.1
INS_53BDD686E4DA,REQ_962E480E6C26,3,580.0,v0.1
INS_53BDD686E4DA,REQ_17E99B566B63,4,280.0,v0.1
INS_53BDD686E4DA,REQ_95D64862EE39,5,5650.0,v0.1
INS_53BDD686E4DA,REQ_F2C8243105A7,6,210.0,v0.1
INS_53BDD686E4DA,REQ_BE0807C13E9A,7,80.0,v0.1
INS_53BDD686E4DA,REQ_0FBB7A08C095,8,500.0,v0.1
INS_53BDD686E4DA,REQ_18FB567B8A04,9,18640.0,v0.1
INS_53BDD686E4DA,REQ_1626F6F7D17C,10,100.0,v0.1
INS_53BDD686E4DA,REQ_113157369D55,11,13890.0,v0.1
INS_53BDD686E4DA,REQ_7C72D30A448C,12,3100.0,v0.1
INS_53BDD686E4DA,REQ_562CFCA6F641,13,3100.0,v0.1
INS_53BDD686E4DA,REQ_D23706861FD0,14,4530.0,v0.1
INS_53BDD686E4DA,REQ_F06A67EDB2CE,15,150.0,v0.1
INS_53BDD686E4DA,REQ_A2E878752202,16,459.99999999999994,v0.1
INS_53BDD686E4DA,REQ_B1E194436357,17,229.99999999999997,v0.1
INS_53BDD686E4DA,REQ_99665C9A3B2B,18,409.99999999999994,v0.1
INS_53BDD686E4DA,REQ_E5070CE01C4D,19,550.0,v0.1
INS_53BDD686E4DA,REQ_8BAB00D572B6,20,630.0,v0.1
INS_53BDD686E4DA,REQ_C2D201E8BAB9,21,150.0,v0.1
INS_53BDD686E4DA,REQ_F0ED1C921036,22,2130.0,v0.1
INS_53BDD686E4DA,REQ_6B9A005F2D54,23,400.0,v0.1
INS_7BBB687B8A84,REQ_F6B32594AD82,0,780.0,v0.1
INS_7BBB687B8A84,REQ_4943356EF127,1,1590.0,v0.1
INS_7BBB687B8A84,REQ_E3FB48D18649,2,1060.0,v0.1
INS_7BBB687B8A84,REQ_AD2438756215,3,10150.0,v0.1
INS_7BBB687B8A84,REQ_7693DD17A8F4,4,850.0,v0.1
INS_7BBB687B8A84,REQ_8BB649EB5715,5,26810.0,v0.1
INS_7BBB687B8A84,REQ_95F8F0115AB9,6,210.0,v0.1
INS_7BBB687B8A84,REQ_0A075502CFEC,7,900.0,v0.1
INS_7BBB687B8A84,REQ_79AA1B381532,8,600.0,v0.1
INS_7BBB687B8A84,REQ_D99FF0A420B6,9,740.0,v0.1
INS_7BBB687B8A84,REQ_D9CF1A967FF9,10,1290.0,v0.1
INS_462203D6B45F,REQ_86E89ECA6A2E,0,280.0,v0.1
INS_462203D6B45F,REQ_871A4E888BC0,1,23260.0,v0.1
INS_462203D6B45F,REQ_25FCA32763F5,2,30000.0,v0.1
INS_462203D6B45F,REQ_26DA107DD369,3,13900.0,v0.1
INS_462203D6B45F,REQ_9679C7F2CD61,4,8850.0,v0.1
INS_462203D6B45F,REQ_87F60BA022C4,5,280.0,v0.1
INS_462203D6B45F,REQ_1A93E68A553A,6,24980.0,v0.1
INS_462203D6B45F,REQ_322DC5B84E72,7,30000.0,v0.1
INS_462203D6B45F,REQ_2CCDF194B4DF,8,140.0,v0.1
INS_462203D6B45F,REQ_A122C226913E,9,7150.0,v0.1
INS_462203D6B45F,REQ_54A399306166,10,15760.0,v0.1
INS_462203D6B45F,REQ_1B1BE46C9771,11,30000.0,v0.1
INS_462203D6B45F,REQ_6727836D35E8,12,29370.0,v0.1
INS_462203D6B45F,REQ_DE008BA6FDE1,13,620.0,v0.1
INS_462203D6B45F,REQ_EF7D7694D3CF,14,290.0,v0.1
INS_A30D14FADAFE,REQ_75A9D86054D9,0,22650.0,v0.1
INS_A30D14FADAFE,REQ_73596CEC27DE,1,2680.0,v0.1
INS_A30D14FADAFE,REQ_36AFE5351D53,2,360.0,v0.1
INS_A30D14FADAFE,REQ_B8178BDFA0E9,3,7980.0,v0.1
INS_A30D14FADAFE,REQ_A0C56E8AF81B,4,800.0,v0.1
INS_A30D14FADAFE,REQ_F681C1973375,5,1600.0,v0.1
INS_A30D14FADAFE,REQ_1B2F36F8D0FC,6,11760.0,v0.1
INS_A30D14FADAFE,REQ_F3D25A889949,7,20120.0,v0.1
INS_A30D14FADAFE,REQ_320424CC45C9,8,1120.0,v0.1
INS_A30D14FADAFE,REQ_5B363DD1306D,9,1150.0,v0.1
INS_A30D14FADAFE,REQ_F7C960BA4FDE,10,810.0,v0.1
INS_A30D14FADAFE,REQ_D5B63B2CCF07,11,1450.0,v0.1
INS_A30D14FADAFE,REQ_E9A74A0DE3BB,12,3120.0,v0.1
INS_A30D14FADAFE,REQ_23BE2B4DA581,13,30000.0,v0.1
INS_A30D14FADAFE,REQ_77060F4D4F75,14,120.0,v0.1
INS_A30D14FADAFE,REQ_B0340C5D734A,15,4070.0000000000005,v0.1
INS_A30D14FADAFE,REQ_F5211DD53E77,16,30000.0,v0.1
INS_A30D14FADAFE,REQ_CAE950E3A8FC,17,550.0,v0.1
INS_A30D14FADAFE,REQ_4D88E0F2AC71,18,790.0,v0.1
INS_A30D14FADAFE,REQ_3CF07DC23ECC,19,13330.0,v0.1
INS_D38C8EB83981,REQ_FB49AAE2DD1A,0,7890.000000000001,v0.1
INS_D38C8EB83981,REQ_66E868BAB833,1,6270.0,v0.1
INS_D38C8EB83981,REQ_4DD8E2F6191D,2,30000.0,v0.1
INS_D38C8EB83981,REQ_EC1211FF2E0B,3,240.0,v0.1
INS_D38C8EB83981,REQ_A2BF9A3A92A0,4,24320.0,v0.1
INS_D38C8EB83981,REQ_227B8C6A2063,5,30000.0,v0.1
INS_D38C8EB83981,REQ_DA8DED693BBB,6,700.0,v0.1
INS_D38C8EB83981,REQ_20C493ED4F87,7,780.0,v0.1
INS_D38C8EB83981,REQ_DD7715C30243,8,7310.0,v0.1
INS_D38C8EB83981,REQ_7DA785334CF2,9,15610.0,v0.1
INS_D38C8EB83981,REQ_7E9139A506E0,10,21710.0,v0.1
INS_B41F933A40FA,REQ_9705A6CB05E7,0,2290.0,v0.1
INS_B41F933A40FA,REQ_612CF52AF4E2,1,800.0,v0.1
INS_B41F933A40FA,REQ_FEB63093ADD9,2,590.0,v0.1
INS_B41F933A40FA,REQ_057A35864DF7,3,1290.0,v0.1
INS_B41F933A40FA,REQ_8953988849D3,4,4590.0,v0.1
INS_B41F933A40FA,REQ_D5C0823C508F,5,30000.0,v0.1
INS_B41F933A40FA,REQ_5DE2B1EEE9F6,6,1220.0,v0.1
INS_B41F933A40FA,REQ_2A4CC5E2EA71,7,3180.0,v0.1
INS_B41F933A40FA,REQ_9678EB05D989,8,30000.0,v0.1
INS_B41F933A40FA,REQ_6C241FCCF081,9,30000.0,v0.1
INS_B41F933A40FA,REQ_DC574E4DF174,10,2120.0,v0.1
INS_B41F933A40FA,REQ_57B6123A2CA6,11,2500.0,v0.1
INS_B41F933A40FA,REQ_21173A3E50A6,12,210.0,v0.1
INS_FA8282932659,REQ_C86E98612EAD,0,30000.0,v0.1
INS_FA8282932659,REQ_2D6D358E8DCC,1,30000.0,v0.1
INS_FA8282932659,REQ_587E1EA10952,2,30000.0,v0.1
INS_FA8282932659,REQ_5128C36DC078,3,17060.0,v0.1
INS_FA8282932659,REQ_75F10E935EE1,4,30000.0,v0.1
INS_FA8282932659,REQ_C86DE41EA334,5,29460.0,v0.1
INS_FA8282932659,REQ_CFCB418FB1B4,6,30000.0,v0.1
INS_FA8282932659,REQ_8B90D2883DEA,7,30000.0,v0.1
INS_FA8282932659,REQ_0B9FFD6545E3,8,18720.0,v0.1
INS_68158AC9D91A,REQ_94AF12DB02AE,0,3050.0,v0.1
INS_68158AC9D91A,REQ_83BBB2E86F79,1,650.0,v0.1
INS_68158AC9D91A,REQ_B6B94EDD2AA6,2,460.0,v0.1
INS_68158AC9D91A,REQ_C0DF8AA996DC,3,30000.0,v0.1
INS_68158AC9D91A,REQ_F62BC65A9BA3,4,4400.0,v0.1
INS_68158AC9D91A,REQ_37B71BFF1DD4,5,30000.0,v0.1
INS_68158AC9D91A,REQ_99B01FB0DA10,6,17800.0,v0.1
INS_68158AC9D91A,REQ_5CB6F45E072D,7,30000.0,v0.1
INS_68158AC9D91A,REQ_6D6F3742637F,8,30000.0,v0.1
INS_68158AC9D91A,REQ_2FB3D14A30CB,9,430.0,v0.1
INS_68158AC9D91A,REQ_AD9C2E03E626,10,3300.0,v0.1
INS_68158AC9D91A,REQ_CD1E5E1CC666,11,29000.0,v0.1
INS_68158AC9D91A,REQ_AEC0B190F29E,12,5630.0,v0.1
INS_68158AC9D91A,REQ_98880DC8311E,13,1060.0,v0.1
INS_68158AC9D91A,REQ_695178D6D1B8,14,30000.0,v0.1
INS_68158AC9D91A,REQ_240CEE9C4AA0,15,30000.0,v0.1
INS_68158AC9D91A,REQ_4FB3EE309683,16,30000.0,v0.1
INS_68158AC9D91A,REQ_8B8D6C44B35C,17,80.0,v0.1
INS_68158AC9D91A,REQ_D7D5EFD7DD62,18,14360.0,v0.1
INS_68158AC9D91A,REQ_FD0E030054A9,19,1230.0,v0.1
INS_68158AC9D91A,REQ_B726F030F1F3,20,1600.0,v0.1
INS_68158AC9D91A,REQ_2D69D28DC828,21,19525.0,v0.1
INS_68158AC9D91A,REQ_DFFFA5E3E20F,22,130.0,v0.1
INS_68158AC9D91A,REQ_75FAA7C537D8,23,600.0,v0.1
INS_68158AC9D91A,REQ_DE007F0409B0,24,30000.0,v0.1
INS_68158AC9D91A,REQ_71DE61F42CCD,25,1650.0,v0.1
INS_68158AC9D91A,REQ_9BC8DC5151B7,26,30000.0,v0.1
INS_68158AC9D91A,REQ_1D18CC7AD53C,27,30000.0,v0.1
INS_229163CF55C2,REQ_3DC244D1D449,0,150.0,v0.1
INS_229163CF55C2,REQ_1EB92A2BDA6D,1,1050.0,v0.1
INS_229163CF55C2,REQ_8F20B7FA4DBC,2,15575.0,v0.1
INS_229163CF55C2,REQ_A604211AC50F,3,130.0,v0.1
INS_229163CF55C2,REQ_D4D7614E9167,4,8710.0,v0.1
INS_229163CF55C2,REQ_B422448D41B1,5,280.0,v0.1
INS_229163CF55C2,REQ_567ACFC6B24E,6,1100.0,v0.1
INS_229163CF55C2,REQ_B0A178A509CA,7,27490.0,v0.1
INS_229163CF55C2,REQ_5F7C9334CCD2,8,2830.0,v0.1
INS_229163CF55C2,REQ_479216BBDDFC,9,14560.0,v0.1
INS_229163CF55C2,REQ_1AE1FFD07EAC,10,300.0,v0.1
INS_229163CF55C2,REQ_54E59F86F30F,11,600.0,v0.1
INS_459D2B951F66,REQ_355B59E8DF5B,0,900.0,v0.1
INS_459D2B951F66,REQ_E2AFAB8BE5E9,1,30000.0,v0.1
INS_459D2B951F66,REQ_4BD5544F086F,2,30000.0,v0.1
INS_459D2B951F66,REQ_C81FBC18E0CA,3,3100.0,v0.1
INS_459D2B951F66,REQ_781FC7202F4C,4,6840.0,v0.1
INS_459D2B951F66,REQ_8D97AB6C68CA,5,420.0,v0.1
INS_459D2B951F66,REQ_E286C30814AB,6,9530.0,v0.1
INS_459D2B951F66,REQ_ABF98ED98303,7,30000.0,v0.1
INS_459D2B951F66,REQ_2840FC8E5178,8,30000.0,v0.1
INS_459D2B951F66,REQ_11EA2AEA0800,9,340.0,v0.1
INS_459D2B951F66,REQ_E995DE0043AD,10,6600.0,v0.1
INS_459D2B951F66,REQ_AC468206A0C2,11,320.0,v0.1
INS_459D2B951F66,REQ_9F8589B7F1AD,12,370.0,v0.1
INS_459D2B951F66,REQ_E1A8D7EBBF7D,13,200.0,v0.1
INS_811A1D56AD0F,REQ_66BACBAC92C7,0,9680.0,v0.1
INS_811A1D56AD0F,REQ_E94CAD532032,1,20810.0,v0.1
INS_811A1D56AD0F,REQ_D0FB69AF789B,2,1100.0,v0.1
INS_811A1D56AD0F,REQ_385370DC8F8A,3,30000.0,v0.1
INS_811A1D56AD0F,REQ_8AF8F47EDD3D,4,8010.0,v0.1
INS_811A1D56AD0F,REQ_9889B090194A,5,14290.0,v0.1
INS_811A1D56AD0F,REQ_7E1CE34E5D29,6,20140.0,v0.1
INS_811A1D56AD0F,REQ_A058B7E8CF55,7,30000.0,v0.1
INS_811A1D56AD0F,REQ_538E6311055B,8,30000.0,v0.1
INS_811A1D56AD0F,REQ_E67AE082EF68,9,180.0,v0.1
INS_811A1D56AD0F,REQ_71DC41EF8E15,10,1010.0,v0.1
INS_811A1D56AD0F,REQ_849436F354CE,11,10870.0,v0.1
INS_811A1D56AD0F,REQ_9DD0845491E2,12,1520.0,v0.1
INS_811A1D56AD0F,REQ_BF17E948DB6D,13,3450.0,v0.1
INS_811A1D56AD0F,REQ_8843907B9083,14,6280.0,v0.1
INS_811A1D56AD0F,REQ_B7B7C351297E,15,229.99999999999997,v0.1
INS_811A1D56AD0F,REQ_37B50E3EA66C,16,1510.0,v0.1
INS_811A1D56AD0F,REQ_A724869CADAE,17,10090.0,v0.1
INS_811A1D56AD0F,REQ_C76089AE92C5,18,4040.0,v0.1
INS_811A1D56AD0F,REQ_32B3ABEBBCCE,19,16430.0,v0.1
INS_811A1D56AD0F,REQ_6C306FB6FE72,20,350.0,v0.1
INS_811A1D56AD0F,REQ_B96408DAB9E1,21,2450.0,v0.1
INS_811A1D56AD0F,REQ_4CB2EE0F6D66,22,1810.0000000000002,v0.1
INS_811A1D56AD0F,REQ_E4F17E165827,23,2960.0,v0.1
INS_811A1D56AD0F,REQ_51807E8F1A70,24,19280.0,v0.1
INS_811A1D56AD0F,REQ_C9D683A096E8,25,5000.0,v0.1
INS_811A1D56AD0F,REQ_E83731D13E5F,26,22330.0,v0.1
INS_3367DD1CD0DA,REQ_9D2A3EA9F0EF,0,950.0,v0.1
INS_3367DD1CD0DA,REQ_DA18A5C62C22,1,1090.0,v0.1
INS_3367DD1CD0DA,REQ_6B94C7FCA989,2,30000.0,v0.1
INS_3367DD1CD0DA,REQ_5BF86F90634D,3,13125.0,v0.1
INS_3367DD1CD0DA,REQ_75EADA4E37DE,4,260.0,v0.1
INS_3367DD1CD0DA,REQ_928B6E2FC80A,5,450.0,v0.1
INS_3367DD1CD0DA,REQ_6877C8BCC899,6,160.0,v0.1
INS_3367DD1CD0DA,REQ_FB31EF236BAC,7,260.0,v0.1
INS_3367DD1CD0DA,REQ_2CBF414DE122,8,1500.0,v0.1
INS_3367DD1CD0DA,REQ_92480CF5DFCD,9,520.0,v0.1
INS_3367DD1CD0DA,REQ_F9FFB4A76E36,10,2680.0,v0.1
INS_3367DD1CD0DA,REQ_F950C63ACFD1,11,2650.0,v0.1
INS_3367DD1CD0DA,REQ_777DE58467BF,12,600.0,v0.1
INS_3367DD1CD0DA,REQ_4DDEA82BCA3C,13,300.0,v0.1
INS_3367DD1CD0DA,REQ_B9D82CEE954C,14,4700.0,v0.1
INS_3367DD1CD0DA,REQ_2D0A8CF5FAF9,15,650.0,v0.1
INS_3367DD1CD0DA,REQ_0F9B966F796D,16,13620.0,v0.1
INS_3367DD1CD0DA,REQ_1BE35CE21CC5,17,230.0,v0.1
INS_3367DD1CD0DA,REQ_EF8C6B81A9CF,18,830.0000000000001,v0.1
INS_1687514EE064,REQ_04667EEF443A,0,310.0,v0.1
INS_1687514EE064,REQ_DE83B3B496B2,1,920.0,v0.1
INS_1687514EE064,REQ_E039C89909E8,2,9080.0,v0.1
INS_1687514EE064,REQ_842F38FFD81E,3,7375.0,v0.1
INS_1687514EE064,REQ_750065B02800,4,2750.0,v0.1
INS_1687514EE064,REQ_AC00736AEB2E,5,990.0,v0.1
INS_1687514EE064,REQ_6703CCB24411,6,1500.0,v0.1
INS_1687514EE064,REQ_E05BF8DB532C,7,640.0,v0.1
INS_1687514EE064,REQ_473DF23E29A0,8,930.0000000000001,v0.1
INS_1687514EE064,REQ_08A8282C1D58,9,850.0,v0.1
INS_1687514EE064,REQ_48A152DDF964,10,300.0,v0.1
INS_1687514EE064,REQ_F78870D23F99,11,30000.0,v0.1
INS_1687514EE064,REQ_04F511B1F2AE,12,1060.0,v0.1
INS_1687514EE064,REQ_48BEA987F6DF,13,30000.0,v0.1
INS_1687514EE064,REQ_B8179C27E32A,14,560.0,v0.1
INS_1687514EE064,REQ_9EC4C904F8DF,15,14690.0,v0.1
INS_1687514EE064,REQ_6A46049C2971,16,30000.0,v0.1
INS_1687514EE064,REQ_6655D27DDB16,17,250.0,v0.1
INS_1687514EE064,REQ_B75ACA3576AA,18,1040.0,v0.1
INS_1687514EE064,REQ_6DC95D5582F8,19,640.0,v0.1
INS_1687514EE064,REQ_691687E279EF,20,30000.0,v0.1
INS_1687514EE064,REQ_FB9AEA5A4585,21,2470.0,v0.1
INS_1687514EE064,REQ_6472B9E0640A,22,11900.0,v0.1
INS_1687514EE064,REQ_89C16D0F1CFF,23,7090.0,v0.1
INS_1687514EE064,REQ_AAEC66475248,24,440.0,v0.1
INS_1687514EE064,REQ_84F56CA5808B,25,30000.0,v0.1
INS_1687514EE064,REQ_3F7479831E8B,26,6200.0,v0.1
INS_1687514EE064,REQ_35CB9B1D3E5F,27,9250.0,v0.1
INS_5AFBB95CCDB9,REQ_35CCB23F7B83,0,1130.0,v0.1
INS_5AFBB95CCDB9,REQ_25C5F2E1F761,1,16379.999999999998,v0.1
INS_5AFBB95CCDB9,REQ_3CF4F48D580D,2,14420.0,v0.1
INS_5AFBB95CCDB9,REQ_8F6C7A311221,3,1200.0,v0.1
INS_5AFBB95CCDB9,REQ_C58F2A91D863,4,1540.0,v0.1
INS_5AFBB95CCDB9,REQ_26A5C447AA6D,5,27520.0,v0.1
INS_5AFBB95CCDB9,REQ_A517136BC806,6,260.0,v0.1
INS_5AFBB95CCDB9,REQ_2F965B2DC1F4,7,1630.0,v0.1
INS_5AFBB95CCDB9,REQ_660DF57E5C60,8,420.0,v0.1
INS_5AFBB95CCDB9,REQ_00F34930CFD8,9,650.0,v0.1
INS_5AFBB95CCDB9,REQ_C009BE134268,10,3880.0,v0.1
INS_5AFBB95CCDB9,REQ_971381117570,11,10510.0,v0.1
INS_5AFBB95CCDB9,REQ_EEF5CA37D123,12,12050.0,v0.1
INS_5AFBB95CCDB9,REQ_798ADCEF7F03,13,229.99999999999997,v0.1
INS_5AFBB95CCDB9,REQ_A59BE9E9A0E9,14,13025.0,v0.1
INS_16D74111478E,REQ_454E6BCC7394,0,800.0,v0.1
INS_16D74111478E,REQ_788402EF8787,1,1450.0,v0.1
INS_16D74111478E,REQ_B656FF0C5052,2,819.9999999999999,v0.1
INS_16D74111478E,REQ_23E92FF04348,3,1650.0,v0.1
INS_16D74111478E,REQ_1D3C12B824B0,4,21590.0,v0.1
INS_16D74111478E,REQ_8247C9DCC25B,5,2780.0,v0.1
INS_16D74111478E,REQ_09CDC5B0FEDD,6,100.0,v0.1
INS_16D74111478E,REQ_53E030991E0A,7,680.0,v0.1
INS_16D74111478E,REQ_3E2004B6259C,8,1300.0,v0.1
INS_16D74111478E,REQ_FC99ED55918D,9,30000.0,v0.1
INS_16D74111478E,REQ_FECFA7713B58,10,29210.0,v0.1
INS_16D74111478E,REQ_18B0A04767AE,11,26960.0,v0.1
INS_16D74111478E,REQ_5D45DBD0AC94,12,250.0,v0.1
INS_16D74111478E,REQ_44C14CB82361,13,690.0,v0.1
INS_16D74111478E,REQ_248EDF158F79,14,21610.0,v0.1
INS_16D74111478E,REQ_B4EDA466E992,15,200.0,v0.1
INS_16D74111478E,REQ_059EEC290DAD,16,3440.0,v0.1
INS_16D74111478E,REQ_713ACE5C8CC9,17,7020.0,v0.1
INS_16D74111478E,REQ_27DCF9164A73,18,18680.0,v0.1
INS_16D74111478E,REQ_895C223076BB,19,1850.0,v0.1
INS_16D74111478E,REQ_92EFF08FCFEA,20,11840.0,v0.1
INS_16D74111478E,REQ_F568D3BB5D3E,21,3120.0,v0.1
INS_16D74111478E,REQ_94CFF6A1AE48,22,5690.0,v0.1
INS_16D74111478E,REQ_DD63EF9DDB63,23,2470.0,v0.1
INS_16D74111478E,REQ_07E4FB8F4DBC,24,110.00000000000001,v0.1
INS_16D74111478E,REQ_15AF2A7ADC79,25,170.0,v0.1
INS_16D74111478E,REQ_98541E947F1D,26,1920.0,v0.1
INS_16D74111478E,REQ_71F8071D149D,27,1200.0,v0.1
INS_16D74111478E,REQ_00572427D972,28,650.0,v0.1
INS_16D74111478E,REQ_BFD8993F28C1,29,1410.0,v0.1
INS_16D74111478E,REQ_88C84371AB2E,30,1260.0,v0.1
INS_16D74111478E,REQ_88E0692F8CFC,31,320.0,v0.1
INS_16D74111478E,REQ_81DB55CC2313,32,25350.0,v0.1
INS_16D74111478E,REQ_2319768B67BC,33,2240.0,v0.1
INS_16D74111478E,REQ_2B070838E3A2,34,30000.0,v0.1
INS_16D74111478E,REQ_C69BF894DD5F,35,200.0,v0.1
INS_16D74111478E,REQ_1CECDDD7D96F,36,170.0,v0.1
INS_16D74111478E,REQ_ECCC4B0DED84,37,30000.0,v0.1
INS_16D74111478E,REQ_EDC96408C361,38,9050.0,v0.1
INS_16D74111478E,REQ_09A34E89B543,39,930.0000000000001,v0.1
INS_16D74111478E,REQ_CBC5AF28E7BB,40,25380.0,v0.1
INS_16D74111478E,REQ_8FC974EB5931,41,1160.0,v0.1
INS_16D74111478E,REQ_F7C7320276F5,42,5520.0,v0.1
INS_16D74111478E,REQ_A9A51A4E22B6,43,3800.0,v0.1
INS_16D74111478E,REQ_B5CA52F8B039,44,27250.0,v0.1
INS_16D74111478E,REQ_0B7622492F34,45,21190.0,v0.1
INS_16D74111478E,REQ_6344AE49CF67,46,16750.0,v0.1
INS_16D74111478E,REQ_C0F4CC2CC8A5,47,16280.000000000002,v0.1
INS_16D74111478E,REQ_EE55864D0390,48,1600.0,v0.1
INS_16D74111478E,REQ_8A596ADDC6B5,49,19160.0,v0.1
INS_16D74111478E,REQ_21C904C94B86,50,30000.0,v0.1
INS_16D74111478E,REQ_2F4739F1CFBE,51,140.0,v0.1
INS_16D74111478E,REQ_C743FD875FDE,52,28900.0,v0.1
INS_4412D32E1FF8,REQ_632F990C9537,0,710.0,v0.1
INS_4412D32E1FF8,REQ_3440757B6910,1,350.0,v0.1
INS_4412D32E1FF8,REQ_68170BAEFA2F,2,400.0,v0.1
INS_4412D32E1FF8,REQ_A0D0C90042B2,3,760.0,v0.1
INS_4412D32E1FF8,REQ_563348E6718F,4,90.0,v0.1
INS_4412D32E1FF8,REQ_063349EDF7A9,5,5850.0,v0.1
INS_4412D32E1FF8,REQ_3A891172DD39,6,290.0,v0.1
INS_4412D32E1FF8,REQ_D43D42BFDBBA,7,30000.0,v0.1
INS_4412D32E1FF8,REQ_C22240C2A278,8,200.0,v0.1
INS_4412D32E1FF8,REQ_485F7AF6671C,9,6620.0,v0.1
INS_4412D32E1FF8,REQ_33A0149B26CD,10,680.0,v0.1
INS_E5FE98D89346,REQ_2E91DDA10B2D,0,700.0,v0.1
INS_E5FE98D89346,REQ_73DE9AABB3A8,1,1760.0,v0.1
INS_E5FE98D89346,REQ_6BE894D63C0D,2,12630.0,v0.1
INS_E5FE98D89346,REQ_020EBAF00BC6,3,30000.0,v0.1
INS_E5FE98D89346,REQ_81407F2332FD,4,6409.999999999999,v0.1
INS_E5FE98D89346,REQ_2BA351440185,5,390.0,v0.1
INS_E5FE98D89346,REQ_33C165516220,6,420.0,v0.1
INS_E5FE98D89346,REQ_DDF0FB6AC992,7,3340.0,v0.1
INS_E5FE98D89346,REQ_D61264269A81,8,1060.0,v0.1
INS_E5FE98D89346,REQ_96D4FEFAF48F,9,3680.0,v0.1
INS_E5FE98D89346,REQ_B8331C7F4612,10,30000.0,v0.1
INS_E5FE98D89346,REQ_767DB3903A78,11,340.0,v0.1
INS_E5FE98D89346,REQ_219C8EC97AB8,12,240.0,v0.1
INS_E5FE98D89346,REQ_DB29CB996B3A,13,250.0,v0.1
INS_453AB80A936D,REQ_859E5B4399B4,0,3660.0,v0.1
INS_453AB80A936D,REQ_3CB05440FB0E,1,15540.0,v0.1
INS_453AB80A936D,REQ_A9A51A4E22B6,2,3800.0,v0.1
INS_453AB80A936D,REQ_DA37956A6DDE,3,30000.0,v0.1
INS_453AB80A936D,REQ_229F434C35F3,4,20370.0,v0.1
INS_453AB80A936D,REQ_1CECDDD7D96F,5,170.0,v0.1
INS_453AB80A936D,REQ_27DCF9164A73,6,18680.0,v0.1
INS_453AB80A936D,REQ_9A1A9E46DD1F,7,1689.9999999999998,v0.1
INS_453AB80A936D,REQ_6312C2E8C56A,8,3470.0,v0.1
INS_453AB80A936D,REQ_7F2EFC86B6E3,9,360.0,v0.1
INS_453AB80A936D,REQ_6344AE49CF67,10,16750.0,v0.1
INS_453AB80A936D,REQ_3E2004B6259C,11,1300.0,v0.1
INS_453AB80A936D,REQ_DD63EF9DDB63,12,2470.0,v0.1
INS_453AB80A936D,REQ_3EFB8AA00227,13,1250.0,v0.1
INS_453AB80A936D,REQ_0B7622492F34,14,21190.0,v0.1
INS_453AB80A936D,REQ_00572427D972,15,650.0,v0.1
INS_453AB80A936D,REQ_EBF24C4A306D,16,400.0,v0.1
INS_453AB80A936D,REQ_4E777567CD0E,17,1390.0,v0.1
INS_453AB80A936D,REQ_C4D6941179E4,18,800.0,v0.1
INS_453AB80A936D,REQ_EA4B1FCE5905,19,15410.0,v0.1
INS_453AB80A936D,REQ_94CFF6A1AE48,20,5690.0,v0.1
INS_453AB80A936D,REQ_19DC5A9D6A63,21,30000.0,v0.1
INS_453AB80A936D,REQ_E59CF68DADF6,22,30000.0,v0.1
INS_453AB80A936D,REQ_654DC0C3938A,23,7200.0,v0.1
INS_453AB80A936D,REQ_53E030991E0A,24,680.0,v0.1
INS_453AB80A936D,REQ_35FEEF0563AE,25,200.0,v0.1
INS_453AB80A936D,REQ_895C223076BB,26,1850.0,v0.1
INS_453AB80A936D,REQ_93FDD857FA15,27,7140.000000000001,v0.1
INS_453AB80A936D,REQ_FAC35B04426B,28,3210.0,v0.1
INS_453AB80A936D,REQ_33EE0968CC52,29,10200.0,v0.1
INS_453AB80A936D,REQ_18068B39D79E,30,7320.0,v0.1
INS_453AB80A936D,REQ_B5AFDE3088A9,31,150.0,v0.1
INS_B43DD909538E,REQ_6DF030D00482,0,4420.0,v0.1
INS_B43DD909538E,REQ_2AEDC5AB3057,1,2420.0,v0.1
INS_B43DD909538E,REQ_43C4504BF63A,2,5870.0,v0.1
INS_B43DD909538E,REQ_3657D1B73BA8,3,3500.0,v0.1
INS_B43DD909538E,REQ_4A0659BDBF97,4,920.0,v0.1
INS_B43DD909538E,REQ_17CECF0BDB91,5,820.0,v0.1
INS_B43DD909538E,REQ_8998FD79C721,6,7440.0,v0.1
INS_B43DD909538E,REQ_62CF9AE66ECB,7,7309.999999999999,v0.1
INS_B43DD909538E,REQ_7E9C160CD1BB,8,550.0,v0.1
INS_B43DD909538E,REQ_9F4DABDDFCD5,9,910.0,v0.1
INS_B43DD909538E,REQ_06592BFD1EB6,10,240.0,v0.1
INS_B43DD909538E,REQ_199FA17E92F9,11,30000.0,v0.1
INS_B43DD909538E,REQ_5869345103E4,12,390.0,v0.1
INS_B43DD909538E,REQ_26F9CC0CDB09,13,23040.0,v0.1
INS_F65358643987,REQ_9F3E9BCB88B7,0,30000.0,v0.1
INS_F65358643987,REQ_D842DE317F7A,1,1280.0,v0.1
INS_F65358643987,REQ_94888E40CC70,2,30000.0,v0.1
INS_F65358643987,REQ_AD26C9612F2A,3,10430.0,v0.1
INS_F65358643987,REQ_896346B92833,4,30000.0,v0.1
INS_F65358643987,REQ_417C6D72317E,5,660.0,v0.1
INS_F65358643987,REQ_93058019137E,6,340.0,v0.1
INS_F65358643987,REQ_DA8E7711BD8D,7,15060.0,v0.1
INS_F65358643987,REQ_DB40E149ED2A,8,5550.0,v0.1
INS_F65358643987,REQ_A109534943FB,9,4880.0,v0.1
INS_F65358643987,REQ_D7D2076403FD,10,17650.0,v0.1
INS_F65358643987,REQ_94A3873A6770,11,30000.0,v0.1
INS_F65358643987,REQ_347C368081A2,12,1300.0,v0.1
INS_F65358643987,REQ_8720112ECCDB,13,4450.0,v0.1
INS_F65358643987,REQ_AB2C19D27623,14,300.0,v0.1
INS_F65358643987,REQ_42B6B948A603,15,3720.0,v0.1
INS_F65358643987,REQ_5616D8F7F091,16,950.0,v0.1
INS_F65358643987,REQ_22844FFACB8F,17,1800.0,v0.1
INS_F65358643987,REQ_1415F154523D,18,10830.0,v0.1
INS_F65358643987,REQ_914338094BBF,19,1000.0,v0.1
INS_F65358643987,REQ_C1736CC2ED3D,20,5470.0,v0.1
INS_F65358643987,REQ_6E1D469B1BBD,21,570.0,v0.1
INS_F65358643987,REQ_8CBD357ED03A,22,17230.0,v0.1
INS_F65358643987,REQ_DE51641D6FB7,23,250.0,v0.1
INS_F65358643987,REQ_A35C295642E3,24,1150.0,v0.1
INS_F65358643987,REQ_B83872CB8E9E,25,3200.0,v0.1
INS_F65358643987,REQ_10D45FF78EF0,26,170.0,v0.1
INS_F65358643987,REQ_DEC4B76C9F8E,27,650.0,v0.1
INS_F65358643987,REQ_A615966B445A,28,1889.9999999999998,v0.1
INS_F65358643987,REQ_55CD954B5D3F,29,13360.0,v0.1
INS_F65358643987,REQ_79F973AE9912,30,1040.0,v0.1
INS_F65358643987,REQ_E9E0DDCE3356,31,12300.0,v0.1
INS_F65358643987,REQ_86A7FFC1860D,32,7500.0,v0.1
INS_F65358643987,REQ_69EF292A7EEA,33,30000.0,v0.1
INS_F65358643987,REQ_AD4CA3FAFDAF,34,430.0,v0.1
INS_F65358643987,REQ_4BCB0BE2E404,35,250.0,v0.1
INS_F65358643987,REQ_9A385D448D80,36,30000.0,v0.1
INS_F65358643987,REQ_B717A70BDAE0,37,5640.0,v0.1
INS_F65358643987,REQ_6484203FA368,38,940.0,v0.1
INS_F65358643987,REQ_E85FA3486415,39,30000.0,v0.1
INS_F65358643987,REQ_C1141AF81658,40,1450.0,v0.1
INS_F65358643987,REQ_FA38C13ABDE5,41,740.0,v0.1
INS_72B96D9469EA,REQ_E67AE082EF68,0,180.0,v0.1
INS_72B96D9469EA,REQ_0FA53629545F,1,1730.0,v0.1
INS_72B96D9469EA,REQ_91DFC6486E80,2,2650.0,v0.1
INS_72B96D9469EA,REQ_A1FF92EC1E47,3,3990.0,v0.1
INS_72B96D9469EA,REQ_1F0AA02A0D18,4,530.0,v0.1
INS_72B96D9469EA,REQ_33B01AF19B98,5,9460.0,v0.1
INS_72B96D9469EA,REQ_3E7838F80EDF,6,15200.0,v0.1
INS_72B96D9469EA,REQ_981CF96177D0,7,13850.0,v0.1
INS_72B96D9469EA,REQ_5B8E166E7369,8,3650.0,v0.1
INS_72B96D9469EA,REQ_B16ACA10DFB8,9,3230.0,v0.1
INS_72B96D9469EA,REQ_9889B090194A,10,14290.0,v0.1
INS_72B96D9469EA,REQ_1034A58DEFFE,11,680.0,v0.1
INS_72B96D9469EA,REQ_E5B5EE1335D1,12,530.0,v0.1
INS_72B96D9469EA,REQ_2200168D83ED,13,1420.0,v0.1
INS_72B96D9469EA,REQ_32B3ABEBBCCE,14,16430.0,v0.1
INS_72B96D9469EA,REQ_4609F2C2FC79,15,2700.0,v0.1
INS_72B96D9469EA,REQ_9DD0845491E2,16,1520.0,v0.1
INS_72B96D9469EA,REQ_C75C67960DE4,17,700.0,v0.1
INS_7856BB1CA471,REQ_04EF78E78706,0,20060.0,v0.1
INS_7856BB1CA471,REQ_5F446DF542CF,1,24970.0,v0.1
INS_7856BB1CA471,REQ_E25E2DD074FB,2,17740.0,v0.1
INS_7856BB1CA471,REQ_4BE0C09F6875,3,20790.0,v0.1
INS_CE230659B85D,REQ_C6B6CEDEAAEE,0,30000.0,v0.1
INS_CE230659B85D,REQ_A7B945D73A87,1,30000.0,v0.1
INS_CE230659B85D,REQ_BAD5094FC616,2,30000.0,v0.1
INS_CE230659B85D,REQ_725ACAF24939,3,30000.0,v0.1
INS_CE230659B85D,REQ_83460775ABB9,4,30000.0,v0.1
INS_CE230659B85D,REQ_F26378D02269,5,30000.0,v0.1
INS_CE230659B85D,REQ_3C110A7451AA,6,30000.0,v0.1
INS_CE230659B85D,REQ_46E51E8D1FD6,7,30000.0,v0.1
INS_CEBB5DD04EC3,REQ_2BF61AB1065D,0,80.0,v0.1
INS_CEBB5DD04EC3,REQ_592BB0A61C16,1,4100.0,v0.1
INS_CEBB5DD04EC3,REQ_0F60126B176D,2,590.0,v0.1
INS_CEBB5DD04EC3,REQ_3F76691B8EE5,3,2620.0,v0.1
INS_CEBB5DD04EC3,REQ_61DD30C22925,4,22260.0,v0.1
INS_CEBB5DD04EC3,REQ_81C56E8B4DC5,5,710.0,v0.1
INS_CEBB5DD04EC3,REQ_4F822B431477,6,150.0,v0.1
INS_CEBB5DD04EC3,REQ_79D07701CE1A,7,3250.0,v0.1
INS_CEBB5DD04EC3,REQ_E835BFE2DC96,8,5910.0,v0.1
INS_CEBB5DD04EC3,REQ_91BFB4B52F84,9,1600.0,v0.1
INS_CEBB5DD04EC3,REQ_B1CCCF67C531,10,3940.0,v0.1
INS_F9EA9DD990BE,REQ_C984835F71D7,0,30000.0,v0.1
INS_F9EA9DD990BE,REQ_99BDAD29094C,1,480.0,v0.1
INS_F9EA9DD990BE,REQ_F7146B35EDF9,2,29220.0,v0.1
INS_F9EA9DD990BE,REQ_E717A4C6FDC7,3,1690.0,v0.1
INS_F9EA9DD990BE,REQ_B31354A9AC60,4,1010.0,v0.1
INS_F9EA9DD990BE,REQ_9DD0BBC707B7,5,1650.0,v0.1
INS_F9EA9DD990BE,REQ_7D04599C688B,6,17660.0,v0.1
INS_F9EA9DD990BE,REQ_251B3DD168F7,7,480.0,v0.1
INS_F9EA9DD990BE,REQ_55356711CF7E,8,7350.0,v0.1
INS_816950B82920,REQ_D5B63B2CCF07,0,1450.0,v0.1
INS_816950B82920,REQ_9FF1C26607E0,1,16790.0,v0.1
INS_816950B82920,REQ_798A3BF8B4D9,2,4250.0,v0.1
INS_816950B82920,REQ_B535FB751D8A,3,9880.0,v0.1
INS_816950B82920,REQ_28F91C4FDE7C,4,1150.0,v0.1
INS_816950B82920,REQ_D9A67CEFBA31,5,400.0,v0.1
INS_816950B82920,REQ_82C9ECAA9478,6,260.0,v0.1
INS_816950B82920,REQ_EF2323A9093F,7,30000.0,v0.1
INS_816950B82920,REQ_CC0703A7A6DC,8,350.0,v0.1
INS_816950B82920,REQ_0239C8909B5E,9,400.0,v0.1
INS_816950B82920,REQ_DFAA4D0E1DAE,10,27360.0,v0.1
INS_816950B82920,REQ_EE26FFF3D9E2,11,30000.0,v0.1
INS_816950B82920,REQ_B11157F9C9DA,12,710.0,v0.1
INS_816950B82920,REQ_9F05E61153BB,13,7390.0,v0.1
INS_816950B82920,REQ_18B866FBF44B,14,459.99999999999994,v0.1
INS_816950B82920,REQ_8C5A0EB1C37E,15,10810.0,v0.1
INS_816950B82920,REQ_36AFE5351D53,16,360.0,v0.1
INS_816950B82920,REQ_B0340C5D734A,17,4070.0000000000005,v0.1
INS_816950B82920,REQ_832188AD652D,18,3190.0,v0.1
INS_816950B82920,REQ_35198E217DD4,19,240.0,v0.1
INS_816950B82920,REQ_6FAFF5E9F114,20,280.0,v0.1
INS_816950B82920,REQ_0B61AC1DE4C6,21,30000.0,v0.1
INS_816950B82920,REQ_D04A3EF015C9,22,390.0,v0.1
INS_816950B82920,REQ_8C1423CD913C,23,29570.0,v0.1
INS_816950B82920,REQ_ABC341CBCD2A,24,1240.0,v0.1
INS_816950B82920,REQ_210374A2D974,25,100.0,v0.1
INS_816950B82920,REQ_F3D25A889949,26,20120.0,v0.1
INS_816950B82920,REQ_0E8E01C979F1,27,7250.0,v0.1
INS_816950B82920,REQ_6B2CBF232B6B,28,229.99999999999997,v0.1
INS_816950B82920,REQ_C1E6DB465B38,29,9590.0,v0.1
INS_816950B82920,REQ_CA8068DFB484,30,1350.0,v0.1
INS_816950B82920,REQ_39D0037096B1,31,15130.0,v0.1
INS_816950B82920,REQ_9FF5E0E61B8A,32,5370.0,v0.1
INS_816950B82920,REQ_A0C56E8AF81B,33,800.0,v0.1
INS_816950B82920,REQ_A96763BDC001,34,15800.0,v0.1
INS_816950B82920,REQ_A5A119B7E53A,35,6490.0,v0.1
INS_816950B82920,REQ_AE2A0E091453,36,1000.0,v0.1
INS_816950B82920,REQ_98241D9AC674,37,160.0,v0.1
INS_816950B82920,REQ_0913FCEDDA24,38,14775.0,v0.1
INS_816950B82920,REQ_E9A74A0DE3BB,39,3120.0,v0.1
INS_816950B82920,REQ_6D32F6E48AC1,40,300.0,v0.1
INS_816950B82920,REQ_75A9D86054D9,41,22650.0,v0.1
INS_816950B82920,REQ_67664998A6BB,42,760.0,v0.1
INS_816950B82920,REQ_DEA7FE648136,43,1010.0,v0.1
INS_816950B82920,REQ_89A86762ECED,44,1050.0,v0.1
INS_816950B82920,REQ_F48615C30131,45,480.0,v0.1
INS_816950B82920,REQ_7A0A17E9FF66,46,17130.0,v0.1
INS_816950B82920,REQ_226E7F2D00BF,47,2750.0,v0.1
INS_816950B82920,REQ_320424CC45C9,48,1120.0,v0.1
INS_816950B82920,REQ_102EBBFCC628,49,30000.0,v0.1
INS_816950B82920,REQ_ACF326F6C1A9,50,30200.0,v0.1
INS_816950B82920,REQ_AEEEBEA27C1A,51,1880.0,v0.1
INS_816950B82920,REQ_CBB30DFC8BDA,52,1090.0,v0.1
INS_816950B82920,REQ_E7CDE578B3E3,53,14850.0,v0.1
INS_9D079F787575,REQ_00D7C1B87093,0,12970.0,v0.1
INS_9D079F787575,REQ_7693DD17A8F4,1,850.0,v0.1
INS_9D079F787575,REQ_06204ECE2FFC,2,730.0,v0.1
INS_9D079F787575,REQ_FF352E838EB0,3,770.0,v0.1
INS_9D079F787575,REQ_FEA7D43B8616,4,1220.0,v0.1
INS_9D079F787575,REQ_12638AE76F16,5,550.0,v0.1
INS_9D079F787575,REQ_8BB649EB5715,6,26810.0,v0.1
INS_9D079F787575,REQ_16BA646DDCD1,7,3230.0,v0.1
INS_A1F602B45031,REQ_72CAA28865E8,0,1610.0,v0.1
INS_A1F602B45031,REQ_BAD9A56BC435,1,440.0,v0.1
INS_A1F602B45031,REQ_CD3F67A69701,2,6560.0,v0.1
INS_A1F602B45031,REQ_1E484AB73806,3,250.0,v0.1
INS_A1F602B45031,REQ_48C5942ECA06,4,400.0,v0.1
INS_A1F602B45031,REQ_5D88AAD1F833,5,5680.0,v0.1
INS_A1F602B45031,REQ_2F0DAE05399C,6,8240.0,v0.1
INS_A1F602B45031,REQ_C244BA8E5602,7,30000.0,v0.1
INS_2C7D9800FDBD,REQ_C119F03EB0CD,0,30000.0,v0.1
INS_2C7D9800FDBD,REQ_8276FF2639DC,1,1850.0,v0.1
INS_2C7D9800FDBD,REQ_6968E667AC9A,2,30000.0,v0.1
INS_2C7D9800FDBD,REQ_BCDF407D1E8C,3,30000.0,v0.1
INS_2C7D9800FDBD,REQ_8DCA56023301,4,700.0,v0.1
INS_2C7D9800FDBD,REQ_009B913D2268,5,2690.0,v0.1
INS_2C7D9800FDBD,REQ_D6FC86ABFC09,6,10900.0,v0.1
INS_2C7D9800FDBD,REQ_8C7E3A8413FF,7,3110.0,v0.1
INS_2C7D9800FDBD,REQ_0DE85B8D4F91,8,30000.0,v0.1
INS_2C7D9800FDBD,REQ_D4D0B2FA3545,9,630.0,v0.1
INS_2C7D9800FDBD,REQ_6A39B0D15421,10,30000.0,v0.1
INS_2C7D9800FDBD,REQ_BE1E319A7FD6,11,480.0,v0.1
INS_2C7D9800FDBD,REQ_BF7E328E8BFD,12,810.0,v0.1
INS_2C7D9800FDBD,REQ_CBDBD2F15E9B,13,2520.0,v0.1
INS_2C7D9800FDBD,REQ_F18D00704628,14,7900.0,v0.1
INS_2C7D9800FDBD,REQ_5380AAB8698A,15,5090.0,v0.1
INS_2C7D9800FDBD,REQ_E3823E359C43,16,30000.0,v0.1
INS_2C7D9800FDBD,REQ_6D696A3B2C16,17,8050.000000000001,v0.1
INS_2C7D9800FDBD,REQ_1B118BFC769A,18,30000.0,v0.1
INS_2C7D9800FDBD,REQ_F0A10F651168,19,30000.0,v0.1
INS_2C7D9800FDBD,REQ_000067DE0D65,20,30000.0,v0.1
INS_2C7D9800FDBD,REQ_F7E22DEF3253,21,30000.0,v0.1
INS_2C7D9800FDBD,REQ_7A49574E69C8,22,30000.0,v0.1
INS_2C7D9800FDBD,REQ_EDF4E6BEE4E9,23,600.0,v0.1
INS_2C7D9800FDBD,REQ_7E154A96ADFA,24,30000.0,v0.1
INS_2C7D9800FDBD,REQ_908CB7D54068,25,30000.0,v0.1
INS_2C7D9800FDBD,REQ_ABBC5141EF00,26,30000.0,v0.1
INS_2C7D9800FDBD,REQ_6F5CF943F3DA,27,5800.0,v0.1
INS_2C7D9800FDBD,REQ_83F2D94932D7,28,650.0,v0.1
INS_2C7D9800FDBD,REQ_D53D4D034F90,29,30000.0,v0.1
INS_2C7D9800FDBD,REQ_D5C4F9338D84,30,11700.0,v0.1
INS_2C7D9800FDBD,REQ_85B3D8E07CE4,31,30000.0,v0.1
INS_2C7D9800FDBD,REQ_043454D02EE0,32,14270.0,v0.1
INS_2C7D9800FDBD,REQ_9AAB9312845B,33,30000.0,v0.1
INS_2C7D9800FDBD,REQ_9DD5773541AB,34,30000.0,v0.1
INS_2C7D9800FDBD,REQ_9A6A2F6EB06D,35,22920.0,v0.1
INS_2C7D9800FDBD,REQ_A1F61775D811,36,20490.0,v0.1
INS_2C7D9800FDBD,REQ_4EF17689986F,37,6800.0,v0.1
INS_2C7D9800FDBD,REQ_907A0379C16E,38,700.0,v0.1
INS_2C7D9800FDBD,REQ_6ABF4E9EA3F4,39,890.0,v0.1
INS_2C7D9800FDBD,REQ_B32472D7B43B,40,30000.0,v0.1
INS_2C7D9800FDBD,REQ_C7B8420E77BF,41,650.0,v0.1
INS_2C7D9800FDBD,REQ_942685006168,42,1970.0,v0.1
INS_F9988DEF1304,REQ_9B4311F431DC,0,7225.0,v0.1
INS_F9988DEF1304,REQ_4A2452F2D77D,1,18200.0,v0.1
INS_F9988DEF1304,REQ_DA7BA27FBEA8,2,1080.0,v0.1
INS_F9988DEF1304,REQ_1B7162A3DBDC,3,4450.0,v0.1
INS_F9988DEF1304,REQ_180AEAD865FD,4,24890.0,v0.1
INS_F9988DEF1304,REQ_350F6EDC872C,5,300.0,v0.1
INS_F9988DEF1304,REQ_CB430E732777,6,20580.0,v0.1
INS_F9988DEF1304,REQ_C946B3BD9465,7,15750.0,v0.1
INS_F9988DEF1304,REQ_0CCAF14C6D8A,8,11250.0,v0.1
INS_F9988DEF1304,REQ_8A70C8718005,9,30000.0,v0.1
INS_F9988DEF1304,REQ_E40A4545A431,10,11100.0,v0.1
INS_D87F2E1E8957,REQ_B41EFB2C648C,0,1340.0,v0.1
INS_D87F2E1E8957,REQ_3B24B4DD95C0,1,30000.0,v0.1
INS_D87F2E1E8957,REQ_957CCCCB0D6A,2,30000.0,v0.1
INS_D87F2E1E8957,REQ_B9DAE34A257C,3,6600.0,v0.1
INS_D87F2E1E8957,REQ_5E8FF134A4FA,4,2039.9999999999998,v0.1
INS_D87F2E1E8957,REQ_0EB3D16341F0,5,1140.0,v0.1
INS_D87F2E1E8957,REQ_A6EF7BBACC8D,6,390.0,v0.1
INS_D87F2E1E8957,REQ_EE9EF02672C0,7,30000.0,v0.1
INS_D87F2E1E8957,REQ_656E626A2FF3,8,250.0,v0.1
INS_D87F2E1E8957,REQ_CEEBA57EC93D,9,2780.0,v0.1
INS_D87F2E1E8957,REQ_5EC106A80691,10,29690.0,v0.1
INS_D87F2E1E8957,REQ_C73459155D74,11,4240.0,v0.1
INS_D87F2E1E8957,REQ_FED0525171EE,12,1450.0,v0.1
INS_D87F2E1E8957,REQ_FA3711095829,13,1250.0,v0.1
INS_D87F2E1E8957,REQ_763237809F23,14,110.00000000000001,v0.1
INS_D87F2E1E8957,REQ_BF1D054EAD1D,15,8060.0,v0.1
INS_D87F2E1E8957,REQ_448746C26A18,16,650.0,v0.1
INS_D87F2E1E8957,REQ_49DD3FFFEBD1,17,3870.0000000000005,v0.1
INS_D87F2E1E8957,REQ_5E7A45C18CCE,18,7990.0,v0.1
INS_D87F2E1E8957,REQ_3C56BC341A79,19,4620.0,v0.1
INS_D87F2E1E8957,REQ_D4F28EE1A08D,20,670.0,v0.1
INS_D87F2E1E8957,REQ_25AFCBF8A2CD,21,1710.0000000000002,v0.1
INS_D87F2E1E8957,REQ_1A1385922354,22,160.0,v0.1
INS_D87F2E1E8957,REQ_F6630F709884,23,5460.0,v0.1
INS_D87F2E1E8957,REQ_594C2059DC2E,24,1050.0,v0.1
INS_D87F2E1E8957,REQ_2E5CE27C3D31,25,6840.0,v0.1
INS_D87F2E1E8957,REQ_5741B5C1A57A,26,30000.0,v0.1
INS_D87F2E1E8957,REQ_64DC0F4E68F5,27,2900.0,v0.1
INS_D87F2E1E8957,REQ_F37340CE5A14,28,30000.0,v0.1
INS_D87F2E1E8957,REQ_3F2AC957EF66,29,5130.0,v0.1
INS_D87F2E1E8957,REQ_EBDA5DBCEDDA,30,30000.0,v0.1
INS_D87F2E1E8957,REQ_12FB74EB3C8D,31,30000.0,v0.1
INS_D87F2E1E8957,REQ_CEA89FE6B618,32,30000.0,v0.1
INS_D87F2E1E8957,REQ_8A78111E0CF8,33,220.0,v0.1
INS_D87F2E1E8957,REQ_B6DFDCB288A8,34,7090.0,v0.1
INS_D87F2E1E8957,REQ_6A036AC2559A,35,30000.0,v0.1
INS_268C2C42BAE4,REQ_CA0C60B7019D,0,14510.0,v0.1
INS_268C2C42BAE4,REQ_E44B821DF794,1,1750.0,v0.1
INS_268C2C42BAE4,REQ_052C1DA7016A,2,1250.0,v0.1
INS_268C2C42BAE4,REQ_3930D9CB4571,3,14690.0,v0.1
INS_268C2C42BAE4,REQ_02A4D2C95218,4,7009.999999999999,v0.1
INS_268C2C42BAE4,REQ_50D1B82E4457,5,5610.0,v0.1
INS_268C2C42BAE4,REQ_EDC4DFAA84FC,6,1980.0,v0.1
INS_268C2C42BAE4,REQ_F08CE2F7B556,7,500.0,v0.1
INS_268C2C42BAE4,REQ_09EC6B0C3B61,8,3080.0,v0.1
INS_268C2C42BAE4,REQ_BC77265535EE,9,2540.0,v0.1
INS_268C2C42BAE4,REQ_3A4B2BD6B7EC,10,12230.0,v0.1
INS_268C2C42BAE4,REQ_D554903867AF,11,720.0,v0.1
INS_268C2C42BAE4,REQ_4544441B2AF6,12,15100.0,v0.1
INS_268C2C42BAE4,REQ_E66ACCFF6F45,13,420.0,v0.1
INS_268C2C42BAE4,REQ_D6AD90D082A5,14,5230.0,v0.1
INS_268C2C42BAE4,REQ_127EF96C5730,15,1450.0,v0.1
INS_268C2C42BAE4,REQ_0A8BD9B02545,16,4640.0,v0.1
INS_268C2C42BAE4,REQ_D74FAA17251C,17,350.0,v0.1
INS_268C2C42BAE4,REQ_55CAB75C3742,18,1900.0,v0.1
INS_268C2C42BAE4,REQ_794F388ACD9D,19,980.0000000000001,v0.1
INS_268C2C42BAE4,REQ_EFBC537FB075,20,600.0,v0.1
INS_268C2C42BAE4,REQ_BD187C192424,21,4840.0,v0.1
INS_268C2C42BAE4,REQ_20DFE3D3908B,22,2560.0,v0.1
INS_268C2C42BAE4,REQ_F30593F94CBB,23,1050.0,v0.1
INS_268C2C42BAE4,REQ_B6D51AC2269E,24,10020.0,v0.1
INS_268C2C42BAE4,REQ_636BB439B67F,25,950.0,v0.1
INS_268C2C42BAE4,REQ_F5FB53B43F91,26,1340.0,v0.1
INS_268C2C42BAE4,REQ_7A8432891A0F,27,23030.0,v0.1
INS_5B87B35EA9E7,REQ_CAD6CD58B156,0,2250.0,v0.1
INS_5B87B35EA9E7,REQ_C2579E616674,1,3340.0,v0.1
INS_5B87B35EA9E7,REQ_8F0E339F79E2,2,1650.0,v0.1
INS_5B87B35EA9E7,REQ_9BDEA7CFFAB4,3,180.0,v0.1
INS_5B87B35EA9E7,REQ_B330BB96DE48,4,790.0,v0.1
INS_5B87B35EA9E7,REQ_CB61DE9026AC,5,1350.0,v0.1
INS_5B87B35EA9E7,REQ_D30CCAE7941C,6,150.0,v0.1
INS_5B87B35EA9E7,REQ_B30F695D4D1E,7,750.0,v0.1
INS_5B87B35EA9E7,REQ_588E1204D477,8,520.0,v0.1
INS_5B87B35EA9E7,REQ_5ECE5FAF1829,9,5110.0,v0.1
INS_07F479E9A75D,REQ_AF2B484A1A56,0,7400.0,v0.1
INS_07F479E9A75D,REQ_88C7F1F90B26,1,21020.0,v0.1
INS_07F479E9A75D,REQ_327A54613917,2,500.0,v0.1
INS_07F479E9A75D,REQ_735CB115FD32,3,21410.0,v0.1
INS_07F479E9A75D,REQ_FF331D289D12,4,390.0,v0.1
INS_07F479E9A75D,REQ_5C99F9516790,5,2180.0,v0.1
INS_07F479E9A75D,REQ_C41B2D319BE0,6,30000.0,v0.1
INS_07F479E9A75D,REQ_73390F43FA02,7,520.0,v0.1
INS_07F479E9A75D,REQ_9F9287F89BEE,8,3140.0,v0.1
INS_07F479E9A75D,REQ_A468C5F34266,9,2950.0,v0.1
INS_07F479E9A75D,REQ_B2F794267268,10,1200.0,v0.1
INS_07F479E9A75D,REQ_77D128EE40BF,11,1050.0,v0.1
INS_07F479E9A75D,REQ_0DAA0073A19F,12,459.99999999999994,v0.1
INS_07F479E9A75D,REQ_F2118825F801,13,900.0,v0.1
INS_07F479E9A75D,REQ_F579A6587629,14,4670.0,v0.1
INS_07F479E9A75D,REQ_95BFEF597572,15,6070.0,v0.1
INS_07F479E9A75D,REQ_225D78F5E75A,16,2380.0,v0.1
INS_07F479E9A75D,REQ_07A1FA5C78F9,17,1889.9999999999998,v0.1
INS_07F479E9A75D,REQ_4AC4C2E4F2B8,18,1190.0,v0.1
INS_07F479E9A75D,REQ_0E9C02EEFE6D,19,8230.0,v0.1
INS_07F479E9A75D,REQ_89F3F9DF5F9A,20,3030.0,v0.1
INS_07F479E9A75D,REQ_21C652607B79,21,7500.0,v0.1
INS_07F479E9A75D,REQ_AC90A22FF1C2,22,300.0,v0.1
INS_07F479E9A75D,REQ_34E21E9E088D,23,680.0,v0.1
INS_21EB057CE205,REQ_7FA6B07D602B,0,1550.0,v0.1
INS_21EB057CE205,REQ_966B338E8AF9,1,8540.0,v0.1
INS_21EB057CE205,REQ_5BD00395B899,2,30000.0,v0.1
INS_21EB057CE205,REQ_952302094D68,3,25790.0,v0.1
INS_21EB057CE205,REQ_0BFB79A89C42,4,830.0,v0.1
INS_21EB057CE205,REQ_A9F1AA6F46B2,5,28170.0,v0.1
INS_21EB057CE205,REQ_DFE88CC21383,6,800.0,v0.1
INS_21EB057CE205,REQ_D4039B19F64A,7,2650.0,v0.1
INS_21EB057CE205,REQ_F3BC7FF2C0CD,8,2750.0,v0.1
INS_21EB057CE205,REQ_82FFB58CEE26,9,2020.0,v0.1
INS_21EB057CE205,REQ_4B28389D8C08,10,5900.0,v0.1
INS_58891561739A,REQ_5F8811F69C3B,0,16700.0,v0.1
INS_58891561739A,REQ_D64634EF5EA1,1,4490.0,v0.1
INS_58891561739A,REQ_62A0C6B83D76,2,440.00000000000006,v0.1
INS_58891561739A,REQ_181AA2B30C7F,3,10380.0,v0.1
INS_58891561739A,REQ_618DFE35B7DE,4,440.0,v0.1
INS_58891561739A,REQ_3FD3135C6088,5,7550.0,v0.1
INS_58891561739A,REQ_030792E0F6D4,6,4650.0,v0.1
INS_58891561739A,REQ_10C9A9251E20,7,26740.0,v0.1
INS_58891561739A,REQ_2F81F52E052C,8,2750.0,v0.1
INS_58891561739A,REQ_8F6C7A311221,9,1200.0,v0.1
INS_58891561739A,REQ_01A90FBA2249,10,17450.0,v0.1
INS_58891561739A,REQ_1C63D5362EA4,11,4250.0,v0.1
INS_6B4158611D66,REQ_378774BA64C5,0,229.99999999999997,v0.1
INS_6B4158611D66,REQ_FEAE417025F5,1,30000.0,v0.1
INS_6B4158611D66,REQ_44FA0637F9DA,2,650.0,v0.1
INS_6B4158611D66,REQ_6235730B9E2A,3,2080.0,v0.1
INS_6B4158611D66,REQ_6B4C8C72B9A8,4,9040.0,v0.1
INS_6B4158611D66,REQ_FD59E788D819,5,19000.0,v0.1
INS_6B4158611D66,REQ_C7E12D600ED3,6,350.0,v0.1
INS_6B4158611D66,REQ_FB5D8E055B7F,7,2000.0,v0.1
INS_6B4158611D66,REQ_2D7259019F44,8,640.0,v0.1
INS_6B4158611D66,REQ_D16AB4BD8AB6,9,900.0,v0.1
INS_FF07CEBD7673,REQ_E1BF0F5D44C9,0,2600.0,v0.1
INS_FF07CEBD7673,REQ_2ED663694096,1,2290.0,v0.1
INS_FF07CEBD7673,REQ_3A87D44B024E,2,2180.0,v0.1
INS_FF07CEBD7673,REQ_F67CDC463918,3,1800.0,v0.1
INS_FF07CEBD7673,REQ_F4A23484DEFC,4,3440.0,v0.1
INS_FF07CEBD7673,REQ_4FA3372B01C3,5,1260.0,v0.1
INS_FF07CEBD7673,REQ_53723868217F,6,19210.0,v0.1
INS_FF07CEBD7673,REQ_F5FCBBC94563,7,30000.0,v0.1
INS_FF07CEBD7673,REQ_C1A831D980CD,8,11800.0,v0.1
INS_FF07CEBD7673,REQ_AE6C43106D30,9,5200.0,v0.1
INS_FF07CEBD7673,REQ_6FA5A03774A6,10,30000.0,v0.1
INS_FF07CEBD7673,REQ_413974CD0724,11,1160.0,v0.1
INS_FF07CEBD7673,REQ_4C0D80552341,12,8270.0,v0.1
INS_FF07CEBD7673,REQ_80D2BAE0EC76,13,800.0,v0.1
INS_FF07CEBD7673,REQ_CFDDAC7EEA13,14,600.0,v0.1
INS_FF07CEBD7673,REQ_62B986400730,15,1000.0,v0.1
INS_FF07CEBD7673,REQ_D0EADB547BE8,16,19760.0,v0.1
INS_FF07CEBD7673,REQ_459E8FEF26B5,17,620.0,v0.1
INS_FF07CEBD7673,REQ_BE24569CCEFB,18,1450.0,v0.1
INS_FF07CEBD7673,REQ_52D1906C9279,19,3440.0,v0.1
INS_FF07CEBD7673,REQ_2BA664D5D479,20,1350.0,v0.1
INS_FF07CEBD7673,REQ_5478B2F46745,21,30000.0,v0.1
INS_FF07CEBD7673,REQ_AD1BCDF736FE,22,17820.0,v0.1
INS_FF07CEBD7673,REQ_E6870273234C,23,6050.0,v0.1
INS_FF07CEBD7673,REQ_0F53DEE2FF6D,24,1010.0,v0.1
INS_961B38B4F42D,REQ_A8A796745767,0,2340.0,v0.1
INS_961B38B4F42D,REQ_D53D2A8D9117,1,30000.0,v0.1
INS_961B38B4F42D,REQ_92FD5EFD22D3,2,30000.0,v0.1
INS_961B38B4F42D,REQ_279C79809B7C,3,12260.0,v0.1
INS_961B38B4F42D,REQ_C2224BAB0D20,4,900.0,v0.1
INS_961B38B4F42D,REQ_74D80E6419D3,5,710.0,v0.1
INS_961B38B4F42D,REQ_86FEEDFC408F,6,21480.0,v0.1
INS_961B38B4F42D,REQ_6A9AD04808BF,7,1200.0,v0.1
INS_961B38B4F42D,REQ_F6D219960707,8,1440.0,v0.1
INS_961B38B4F42D,REQ_33E1A6788418,9,30000.0,v0.1
INS_961B38B4F42D,REQ_9CBAB0D00B27,10,30000.0,v0.1
INS_961B38B4F42D,REQ_66369F5FF960,11,2650.0,v0.1
INS_961B38B4F42D,REQ_65FBE0283CAF,12,30000.0,v0.1
INS_961B38B4F42D,REQ_394E24062C7F,13,30000.0,v0.1
INS_E4664ED5373C,REQ_EDDFE0D9F7E5,0,16670.0,v0.1
INS_E4664ED5373C,REQ_2760D7909711,1,2810.0,v0.1
INS_E4664ED5373C,REQ_D87D072B1D0D,2,13520.0,v0.1
INS_E4664ED5373C,REQ_D4A2097F4E30,3,5240.0,v0.1
INS_E4664ED5373C,REQ_7E61D5698435,4,4340.0,v0.1
INS_E4664ED5373C,REQ_CCDD9CAA83DA,5,2290.0,v0.1
INS_E4664ED5373C,REQ_A24C0669E19F,6,3629.9999999999995,v0.1
INS_E4664ED5373C,REQ_1E5623FE242E,7,250.0,v0.1
INS_E4664ED5373C,REQ_62B396703873,8,540.0,v0.1
INS_E4664ED5373C,REQ_C52CB717177B,9,150.0,v0.1
INS_E4664ED5373C,REQ_B82F77813B27,10,10700.0,v0.1
INS_E4664ED5373C,REQ_30476E6A7AC6,11,2370.0,v0.1
INS_DC3D13395405,REQ_1FD0692295B6,0,8880.0,v0.1
INS_DC3D13395405,REQ_E6B7D29719E2,1,950.0,v0.1
INS_DC3D13395405,REQ_FFA39CE913A8,2,1320.0,v0.1
INS_DC3D13395405,REQ_7BE7B7B0247E,3,30000.0,v0.1
INS_DC3D13395405,REQ_0ABF87E15F8B,4,380.0,v0.1
INS_DC3D13395405,REQ_BA2E1B45EBD8,5,9180.0,v0.1
INS_DC3D13395405,REQ_99D9408D1643,6,30000.0,v0.1
INS_DC3D13395405,REQ_EBB53EEBDAD6,7,1100.0,v0.1
INS_DC3D13395405,REQ_D3FE7FFB584D,8,1400.0,v0.1
INS_DC3D13395405,REQ_B622DD04D635,9,8780.0,v0.1
INS_DC3D13395405,REQ_4E0DB83E7CFB,10,5120.0,v0.1
INS_DC3D13395405,REQ_9007659B235B,11,1100.0,v0.1
INS_DC3D13395405,REQ_C32F8F008E06,12,5870.0,v0.1
INS_DC3D13395405,REQ_065C274CF952,13,7620.0,v0.1
INS_DC3D13395405,REQ_5EB4E5BFED9D,14,1100.0,v0.1
INS_DC3D13395405,REQ_B5A951A1FE6C,15,100.0,v0.1
INS_DC3D13395405,REQ_FF0944D2FF96,16,200.0,v0.1
INS_DC3D13395405,REQ_9D22CE7E3594,17,4110.0,v0.1
INS_DC3D13395405,REQ_C5874835CDD2,18,2840.0,v0.1
INS_DC3D13395405,REQ_3AB477DF906C,19,1270.0,v0.1
INS_DC3D13395405,REQ_C26B36F8B907,20,160.0,v0.1
INS_DC3D13395405,REQ_89B2D4A5256F,21,4320.0,v0.1
INS_DC3D13395405,REQ_E9D31F2201F6,22,960.0,v0.1
INS_DC3D13395405,REQ_1E64FD16C4AB,23,30000.0,v0.1
INS_DC3D13395405,REQ_C520E23274CB,24,8790.0,v0.1
INS_DC3D13395405,REQ_77244DB08E36,25,4600.0,v0.1
INS_DC3D13395405,REQ_DD4C08300B76,26,450.0,v0.1
INS_DC3D13395405,REQ_8FB98425D208,27,30000.0,v0.1
INS_DC3D13395405,REQ_81EB3632BDC9,28,110.00000000000001,v0.1
INS_DC3D13395405,REQ_E87671AA28E6,29,15930.0,v0.1
INS_DC3D13395405,REQ_EDC4F229C2F8,30,5230.0,v0.1
INS_DC3D13395405,REQ_1C525B544F65,31,5750.0,v0.1
INS_DC3D13395405,REQ_28F0401A8950,32,100.0,v0.1
INS_DC3D13395405,REQ_8A2F51F18DC8,33,5450.0,v0.1
INS_DC3D13395405,REQ_E5CDFFBE6A07,34,1700.0,v0.1
INS_DC3D13395405,REQ_1CCBB5B47BC2,35,2730.0,v0.1
INS_DC3D13395405,REQ_B63AEC9250C9,36,5960.0,v0.1
INS_DC3D13395405,REQ_1E2101AD981D,37,3900.0,v0.1
INS_DC3D13395405,REQ_7B8DD973CF8A,38,160.0,v0.1
INS_DC3D13395405,REQ_6B3FC9BA9A7E,39,150.0,v0.1
INS_DC3D13395405,REQ_EEF805A21F94,40,280.0,v0.1
INS_DC3D13395405,REQ_C748D4922CE8,41,3610.0,v0.1
INS_DC3D13395405,REQ_B39EB2C0F634,42,1940.0,v0.1
INS_DC3D13395405,REQ_7C8B8D0C4A82,43,30000.0,v0.1
INS_DC3D13395405,REQ_2E52CDCC7C47,44,1490.0,v0.1
INS_DC3D13395405,REQ_F1C09B657C89,45,30000.0,v0.1
INS_DC3D13395405,REQ_5236D55C6579,46,1630.0,v0.1
INS_DC3D13395405,REQ_E738AC80FD84,47,6270.0,v0.1
INS_DC3D13395405,REQ_EB1BB41A6CD1,48,240.0,v0.1
INS_DC3D13395405,REQ_B73AB1B84D44,49,1000.0,v0.1
INS_DC3D13395405,REQ_8891919A6A94,50,4300.0,v0.1
INS_A01A3C7D814A,REQ_79C8906CE538,0,4080.0,v0.1
INS_A01A3C7D814A,REQ_BFD8AAE149CC,1,940.0,v0.1
INS_A01A3C7D814A,REQ_2E6AB024F52F,2,910.0,v0.1
INS_A01A3C7D814A,REQ_96E2FB5E9D76,3,3590.0,v0.1
INS_A01A3C7D814A,REQ_21C652607B79,4,7500.0,v0.1
INS_A01A3C7D814A,REQ_AC90D3309E9E,5,3960.0,v0.1
INS_A01A3C7D814A,REQ_7099FCB81F23,6,500.0,v0.1
INS_A01A3C7D814A,REQ_21B585055EA0,7,20780.0,v0.1
INS_A01A3C7D814A,REQ_AB947473BF80,8,450.0,v0.1
INS_A01A3C7D814A,REQ_EFCEB9BD078B,9,450.0,v0.1
INS_A01A3C7D814A,REQ_D7CA7F0A15FC,10,18780.0,v0.1
INS_A01A3C7D814A,REQ_35C4C266F96B,11,6460.0,v0.1
INS_A01A3C7D814A,REQ_752CA8A0CA69,12,229.99999999999997,v0.1
INS_A01A3C7D814A,REQ_D7991D145302,13,4300.0,v0.1
INS_A01A3C7D814A,REQ_DA18A5C62C22,14,1090.0,v0.1
INS_A01A3C7D814A,REQ_715AD3F4B6A9,15,320.0,v0.1
INS_A01A3C7D814A,REQ_B6B9CBFB9076,16,2990.0,v0.1
INS_A01A3C7D814A,REQ_A9713FBE0F43,17,910.0,v0.1
INS_A01A3C7D814A,REQ_4476DC7FAF88,18,4670.0,v0.1
INS_A01A3C7D814A,REQ_10B384C5AC2A,19,1120.0,v0.1
INS_A01A3C7D814A,REQ_0E9C02EEFE6D,20,8230.0,v0.1
INS_A01A3C7D814A,REQ_53F99D971299,21,250.0,v0.1
INS_A01A3C7D814A,REQ_13AFDD294EED,22,4600.0,v0.1
INS_A01A3C7D814A,REQ_5D67E61D2B14,23,3700.0,v0.1
INS_A01A3C7D814A,REQ_E775F5F84C87,24,3670.0,v0.1
INS_A01A3C7D814A,REQ_B326E21DF26B,25,420.0,v0.1
INS_A01A3C7D814A,REQ_7B4FCA8A13A8,26,450.0,v0.1
INS_A01A3C7D814A,REQ_1CA3AB5F011E,27,8500.0,v0.1
INS_A01A3C7D814A,REQ_9D2A3EA9F0EF,28,950.0,v0.1
INS_A01A3C7D814A,REQ_F039590B9CD0,29,890.0,v0.1
INS_A01A3C7D814A,REQ_34E21E9E088D,30,680.0,v0.1
INS_A01A3C7D814A,REQ_A34F58093B61,31,2600.0,v0.1
INS_A01A3C7D814A,REQ_95BFEF597572,32,6070.0,v0.1
INS_A01A3C7D814A,REQ_B45123BF99E3,33,3500.0,v0.1
INS_A01A3C7D814A,REQ_1BE35CE21CC5,34,230.0,v0.1
INS_A01A3C7D814A,REQ_B9CD99A32717,35,1200.0,v0.1
INS_A01A3C7D814A,REQ_753011F2443B,36,1100.0,v0.1
INS_A01A3C7D814A,REQ_6BA0788AAAB5,37,700.0,v0.1
INS_C14494817EF2,REQ_28C25ABDC22E,0,80.0,v0.1
INS_C14494817EF2,REQ_AC910C0F76B2,1,30000.0,v0.1
INS_C14494817EF2,REQ_33162AD2C8EC,2,620.0,v0.1
INS_C14494817EF2,REQ_3B1E2E0BE7BF,3,1600.0,v0.1
INS_C14494817EF2,REQ_A8049D1AD744,4,130.0,v0.1
INS_C14494817EF2,REQ_90A98E26BAEC,5,5700.0,v0.1
INS_C14494817EF2,REQ_59D52A24064D,6,15570.0,v0.1
INS_C14494817EF2,REQ_627077CE64FD,7,1420.0,v0.1
INS_C14494817EF2,REQ_1AB216846095,8,850.0,v0.1
INS_C14494817EF2,REQ_A593D5E6E22D,9,1860.0000000000002,v0.1
INS_C14494817EF2,REQ_DE81721B4FF6,10,1750.0,v0.1
INS_C14494817EF2,REQ_DF3C7FDE473D,11,17230.0,v0.1
INS_C14494817EF2,REQ_64E44C81FFD5,12,1260.0,v0.1
INS_C14494817EF2,REQ_ACB6C4C00F13,13,5000.0,v0.1
INS_C14494817EF2,REQ_679BC58331F7,14,30000.0,v0.1
INS_3DCA91FD6A79,REQ_26D90CB272F3,0,1900.0,v0.1
INS_3DCA91FD6A79,REQ_AB84501C2EEC,1,19090.0,v0.1
INS_3DCA91FD6A79,REQ_8103691AAD01,2,2470.0,v0.1
INS_3DCA91FD6A79,REQ_3A7778EC5A95,3,1650.0,v0.1
INS_3DCA91FD6A79,REQ_A1512B26B6C2,4,650.0,v0.1
INS_3DCA91FD6A79,REQ_9F6B2B91C071,5,6320.0,v0.1
INS_3DCA91FD6A79,REQ_4C9716E9E4EF,6,30000.0,v0.1
INS_3DCA91FD6A79,REQ_73713042FBD8,7,360.0,v0.1
INS_3DCA91FD6A79,REQ_26EA1F7CFA43,8,1480.0,v0.1
INS_3DCA91FD6A79,REQ_B20C3CA3B909,9,1400.0,v0.1
INS_3DCA91FD6A79,REQ_2FFF9AE9527D,10,22420.0,v0.1
INS_3DCA91FD6A79,REQ_C3FFC6F13AD1,11,190.0,v0.1
INS_3DCA91FD6A79,REQ_9AF4E931C439,12,390.0,v0.1
INS_3DCA91FD6A79,REQ_DB33E380E52B,13,10930.0,v0.1
INS_4830FA4DD86B,REQ_BD00A086B652,0,25860.000000000004,v0.1
INS_4830FA4DD86B,REQ_5CD01982DEA4,1,9040.0,v0.1
INS_4830FA4DD86B,REQ_7E4272E8EE67,2,550.0,v0.1
INS_4830FA4DD86B,REQ_A356E7647DFF,3,2560.0,v0.1
INS_4830FA4DD86B,REQ_EC67EB5BABD6,4,919.9999999999999,v0.1
INS_4830FA4DD86B,REQ_CD215E758B6A,5,1300.0,v0.1
INS_4830FA4DD86B,REQ_E5350E5F0435,6,4350.0,v0.1
INS_4830FA4DD86B,REQ_E41125E2BCD7,7,450.0,v0.1
INS_4830FA4DD86B,REQ_BB3C66514DD8,8,120.0,v0.1
INS_4830FA4DD86B,REQ_A9C70AC440B6,9,380.0,v0.1
INS_CA8CC3DF2ABC,REQ_A040F095C1E1,0,2100.0,v0.1
INS_CA8CC3DF2ABC,REQ_7B76BC483CFF,1,4570.0,v0.1
INS_CA8CC3DF2ABC,REQ_5B0DB25AEC6B,2,14530.0,v0.1
INS_CA8CC3DF2ABC,REQ_33C78EF09DDC,3,180.0,v0.1
INS_CA8CC3DF2ABC,REQ_A412DF0B903A,4,560.0,v0.1
INS_CA8CC3DF2ABC,REQ_E0E52C04FDA4,5,13840.0,v0.1
INS_CA8CC3DF2ABC,REQ_AEEC8DF3BFDE,6,1110.0,v0.1
INS_CA8CC3DF2ABC,REQ_3913D6BB50F7,7,3760.0,v0.1
INS_CA8CC3DF2ABC,REQ_56B7FD5A2903,8,1120.0,v0.1
INS_CA8CC3DF2ABC,REQ_F5B35C7E5DD7,9,30000.0,v0.1
INS_CA8CC3DF2ABC,REQ_7D2300A52234,10,2300.0,v0.1
INS_CA8CC3DF2ABC,REQ_450E5B217501,11,23590.0,v0.1
INS_CA8CC3DF2ABC,REQ_2B6D8AC09656,12,880.0,v0.1
INS_CA8CC3DF2ABC,REQ_CED353E3D546,13,30000.0,v0.1
INS_CA8CC3DF2ABC,REQ_A2A26A16BD54,14,3000.0,v0.1
INS_CA8CC3DF2ABC,REQ_50C3A30E9544,15,3400.0,v0.1
INS_CA8CC3DF2ABC,REQ_B88D24431A3B,16,570.0,v0.1
INS_CA8CC3DF2ABC,REQ_38D54EB74363,17,700.0,v0.1
INS_CA8CC3DF2ABC,REQ_EB0B614EFAE0,18,900.0,v0.1
INS_CA8CC3DF2ABC,REQ_772777F91D25,19,2350.0,v0.1
INS_CA8CC3DF2ABC,REQ_E0DAA68D4B22,20,2660.0,v0.1
INS_CA8CC3DF2ABC,REQ_ADA2AB46A503,21,3510.0,v0.1
INS_CA8CC3DF2ABC,REQ_B768B32AD427,22,80.0,v0.1
INS_CA8CC3DF2ABC,REQ_1AE5A76346ED,23,8810.0,v0.1
INS_A4800159203D,REQ_B3AAC55CA6F6,0,1000.0,v0.1
INS_A4800159203D,REQ_A4B0D42FAE93,1,1350.0,v0.1
INS_A4800159203D,REQ_D55BEDA76FEC,2,509.99999999999994,v0.1
INS_A4800159203D,REQ_1E4D8A81DB04,3,580.0,v0.1
INS_A4800159203D,REQ_50E80C1FF316,4,5850.0,v0.1
INS_A4800159203D,REQ_4F2733BD3FE4,5,400.0,v0.1
INS_A4800159203D,REQ_331B55D498DE,6,2480.0,v0.1
INS_A4800159203D,REQ_A63279357873,7,2930.0,v0.1
INS_A4800159203D,REQ_F21EB54FB8F9,8,1100.0,v0.1
INS_A4800159203D,REQ_73C5D53C7726,9,10290.0,v0.1
INS_A4800159203D,REQ_57594670469F,10,750.0,v0.1
INS_A4800159203D,REQ_6A2CF6899AD7,11,850.0,v0.1
INS_A4800159203D,REQ_FDED3822362E,12,5720.0,v0.1
INS_A4800159203D,REQ_AC4AEEE3D128,13,640.0,v0.1
INS_CB0B6EA047F3,REQ_3EC24C692AE7,0,290.0,v0.1
INS_CB0B6EA047F3,REQ_E6F9FA37B0CA,1,17460.0,v0.1
INS_CB0B6EA047F3,REQ_1350300E16D9,2,23590.0,v0.1
INS_CB0B6EA047F3,REQ_EDB91E573C0E,3,4060.0,v0.1
INS_CB0B6EA047F3,REQ_F730C3A66039,4,24900.0,v0.1
INS_CB0B6EA047F3,REQ_9584C08AD877,5,919.9999999999999,v0.1
INS_CB0B6EA047F3,REQ_0AE7844DEE5A,6,30000.0,v0.1
INS_CB0B6EA047F3,REQ_A11A4BE2914D,7,30000.0,v0.1
INS_96944852A04D,REQ_9EF709420473,0,21920.0,v0.1
INS_96944852A04D,REQ_456881F0BC67,1,30000.0,v0.1
INS_96944852A04D,REQ_44AC8A2E9FF7,2,19500.0,v0.1
INS_96944852A04D,REQ_A3B267051658,3,22480.0,v0.1
INS_96944852A04D,REQ_E74EE37E0E0B,4,13730.0,v0.1
INS_96944852A04D,REQ_5CB3314F49C3,5,30000.0,v0.1
INS_96944852A04D,REQ_90A4E616152A,6,27730.0,v0.1
INS_96944852A04D,REQ_290207E6E90E,7,20590.0,v0.1
INS_96944852A04D,REQ_D41663ABDA7E,8,18930.0,v0.1
INS_96944852A04D,REQ_EBCCFA1E6A7F,9,17640.0,v0.1
INS_96944852A04D,REQ_0305DEE325F4,10,27480.0,v0.1
INS_96944852A04D,REQ_058AB67159C6,11,30000.0,v0.1
INS_96944852A04D,REQ_ECEB0B1438B0,12,26630.0,v0.1
INS_A98CA442CC26,REQ_B8F9981163A8,0,90.0,v0.1
INS_A98CA442CC26,REQ_5C51DC7595BE,1,2700.0,v0.1
INS_A98CA442CC26,REQ_CDA4AF8B67A7,2,11120.0,v0.1
INS_A98CA442CC26,REQ_9C5D588A5E0E,3,5610.0,v0.1
INS_A98CA442CC26,REQ_C5FA5DE356E7,4,6880.0,v0.1
INS_A98CA442CC26,REQ_5A19BCB62F60,5,24120.0,v0.1
INS_A98CA442CC26,REQ_E2CF5582BBC1,6,2380.0,v0.1
INS_A98CA442CC26,REQ_671EE05D13B7,7,1670.0,v0.1
INS_A98CA442CC26,REQ_5B145CA33318,8,2390.0,v0.1
INS_A98CA442CC26,REQ_1D7DA6AF424C,9,15560.0,v0.1
INS_A98CA442CC26,REQ_CCC46E8CBED2,10,30000.0,v0.1
INS_A98CA442CC26,REQ_E27CECDAAF22,11,1370.0,v0.1
INS_A98CA442CC26,REQ_2D8D3C2E36C0,12,170.0,v0.1
INS_A98CA442CC26,REQ_153EF02BF03C,13,9530.0,v0.1
INS_A98CA442CC26,REQ_484E0295CC24,14,16810.0,v0.1
INS_A98CA442CC26,REQ_C165449042E8,15,3160.0,v0.1
